202401181250 0.000015742 0.000031540
202401221100 0.000018550 0.000020395
202401291321 0.000010892 0.000021551
202402071317 0.000012191 0.000017005
202402081107 0.000006377 0.000012756
202402131116 0.000007043 0.000012191
202402191131 0.000013812 0.000011963
202402261154 0.000011260 0.000011061
202403041133 0.000028766 0.000017011
202403111217 0.000014086 0.000013112
202403191047 0.000014911 0.000020109
202403251407 0.000042183 0.000016147
202404011045 0.000003703 0.000014885
202404101010 0.000016340 0.000009886
202404151134 0.000018562 0.000017239
202404171400 0.000009057 0.000015087
202404221142 0.000032195 0.000016915
202404251118 0.000020962 0.000015436
202404301146 0.000015349 0.000013099
202405071327 0.000005590 0.000016636
202405131248 0.000012238 0.000018852
202405171307 0.000028398 0.000017372
202405221319 0.000016378 0.000016617
202405271230 0.000017089 0.000020833
202405311536 0.000017984 0.000010064
202406041351 0.000018035 0.000009962
202406071509 0.000018403 -0.000000845
202406111255 0.000020118 0.000021265
202406141237 0.000015673 0.000016312
202406171112 0.000011228 0.000011169
202406241205 0.000014987 0.000013340