38.25510811282075 140.8284225426981
38.255106514 140.828430294
38.255104915179245 140.82843804530188
38.255020928820755 140.8283968386981
38.25501933 140.82840459
38.25501773117925 140.82841234130188
38.25503311982075 140.8283264836981
38.255031521 140.828334235
38.25502992217925 140.8283419863019
38.25512060082075 140.8283521576981
38.255119002 140.828359909
38.25511740317925 140.8283676603019
38.25513050982075 140.8282813196981
38.255128911 140.828289071
38.25512731217925 140.8282968223019
38.25504648382075 140.8282567046981
38.255044885 140.828264456
38.255043286179244 140.8282722073019