140.82813798888319,38.25516792492056 140.82814574911683,38.25516631907944 140.8281326621203,38.25514953918861 140.82814042235395,38.25514793334749 
140.82813341088317,38.25514965292056 140.8281411711168,38.25514804707944 140.8281280841203,38.2551312671886 140.82813584435394,38.25512966134748 
140.82812773788316,38.25513046892056 140.8281354981168,38.25512886307944 140.8281224111203,38.25511208318861 140.82813017135393,38.255110477347486 
140.82812379488317,38.25511268992056 140.8281315551168,38.25511108407944 140.8281184681203,38.2550943041886 140.82812622835394,38.25509269834748 
140.82811817288317,38.25509412592056 140.8281259331168,38.25509252007944 140.8281128461203,38.2550757401886 140.82812060635393,38.25507413434748 
140.82811252988319,38.25507599592056 140.82812029011683,38.25507439007944 140.8281072031203,38.25505761018861 140.82811496335395,38.25505600434749 
140.82813057688318,38.25516900692056 140.82813833711683,38.25516740107944 140.8281252501203,38.255150621188605 140.82813301035395,38.255149015347484 
140.82812446688317,38.25515098792056 140.8281322271168,38.25514938207944 140.8281191401203,38.2551326021886 140.82812690035394,38.25513099634748 
140.8281199338832,38.25513253092056 140.82812769411683,38.25513092507944 140.8281146071203,38.25511414518861 140.82812236735396,38.255112539347486 
140.82811444388318,38.25511429692056 140.82812220411682,38.25511269107944 140.8281091171203,38.255095911188604 140.82811687735395,38.255094305347484 
140.82810922788317,38.25509629392056 140.82811698811682,38.25509468807944 140.8281039011203,38.2550779081886 140.82811166135394,38.25507630234748 
140.82810429888318,38.25507793492056 140.82811205911682,38.25507632907944 140.8280989721203,38.2550595491886 140.82810673235394,38.25505794334748 
140.82812371388317,38.25517128192056 140.82813147411682,38.25516967607944 140.8281183871203,38.255152896188605 140.82812614735394,38.255151290347484 
140.82811858588317,38.25515297592056 140.82812634611682,38.25515137007944 140.8281132591203,38.255134590188604 140.82812101935394,38.25513298434748 
140.82811314288318,38.25513452992056 140.82812090311683,38.25513292407944 140.8281078161203,38.255116144188605 140.82811557635395,38.255114538347485 
140.8281078988832,38.25511579492056 140.82811565911683,38.25511418907944 140.82810257212032,38.25509740918861 140.82811033235396,38.25509580334749 
140.82810233888318,38.25509808792056 140.82811009911683,38.25509648207944 140.8280970121203,38.2550797021886 140.82810477235395,38.25507809634748 
140.8280972778832,38.25507896692056 140.82810503811683,38.25507736107944 140.8280919511203,38.2550605811886 140.82809971135396,38.25505897534748 
140.82811469988317,38.25517188292056 140.82812246011682,38.255170277079436 140.8281093731203,38.2551534971886 140.82811713335394,38.25515189134748 
140.8281096618832,38.25515417892056 140.82811742211683,38.25515257307944 140.82810433512032,38.25513579318861 140.82811209535396,38.25513418734749 
140.82810432288318,38.25513622792056 140.82811208311682,38.25513462207944 140.8280989961203,38.255117842188604 140.82810675635395,38.25511623634748 
140.82809934088317,38.25511730292056 140.8281071011168,38.25511569707944 140.8280940141203,38.255098917188604 140.82810177435394,38.255097311347484 
140.8280939638832,38.25509921392056 140.82810172411683,38.25509760807944 140.82808863712032,38.2550808281886 140.82809639735396,38.25507922234748 
140.82808841488318,38.25508044092056 140.82809617511683,38.25507883507944 140.8280830881203,38.2550620551886 140.82809084835395,38.25506044934748 
140.8281076058832,38.25517439792056 140.82811536611683,38.25517279207944 140.82810227912032,38.25515601218861 140.82811003935396,38.255154406347486 
140.82810254888318,38.25515661292056 140.82811030911682,38.25515500707944 140.8280972221203,38.2551382271886 140.82810498235395,38.25513662134748 
140.82809693288317,38.25513831592056 140.8281046931168,38.25513671007944 140.8280916061203,38.255119930188606 140.82809936635394,38.255118324347485 
140.82809198988318,38.25511975592056 140.82809975011682,38.25511815007944 140.8280866631203,38.255101370188605 140.82809442335395,38.255099764347484 
140.82808615288317,38.25510133092056 140.82809391311682,38.25509972507944 140.8280808261203,38.255082945188605 140.82808858635394,38.255081339347484 
140.82808117088317,38.25508249292056 140.8280889311168,38.25508088707944 140.8280758441203,38.2550641071886 140.82808360435394,38.25506250134748 
140.82810007888318,38.25517561992056 140.82810783911683,38.25517401407944 140.8280947521203,38.2551572341886 140.82810251235395,38.25515562834748 
140.82809496588317,38.25515768792056 140.8281027261168,38.25515608207944 140.8280896391203,38.2551393021886 140.82809739935394,38.25513769634748 
140.82808905988318,38.25513953492056 140.82809682011683,38.25513792907944 140.8280837331203,38.255121149188604 140.82809149335395,38.25511954334748 
140.82808337588318,38.25512044492056 140.82809113611683,38.25511883907944 140.8280780491203,38.2551020591886 140.82808580935395,38.25510045334748 
140.82807752088317,38.25510242392056 140.8280852811168,38.25510081807944 140.8280721941203,38.255084038188606 140.82807995435394,38.255082432347486 
140.8280726088832,38.25508373792056 140.82808036911683,38.25508213207944 140.82806728212032,38.2550653521886 140.82807504235396,38.25506374634748 
140.82809153388317,38.25517675492056 140.8280992941168,38.25517514907944 140.8280862071203,38.25515836918861 140.82809396735394,38.255156763347486 
140.8280869978832,38.25515892992056 140.82809475811683,38.25515732407944 140.82808167112032,38.255140544188606 140.82808943135396,38.255138938347486 
140.8280812788832,38.25514082092056 140.82808903911683,38.25513921507944 140.82807595212032,38.2551224351886 140.82808371235396,38.25512082934748 
140.8280766968832,38.25512196892056 140.82808445711683,38.25512036307944 140.8280713701203,38.25510358318861 140.82807913035396,38.255101977347486 
140.82807047888318,38.255103864920564 140.82807823911682,38.25510225907944 140.8280651521203,38.25508547918861 140.82807291235395,38.25508387334749 
140.82806618788317,38.25508467392056 140.8280739481168,38.255083068079436 140.8280608611203,38.2550662881886 140.82806862135394,38.25506468234748 
140.8280851218832,38.25517937392056 140.82809288211683,38.25517776807944 140.82807979512032,38.25516098818861 140.82808755535396,38.255159382347486 
140.82807965488317,38.255161271920564 140.8280874151168,38.25515966607944 140.8280743281203,38.25514288618861 140.82808208835394,38.25514128034749 
140.82807346988318,38.25514244392056 140.82808123011682,38.25514083807944 140.8280681431203,38.255124058188606 140.82807590335395,38.255122452347486 
140.82806874888317,38.25512488192056 140.8280765091168,38.25512327607944 140.8280634221203,38.2551064961886 140.82807118235394,38.25510489034748 
140.8280622538832,38.25510684792056 140.82807001411683,38.25510524207944 140.82805692712031,38.2550884621886 140.82806468735396,38.25508685634748 
140.82805798988318,38.25508663292056 140.82806575011682,38.25508502707944 140.8280526631203,38.2550682471886 140.82806042335395,38.25506664134748 
140.8280779568832,38.25518072192056 140.82808571711683,38.25517911607944 140.82807263012032,38.255162336188604 140.82808039035396,38.255160730347484 
140.82807146888317,38.25516304592056 140.8280792291168,38.25516144007944 140.8280661421203,38.255144660188606 140.82807390235394,38.255143054347485 
140.8280657048832,38.25514412492056 140.82807346511683,38.25514251907944 140.8280603781203,38.25512573918861 140.82806813835396,38.255124133347486 
140.82806099688318,38.25512630292056 140.82806875711682,38.25512469707944 140.8280556701203,38.2551079171886 140.82806343035395,38.25510631134748 
140.82805475488317,38.25510783492056 140.8280625151168,38.25510622907944 140.8280494281203,38.2550894491886 140.82805718835394,38.25508784334748 
140.8280493858832,38.25508887092056 140.82805714611683,38.25508726507944 140.82804405912032,38.255070485188604 140.82805181935396,38.25506887934748 
140.82806919388318,38.25518340992056 140.82807695411682,38.25518180407944 140.8280638671203,38.25516502418861 140.82807162735395,38.255163418347486 
140.82806404788317,38.25516490892056 140.82807180811682,38.25516330307944 140.8280587211203,38.25514652318861 140.82806648135394,38.25514491734749 
140.82805890488316,38.25514554892056 140.8280666651168,38.25514394307944 140.8280535781203,38.255127163188604 140.82806133835393,38.25512555734748 
140.8280529118832,38.25512810492056 140.82806067211683,38.25512649907944 140.82804758512032,38.2551097191886 140.82805534535396,38.25510811334748 
140.82804709588316,38.25510915692056 140.8280548561168,38.25510755107944 140.8280417691203,38.255090771188605 140.82804952935393,38.255089165347485 
140.82804226188318,38.25509070392056 140.82805002211683,38.25508909807944 140.8280369351203,38.2550723181886 140.82804469535395,38.25507071234748 
140.82806064488318,38.25518427992056 140.82806840511682,38.25518267407944 140.8280553181203,38.25516589418861 140.82806307835395,38.25516428834749 
140.82805646888318,38.25516658292056 140.82806422911682,38.25516497707944 140.8280511421203,38.2551481971886 140.82805890235394,38.25514659134748 
140.82805047788318,38.25514801092056 140.82805823811682,38.25514640507944 140.8280451511203,38.2551296251886 140.82805291135395,38.25512801934748 
140.82804538888317,38.255129499920564 140.8280531491168,38.25512789407944 140.8280400621203,38.25511111418861 140.82804782235394,38.25510950834749 
140.82803881388318,38.25511165192056 140.82804657411683,38.25511004607944 140.8280334871203,38.2550932661886 140.82804124735395,38.25509166034748 
140.8280338818832,38.25509247392056 140.82804164211683,38.25509086807944 140.8280285551203,38.25507408818861 140.82803631535396,38.25507248234749 
140.8280531888832,38.25518628492056 140.82806094911683,38.25518467907944 140.82804786212031,38.255167899188606 140.82805562235396,38.255166293347486 
140.82804780088318,38.25516775992056 140.82805556111683,38.25516615407944 140.8280424741203,38.255149374188605 140.82805023435395,38.255147768347484 
140.82804276488318,38.25514951392056 140.82805052511682,38.25514790807944 140.8280374381203,38.2551311281886 140.82804519835395,38.25512952234748 
140.82803671788318,38.25513068192056 140.82804447811682,38.25512907607944 140.8280313911203,38.25511229618861 140.82803915135395,38.255110690347486 
140.82803127688317,38.25511247992056 140.8280390371168,38.25511087407944 140.8280259501203,38.25509409418861 140.82803371035394,38.255092488347486 
140.82802662388318,38.25509408392056 140.82803438411682,38.25509247807944 140.8280212971203,38.255075698188605 140.82802905735394,38.255074092347485 
140.82804499388317,38.25518793592056 140.8280527541168,38.25518633007944 140.8280396671203,38.255169550188604 140.82804742735394,38.255167944347484 
140.82804054888317,38.25516943592056 140.8280483091168,38.255167830079436 140.8280352221203,38.2551510501886 140.82804298235394,38.25514944434748 
140.82803483088318,38.25515134692056 140.82804259111683,38.25514974107944 140.8280295041203,38.25513296118861 140.82803726435395,38.25513135534749 
140.8280291488832,38.25513279592056 140.82803690911683,38.25513119007944 140.82802382212031,38.255114410188604 140.82803158235396,38.25511280434748 
140.82802378388317,38.25511423692056 140.8280315441168,38.25511263107944 140.8280184571203,38.25509585118861 140.82802621735394,38.255094245347486 
140.82801885088318,38.25509558692056 140.82802661111683,38.25509398107944 140.8280135241203,38.255077201188605 140.82802128435395,38.255075595347485 
140.82803768588317,38.25518929192056 140.82804544611682,38.25518768607944 140.8280323591203,38.2551709061886 140.82804011935394,38.25516930034748 
140.82803201188318,38.25517178992056 140.82803977211682,38.25517018407944 140.8280266851203,38.255153404188604 140.82803444535395,38.255151798347484 
140.82802624188318,38.25515272292056 140.82803400211682,38.25515111707944 140.8280209151203,38.25513433718861 140.82802867535395,38.25513273134749 
140.8280210568832,38.25513432292056 140.82802881711683,38.25513271707944 140.8280157301203,38.255115937188606 140.82802349035396,38.255114331347485 
140.8280161278832,38.25511586592056 140.82802388811683,38.25511426007944 140.8280108011203,38.2550974801886 140.82801856135396,38.25509587434748 
140.82801140888319,38.25509752292056 140.82801916911683,38.25509591707944 140.8280060821203,38.2550791371886 140.82801384235395,38.25507753134748 
140.8280305838832,38.25518974292056 140.82803834411683,38.255188137079436 140.82802525712032,38.2551713571886 140.82803301735396,38.25516975134748 
140.82802484988318,38.25517224592056 140.82803261011682,38.25517064007944 140.8280195231203,38.25515386018861 140.82802728335395,38.255152254347486 
140.8280191728832,38.25515456792056 140.82802693311683,38.25515296207944 140.8280138461203,38.25513618218861 140.82802160635396,38.25513457634749 
140.8280134808832,38.25513544492056 140.82802124111683,38.25513383907944 140.8280081541203,38.255117059188606 140.82801591435395,38.255115453347486 
140.82800809788318,38.25511751592056 140.82801585811683,38.25511591007944 140.8280027711203,38.255099130188604 140.82801053135395,38.255097524347484 
140.82800303188318,38.255099271920564 140.82801079211683,38.25509766607944 140.8279977051203,38.25508088618861 140.82800546535395,38.25507928034749 
140.8280230938832,38.25519231892056 140.82803085411683,38.255190713079436 140.82801776712031,38.2551739331886 140.82802552735396,38.25517232734748 
140.82801726288318,38.25517406892056 140.82802502311682,38.25517246307944 140.8280119361203,38.255155683188605 140.82801969635395,38.255154077347484 
140.8280112338832,38.25515542492056 140.82801899411683,38.25515381907944 140.8280059071203,38.255137039188604 140.82801366735396,38.25513543334748 
140.82800638988317,38.25513683792056 140.82801415011681,38.25513523207944 140.8280010631203,38.255118452188604 140.82800882335394,38.255116846347484 
140.82800208388318,38.255119107920564 140.82800984411682,38.25511750207944 140.8279967571203,38.25510072218861 140.82800451735395,38.25509911634749 
140.8279957828832,38.25510042692056 140.82800354311684,38.25509882107944 140.82799045612032,38.25508204118861 140.82799821635396,38.25508043534749 
140.82801493088317,38.25519425192056 140.82802269111681,38.255192646079436 140.8280096041203,38.2551758661886 140.82801736435394,38.25517426034748 
140.82841865364952,38.25510892276168 140.82842641388316,38.25510731692056 140.82841332688665,38.25509053702972 140.8284210871203,38.2550889311886 
140.8284341741168,38.25510571107944 140.82844193435045,38.25510410523832 140.82842884735393,38.25508732534748 140.82843660758758,38.25508571950636 
140.82842641388316,38.25510731692056 140.8284341741168,38.25510571107944 140.8284210871203,38.2550889311886 140.82842884735393,38.25508732534748 
140.82839294964953,38.255021738761684 140.82840070988317,38.25502013292056 140.82838762288665,38.25500335302973 140.8283953831203,38.25500174718861 
140.8284084701168,38.25501852707944 140.82841623035046,38.25501692123832 140.82840314335394,38.25500014134749 140.82841090358758,38.25499853550637 
140.82840070988317,38.25502013292056 140.8284084701168,38.25501852707944 140.8283953831203,38.25500174718861 140.82840314335394,38.25500014134749 
140.82832259464953,38.25503392976168 140.82833035488318,38.25503232392056 140.82831726788666,38.255015544029725 140.8283250281203,38.255013938188604 
140.82833811511682,38.25503071807944 140.82834587535046,38.25502911223832 140.82833278835395,38.25501233234748 140.8283405485876,38.25501072650636 
140.82833035488318,38.25503232392056 140.82833811511682,38.25503071807944 140.8283250281203,38.255013938188604 140.82833278835395,38.25501233234748 
140.82834826864953,38.25512141076168 140.82835602888318,38.25511980492056 140.82834294188666,38.255103025029726 140.8283507021203,38.255101419188605 
140.82836378911682,38.25511819907944 140.82837154935046,38.25511659323832 140.82835846235395,38.255099813347485 140.8283662225876,38.255098207506364 
140.82835602888318,38.25511980492056 140.82836378911682,38.25511819907944 140.8283507021203,38.255101419188605 140.82835846235395,38.255099813347485 
140.82827743064954,38.25513131976168 140.82828519088318,38.25512971392056 140.82827210388666,38.255112934029725 140.8282798641203,38.255111328188605 
140.82829295111682,38.25512810807944 140.82830071135047,38.25512650223832 140.82828762435395,38.255109722347484 140.8282953845876,38.255108116506364 
140.82828519088318,38.25512971392056 140.82829295111682,38.25512810807944 140.8282798641203,38.255111328188605 140.82828762435395,38.255109722347484 
140.82825281564953,38.25504729376168 140.82826057588318,38.25504568792056 140.82824748888666,38.25502890802972 140.8282552491203,38.2550273021886 
140.82826833611682,38.255044082079436 140.82827609635046,38.255042476238316 140.82826300935395,38.25502569634748 140.8282707695876,38.25502409050636 
140.82826057588318,38.25504568792056 140.82826833611682,38.255044082079436 140.8282552491203,38.2550273021886 140.82826300935395,38.25502569634748 
