38.255167122 140.828141869
38.25514885 140.828137291
38.255129666 140.828131618
38.255111887 140.828127675
38.255093323 140.828122053
38.255075193 140.82811641
38.255059492 140.828110569
38.255168204 140.828134457
38.255150185 140.828128347
38.255131728 140.828123814
38.255113494 140.828118324
38.255095491 140.828113108
38.255077132 140.828108179
38.255060768 140.828103542
38.255170479 140.828127594
38.255152173 140.828122466
38.255133727 140.828117023
38.255114992 140.828111779
38.255097285 140.828106219
38.255078164 140.828101158
38.255061858 140.828095571
38.25517108 140.82811858
38.255153376 140.828113542
38.255135425 140.828108203
38.2551165 140.828103221
38.255098411 140.828097844
38.255079638 140.828092295
38.255062809 140.828087877
38.255173595 140.828111486
38.25515581 140.828106429
38.255137513 140.828100813
38.255118953 140.82809587
38.255100528 140.828090033
38.25508169 140.828085051
38.255064302 140.828079962
38.255174817 140.828103959
38.255156885 140.828098846
38.255138732 140.82809294
38.255119642 140.828087256
38.255101621 140.828081401
38.255082935 140.828076489
38.255065098 140.828072171
38.255175952 140.828095414
38.255158127 140.828090878
38.255140018 140.828085159
38.255121166 140.828080577
38.255103062 140.828074359
38.255083871 140.828070068
38.255066678 140.828064946
38.255178571 140.828089002
38.255160469 140.828083535
38.255141641 140.82807735
38.255124079 140.828072629
38.255106045 140.828066134
38.25508583 140.82806187
38.255067846 140.828056401
38.255179919 140.828081837
38.255162243 140.828075349
38.255143322 140.828069585
38.2551255 140.828064877
38.255107032 140.828058635
38.255088068 140.828053266
38.255069294 140.828048224
38.255182607 140.828073074
38.255164106 140.828067928
38.255144746 140.828062785
38.255127302 140.828056792
38.255108354 140.828050976
38.255089901 140.828046142
38.255070792 140.828040623
38.255183477 140.828064525
38.25516578 140.828060349
38.255147208 140.828054358
38.255128697 140.828049269
38.255110849 140.828042694
38.255091671 140.828037762
38.255071901 140.828033026
38.255185482 140.828057069
38.255166957 140.828051681
38.255148711 140.828046645
38.255129879 140.828040598
38.255111677 140.828035157
38.255093281 140.828030504
38.255073257 140.828024505
38.255187133 140.828048874
38.255168633 140.828044429
38.255150544 140.828038711
38.255131993 140.828033029
38.255113434 140.828027664
38.255094784 140.828022731
38.255074717 140.828016174
38.255188489 140.828041566
38.255170987 140.828035892
38.25515192 140.828030122
38.25513352 140.828024937
38.255115063 140.828020008
38.25509672 140.828015289
38.255075452 140.828009762
38.25518894 140.828034464
38.255171443 140.82802873
38.255153765 140.828023053
38.255134642 140.828017361
38.255116713 140.828011978
38.255098469 140.828006912
38.255077829 140.828002188
38.255191516 140.828026974
38.255173266 140.828021143
38.255154622 140.828015114
38.255136035 140.82801027
38.255118305 140.828005964
38.255099624 140.827999663
38.255079707 140.827994882 
38.255193449 140.828018811