1
DJI_20250326101253_0414_D:[2277.42761218 2584.06390179],[2324.75667632 1785.98512137],[4082.84890219 2000.74054058],[4058.06922505 2800.40942353]
DJI_20250326101039_0347_D:[3845.30761349 1575.86213114],[3825.31350621 1978.94689493],[2926.7266954  1875.71098724],[2945.47210231 1480.68512895]
DJI_20250326101255_0415_D:[2244.94794513 3600.24788939],[2294.9729685  2787.54604277],[4065.95366786 3009.01090105],[4031.59428868 3819.2758716 ]
DJI_20250326101041_0348_D:[3869.45491848 2297.52826783],[3853.71549236 2706.7048626 ],[2938.81349097 2599.51999472],[2952.80032924 2198.31828397]
DJI_20250326101251_0413_D:[2557.91699265 1806.5609838 ],[2581.0132556  1395.90471402],[3475.10827423 1518.10176236],[3453.92899744 1920.82721212]
DJI_20250326101037_0346_D:[5003.62045525  438.59950027],[4956.34477662 1180.98093993],[3329.38652811  992.8056246 ],[3365.57176814  241.51992584]
DJI_20250326101249_0412_D:[2571.15620495 1321.35762354],[2594.88850256  914.62104463],[3482.59448624 1046.81578083],[3461.10691321 1445.86406467]
DJI_20250326101043_0349_D:[3791.71935115 2890.052286  ],[3772.91564759 3297.50993934],[2860.76467608 3174.33174103],[2877.240404   2774.21422298]
DJI_20250326100915_0305_D:[ 432.84924382 1953.20413194],[ 461.15910968 1529.0381961 ],[1419.47617731 1651.58910934],[1393.80755587 2069.08930111]
DJI_20250326100917_0306_D:[ 382.89665043 2455.15295477],[ 408.98207611 2020.55682886],[1389.96565484 2135.66806225],[1365.46364714 2563.29054992]
2
DJI_20250326101421_0458_D:[3446.68674122 1665.9158937 ],[3384.63535711 2481.34645293],[1571.92346041 2244.09164688],[1612.298331   1422.63117313]
DJI_20250326101419_0457_D:[3634.57244245  679.14730924],[3571.99559866 1488.42390637],[1791.04575035 1245.45557826],[1838.27984413  431.60662842]
DJI_20250326101251_0413_D:[1436.05315798 2022.95340162],[1460.79731253 1607.4677652 ],[2385.8291274 1725.6719972],[2362.64980287 2134.92359746]
DJI_20250326101423_0459_D:[3366.28594874 2677.08109655],[3300.20722773 3501.01423913],[1434.99114308 3259.66881776],[1471.31698016 2428.14895129]
DJI_20250326101249_0412_D:[1456.19362477 1529.32953742],[1482.08702829 1117.56373754],[2400.26535315 1243.59003746],[2376.38993315 1649.5346337 ]
DJI_20250326101253_0414_D:[ 194.79204963 2978.21756828],[ 259.59200434 2200.44191175],[1957.76554028 2418.38904395],[1907.91087201 3214.68306466]
DJI_20250326101627_0521_D:[3456.76494525 2167.90216682],[3498.11733853 1449.23196338],[5081.49759094 1673.28477868],[5059.58270549 2392.06307908]
DJI_20250326101629_0522_D:[3351.92552477 3111.20867499],[3398.62863077 2375.88620925],[4998.01735579 2602.79450561],[4964.77902624 3335.56743727]
DJI_20250326101247_0411_D:[1405.45615734 1026.35589949],[1432.8957777  613.2021651],[2357.95072437  747.35541185],[2333.27124143 1155.34071025]
DJI_20250326101625_0520_D:[3516.92285984 1290.58962553],[3556.10559225  585.75191982],[5134.60720346  815.59370349],[5120.47479996 1520.77427837]
3
DJI_20250326101041_0348_D:[3615.52400561 1567.28851256],[3599.90974259 2030.07547602],[2574.88549863 1924.62875426],[2590.14827177 1473.32695315]
DJI_20250326101043_0349_D:[3533.87000448 2229.63065355],[3514.90800225 2692.29490512],[2492.35403654 2565.14305125],[2510.40233024 2113.76919755]
DJI_20250326101039_0347_D:[3601.40701647  769.84500334],[3581.09645897 1222.2483446 ],[2577.47753036 1124.92152115],[2598.15698747  683.54441429]
DJI_20250326101045_0350_D:[3502.10861152 2803.07015858],[3481.17726844 3263.18525204],[2463.1832526 3120.5465836],[2482.50900691 2671.04573294]
DJI_20250326100913_0304_D:[ 528.80313321 2111.77666935],[ 556.72309464 1630.2684632 ],[1642.05223224 1764.34241687],[1615.8798141  2236.19433449]
DJI_20250326101249_0412_D:[2949.3822263  2031.00684929],[2975.84774244 1569.45436898],[3965.23038233 1704.71724275],[3940.10276791 2154.96803941]
DJI_20250326100911_0303_D:[ 635.99941577 1512.2914012 ],[ 667.78917533 1031.93155855],[1750.25920972 1181.51606625],[1721.71457881 1652.75790597]
DJI_20250326101251_0413_D:[2938.64083354 2580.88440831],[2964.54126751 2115.80170163],[3961.09640372 2236.82136663],[3935.84806357 2690.11260436]
DJI_20250326101247_0411_D:[2905.70356433 1476.23870581],[2932.76100655 1011.22934881],[3931.9694347  1162.20290453],[3906.99464964 1615.83393394]
DJI_20250326100915_0305_D:[ 554.74092275 2774.06244438],[ 581.56498499 2291.74614506],[1668.85634907 2415.77521843],[1642.19588835 2888.42021079]
4
DJI_20250326101247_0411_D:[2085.01595627 1770.36394202],[2114.35050746 1279.57261097],[3190.1419312  1429.31708792],[3162.07532487 1909.37188811]
DJI_20250326101249_0412_D:[2139.71017885 2351.17782543],[2167.95009681 1865.01068722],[3232.20292098 1999.838312  ],[3204.59942599 2475.17272405]
DJI_20250326101251_0413_D:[2123.63486325 2932.50209357],[2150.80245866 2443.37375491],[3223.03338552 2564.49701509],[3195.79250273 3042.38713066]
DJI_20250326101043_0349_D:[4397.67729003 1914.85656192],[4378.69529866 2401.65963938],[3285.45723461 2277.19511698],[3304.16476252 1800.70070727]
DJI_20250326101245_0410_D:[2216.20496163 1206.33019242],[2246.36806436  717.02807465],[3318.24539394  879.99505634],[3290.10192286 1358.88241124]
DJI_20250326101041_0348_D:[4478.64680759 1216.37733698],[4464.59037684 1701.95414538],[3369.87268907 1597.91995372],[3385.14656902 1122.44081992]
DJI_20250326101045_0350_D:[4363.30901084 2519.74291379],[4341.2373598  3004.34261792],[3253.40333734 2865.68257695],[3273.89951624 2390.580894  ]
DJI_20250326101047_0351_D:[4225.22712364 3057.57146787],[4202.25355695 3546.6620924 ],[3103.96087046 3398.54559437],[3124.17659307 2918.17477733]
DJI_20250326101243_0409_D:[2268.32201503  605.92899283],[2297.62494278  123.29003854],[3360.14663116  294.89918339],[3334.05746492  767.94650499]
DJI_20250326101039_0347_D:[4446.57865995  402.26879264],[4429.37425741  873.75285334],[3359.98395378  774.33376216],[3380.01500623  311.9810545 ]
5
DJI_20250326101425_0460_D:[3770.14815087 1797.27240066],[3681.77275506 2907.97640378],[1206.82575474 2584.50727566],[1260.25445965 1463.1956941 ]
DJI_20250326101423_0459_D:[3870.81848074  432.13028733],[3792.40206794 1513.64053993],[1403.54450626 1193.99628673],[1466.14876629  107.53111997]
DJI_20250326101247_0411_D:[1182.49997839 1998.43942165],[1209.74760037 1537.86462564],[2237.47199802 1671.88181197],[2210.78879999 2124.99985056]
DJI_20250326101249_0412_D:[1243.21320589 2543.16380848],[1268.80702116 2087.19531484],[2286.49016901 2210.49120684],[2260.65769386 2658.94912087]
DJI_20250326101245_0410_D:[1305.20479928 1466.89584845],[1333.94449111 1006.96237899],[2359.09127946 1150.24115866],[2331.67920778 1603.12745282]
DJI_20250326101251_0413_D:[1223.93959482 3091.74608236],[1247.63400912 2634.13466296],[2272.14652787 2747.71430172],[2247.27759055 3197.95600129]
DJI_20250326101243_0409_D:[1360.25316021  901.94563207],[1389.03749041  446.76325968],[2406.1788215   594.55806307],[2379.69383204 1043.70311961]
DJI_20250326101043_0349_D:[5206.58278056 1682.71116633],[5191.15726852 2138.17191867],[4160.51825256 2027.14683945],[4176.6743573  1577.83703809]
DJI_20250326101045_0350_D:[5174.32550229 2253.46048596],[5155.10301784 2707.85627471],[4128.72356376 2587.43716164],[4147.21806859 2138.81012747]
DJI_20250326101047_0351_D:[5056.07993634 2752.96189216],[5035.31324558 3212.31897638],[3997.91401947 3086.61388403],[4016.73283499 2632.59913346]
6
DJI_20250326101623_0519_D:[1943.14069814 2454.2669894 ],[1998.67092326 1773.88900775],[3510.85388845 1986.33418371],[3467.60056918 2675.59465713]
DJI_20250326101621_0518_D:[1996.90764103 1658.72675361],[2054.30403685  986.57280674],[3564.73061261 1193.45996209],[3522.25540037 1875.19947825]
DJI_20250326101625_0520_D:[1800.10576771 3272.59327634],[1855.43476002 2589.46687592],[3362.96809265 2810.75599983],[3316.68106261 3501.87956129]
DJI_20250326101425_0460_D:[5137.30826776 1358.07148343],[5069.01308694 2152.68130581],[3324.77044922 1918.75235715],[3382.43483558 1104.75024194]
DJI_20250326101619_0517_D:[2102.07299932  842.0092155 ],[2159.96984117  180.28966362],[3672.39106152  379.61506039],[3633.10542945 1051.41877551]
DJI_20250326101427_0461_D:[5161.88418205 2538.81820252],[5079.73716071 3331.79696008],[3317.48852864 3122.28362752],[3379.3623291  2306.33898502]
DJI_20250326101803_0569_D:[1684.0936418  1734.09963987],[1648.1689885  2422.31187735],[ 130.22254034 2222.47755845],[ 155.02975951 1535.5404965 ]
DJI_20250326101423_0459_D:[5165.85153283  389.9499032 ],[5108.87003778 1163.17230438],[3414.01917483  914.45998641],[3467.57137212  123.14737702]
DJI_20250326101801_0568_D:[1672.63236691  812.45484894],[1637.00974027 1487.95819551],[ 158.0155981  1300.14131155],[188.40327682 628.27184755]
DJI_20250326101245_0410_D:[ 584.18784287 1742.0919939 ],[ 608.25540909 1341.3504008 ],[1507.72443214 1459.49497224],[1484.1499244  1856.47655107]
7
DJI_20250326101803_0569_D:[2791.17898392 1450.17088642],[2756.30115577 1991.70896383],[1549.72876649 1834.80695289],[1578.95657007 1288.93789675]
DJI_20250326101805_0570_D:[2629.98788806 2267.65188812],[2596.81367537 2820.94000107],[1353.09473023 2669.01451268],[1378.49507195 2111.08610222]
DJI_20250326101621_0518_D:[1235.6617594  2027.38643355],[1285.05133324 1496.90521921],[2460.59282057 1661.76369813],[2418.64484166 2200.72880211]
DJI_20250326101801_0568_D:[2757.21550917  723.44511336],[2724.38460083 1256.21342838],[1542.49585863 1100.43321249],[1571.49978249  564.60491169]
DJI_20250326101623_0519_D:[1195.14461762 2654.8373039 ],[1242.12878141 2120.84833525],[2417.68138479 2291.72076362],[2376.74460778 2834.08634404]
DJI_20250326101619_0517_D:[1315.25183906 1384.20350658],[1365.90626742  857.39140834],[2545.15838994 1014.10181365],[2503.30683284 1550.02146932]
DJI_20250326101807_0571_D:[2504.27526529 2951.75991422],[2469.44914388 3515.36638732],[1189.5779156  3358.79975718],[1213.83391687 2790.66568534]
DJI_20250326101625_0520_D:[1085.86266055 3297.46072471],[1131.38102672 2763.29478728],[2302.24597859 2943.37868341],[2260.92735908 3486.25211223]
DJI_20250326101617_0516_D:[1473.38664484  680.39043142],[1523.62460131  166.38094306],[2692.63638905  310.17306285],[2652.73619997  833.95039272]
DJI_20250326101957_0626_D:[3964.11786386 1697.71212774],[3994.8128075  1140.09565077],[5242.76906386 1313.32404458],[5221.64230629 1873.52855548]
8
DJI_20250326101805_0570_D:[3430.46451839 1944.57431639],[3397.80848897 2429.58198188],[2315.74632761 2296.37912036],[2343.70115414 1805.69265718]
DJI_20250326101803_0569_D:[3551.47407715 1237.81934728],[3518.25615424 1712.54930419],[2466.34939973 1572.01145874],[2495.96422339 1091.96757966]
DJI_20250326101957_0626_D:[2988.51842241 1999.27571749],[3022.30485209 1510.25349211],[4123.00255168 1659.70844854],[4094.80133563 2154.72939994]
DJI_20250326101807_0571_D:[3343.53459589 2535.03479791],[3308.37124595 3029.76745301],[2196.39173278 2896.27920551],[2225.74850015 2395.21967962]
DJI_20250326101955_0625_D:[3039.54743047 1448.74464127],[3071.9561785   960.11584372],[4179.38250465 1102.87052702],[4153.75306724 1597.40194605]
DJI_20250326101801_0568_D:[3506.24156881  600.61300214],[3475.50447063 1067.63892762],[2442.31579243  925.53012375],[2470.53621146  453.62732482]
DJI_20250326101809_0572_D:[3374.77180481 3112.37545337],[3335.80999447 3613.21113531],[2199.79870962 3479.65838653],[2231.35626108 2971.55840831]
DJI_20250326101621_0518_D:[ 637.02882267 2273.15186828],[ 681.88195    1807.84313775],[1697.4593528  1955.61099195],[1656.96791971 2429.37392911]
DJI_20250326101619_0517_D:[ 703.78659834 1709.22060852],[ 750.37871891 1245.60061849],[1769.58868446 1385.04808729],[1728.59199092 1857.3434875 ]
DJI_20250326101953_0624_D:[3110.7311801   816.85972996],[3141.72128725  332.43549206],[4250.84310227  469.46414313],[4228.26930821  959.26554155]
9
DJI_20250326101429_0462_D:[3900.72784218 1251.95890068],[3801.91977898 2563.68003327],[ 894.04292001 2171.37000463],[970.42069752 854.93914635]
DJI_20250326101241_0408_D:[1376.28699556 1779.88232134],[1403.33669363 1306.7988393 ],[2455.19057923 1449.99020944],[2426.96546327 1914.57113007]
DJI_20250326101243_0409_D:[1381.70660014 2341.03065749],[1406.47755478 1868.57164488],[2459.63606312 1999.20429541],[2432.91186998 2462.90657067]
DJI_20250326101239_0407_D:[1451.75390092 1206.81650144],[1478.59517026  732.61533538],[2531.20956556  882.35171041],[2503.99265893 1348.66821948]
DJI_20250326101245_0410_D:[1325.30013642 2930.54691912],[1349.9235749 2457.9874748],[2408.82542092 2581.25026408],[2381.28993287 3045.16769057]
DJI_20250326101237_0406_D:[1489.19262982  685.41306949],[1518.55069937  210.74306734],[2573.47210812  371.05422828],[2544.84418459  838.763419  ]
DJI_20250326101049_0352_D:[4935.57901362 1930.30302165],[4924.51662198 2412.02815914],[3836.64413999 2296.38965485],[3850.05818192 1822.50429503]
DJI_20250326101051_0353_D:[4865.71786875 2524.44905542],[4852.01148965 3008.78394992],[3761.81033458 2885.1205537 ],[3776.10631837 2407.99590129]
DJI_20250326101247_0411_D:[1204.93550434 3472.64515289],[1226.96355319 3004.24855125],[2286.02129047 3117.15626282],[2259.8359534  3577.45454474]
DJI_20250326101047_0351_D:[5034.65555499 1304.5774179 ],[5024.57393953 1776.98034197],[3951.11449049 1666.78715863],[3965.27397233 1201.92571317]
10
DJI_20250326101617_0516_D:[2281.80470462 2009.68736182],[2352.15787888 1117.50082454],[4346.95191538 1397.0136759 ],[4294.21083102 2299.26848643]
DJI_20250326101619_0517_D:[2030.41978366 3208.64184603],[2102.57404188 2298.09367415],[4123.25784282 2592.97997736],[4059.5798787  3511.01048633]
DJI_20250326101615_0515_D:[2313.46927214  945.15977198],[2382.98157313   72.49051577],[4365.79124281  338.80703063],[4323.28599389 1222.35455124]
DJI_20250326101241_0408_D:[ 474.90250368 1998.44959032],[ 498.14834476 1543.26261384],[1520.35424677 1675.53753859],[1495.36318854 2125.45704778]
DJI_20250326101239_0407_D:[ 545.27038043 1449.13185399],[569.28350617 992.32654009],[1592.64041238 1127.36441786],[1568.10413698 1579.41179822]
DJI_20250326101243_0409_D:[ 481.59716518 2541.88036952],[ 501.56604467 2087.98852759],[1525.05702438 2211.63162767],[1502.06305235 2660.15803584]
DJI_20250326101243_0409_D:[ 481.59716518 2541.88036952],[ 501.56604467 2087.98852759],[1525.05702438 2211.63162767],[1502.06305235 2660.15803584]
DJI_20250326101237_0406_D:[576.73420776 945.03925651],[603.91349132 487.10337239],[1629.28488461  629.10403931],[1602.71711538 1083.17313449]
DJI_20250326101245_0410_D:[ 425.72745115 3107.16236302],[ 444.20194837 2654.49866692],[1471.4666904  2775.04594679],[1448.60841726 3222.71408101]
DJI_20250326101247_0411_D:[ 315.33199498 3627.54134064],[ 330.45535905 3179.94370222],[1354.92686543 3294.614458  ],[1334.54669606 3737.49923085]
11
DJI_20250326101239_0407_D:[2211.85576903 1989.5069083 ],[2239.34591193 1501.30628018],[3307.1682011 1643.6636533],[3276.97795101 2120.37104216]
DJI_20250326101051_0353_D:[4102.81249916 1742.30892189],[4091.29102154 2240.69231405],[2975.3158921  2123.86131225],[2990.98080137 1637.35470933]
DJI_20250326101241_0408_D:[2130.6566722  2578.18138597],[2158.92272867 2093.48341733],[3225.09839251 2225.37818756],[3193.67818895 2698.56192523]
DJI_20250326101237_0406_D:[2251.17502999 1458.26651217],[2280.37767385  966.38640153],[3352.31938353 1123.89260756],[3321.0110651  1604.29130652]
DJI_20250326101053_0354_D:[4067.62592708 2362.32660762],[4055.13920341 2862.55890761],[2940.43978644 2734.04408353],[2955.78093269 2245.22197867]
DJI_20250326101049_0352_D:[4176.60125848 1135.36887428],[4166.70643499 1627.77377388],[3055.11594439 1524.15815255],[3070.38798463 1043.22930117]
DJI_20250326101243_0409_D:[2139.36556145 3150.90729683],[2165.79074458 2669.01231621],[3232.00607335 2784.85933942],[3201.62513103 3255.08268207]
DJI_20250326101055_0355_D:[4103.43949044 2952.88144692],[4083.55190259 3442.8000138 ],[2993.18236614 3293.08500688],[3014.26910084 2812.94455923]
DJI_20250326101235_0405_D:[2360.80138859  848.77741022],[2389.89008518  359.44448496],[3453.6041707   528.33253066],[3423.49269153 1006.57331942]
DJI_20250326101047_0351_D:[4291.45693309  503.41704069],[4282.03171502  982.76021327],[3186.37590271  888.51608393],[3202.5799722   419.54066904]
12
DJI_20250326100901_0298_D:[1759.32202343 1723.40311925],[1785.67061111 1203.94439808],[2925.28938492 1361.24756457],[2895.68713357 1864.73115896]
DJI_20250326100903_0299_D:[1684.36536038 2371.25907754],[1706.97908075 1857.60222379],[2842.23122395 1989.69175196],[2815.45670537 2487.49698745]
DJI_20250326100859_0297_D:[1912.04112406 1014.12806232],[1938.20238992  492.88333247],[3074.99624984  667.01466775],[3046.7601731  1172.88024675]
DJI_20250326100711_0243_D:[4461.24992723 1710.76242824],[4457.30740067 2196.53232235],[3358.84405071 2094.27497752],[3367.46837515 1621.71264462]
DJI_20250326100905_0300_D:[1657.39549286 2968.56078694],[1677.5028878  2463.26869892],[2802.90946426 2573.86778936],[2777.82645666 3063.85361952]
DJI_20250326100713_0244_D:[4529.88713353 2268.47647515],[4520.26372587 2764.46859252],[3403.81714167 2638.05274611],[3416.71199438 2155.16956579]
DJI_20250326100709_0242_D:[4525.53269084 1083.19790486],[4522.98887976 1566.55441789],[3420.11958087 1477.51827757],[3428.90408155 1006.99720223]
DJI_20250326101053_0354_D:[2187.02378794 1804.40738765],[2167.92690265 2308.99411444],[1099.29037795 2188.77208009],[1122.68616925 1701.61744763]
DJI_20250326101055_0355_D:[2267.69787858 2390.22025709],[2243.43713374 2886.95974669],[1193.56729125 2737.64418333],[1220.83716406 2257.62544509]
DJI_20250326101051_0353_D:[2224.83314947 1175.82972395],[2204.89877764 1676.6617941 ],[1135.99233816 1575.63719855],[1161.38107374 1092.45072498]
13
DJI_20250326101055_0355_D:[3154.42050201 2161.10655298],[3134.25865075 2649.53407494],[2068.67747498 2512.75545346],[2092.98222691 2038.27262502]
DJI_20250326101053_0354_D:[3088.80395019 1569.1424814 ],[3074.41377475 2064.45504341],[1989.11352264 1954.17306073],[2008.6217586  1473.44744079]
DJI_20250326100901_0298_D:[ 854.20179034 1949.93892056],[ 875.78860917 1441.6604556 ],[2016.60951392 1586.89119638],[1991.17715234 2082.50728091]
DJI_20250326101057_0356_D:[3089.5293674  2703.03808998],[3069.80600091 3182.5951162 ],[2028.13516433 3036.49188168],[2051.14271982 2570.0408326 ]
DJI_20250326100859_0297_D:[1001.82029991 1257.64159379],[1024.50449894  746.7840375 ],[2163.66873197  904.18302122],[2138.72094244 1403.16409392]
DJI_20250326101051_0353_D:[3124.92342002  952.60837229],[3110.43635456 1443.47044735],[2025.40608469 1348.81985124],[2045.85979738  872.55246825]
DJI_20250326100903_0299_D:[ 789.86609082 2587.32636871],[ 806.50959286 2085.63284971],[1941.81350259 2209.91919587],[1919.73752504 2699.25739686]
DJI_20250326101059_0357_D:[3011.36601696 3178.05027053],[2987.11248231 3651.01474899],[1962.86138085 3486.37909684],[1989.28292809 3025.80361113]
DJI_20250326100857_0296_D:[1059.34157096  618.99087907],[1083.83979119  110.10758348],[2217.73518222  278.10790069],[2192.70007099  776.72432001]
DJI_20250326101237_0406_D:[3188.73956016 2266.97481175],[3221.28439705 1779.14118933],[4259.30769746 1917.96556539],[4223.05776483 2391.40833888]
14
DJI_20250326100715_0245_D:[3762.1691332 2224.9353259],[3756.72612676 2729.7739012 ],[2640.16182114 2611.54618066],[2650.91435762 2123.19152072]
DJI_20250326100713_0244_D:[3787.18012068 1460.91150089],[3777.47361604 1959.14275073],[2666.08396589 1852.8124786 ],[2681.98977073 1371.05148759]
DJI_20250326100859_0297_D:[2688.97673203 1874.15673752],[2717.58927079 1347.63906501],[3839.58134453 1500.89257163],[3806.44479862 2008.2691371 ]
DJI_20250326100711_0243_D:[3722.81485818  919.31488141],[3717.7387395  1404.54928125],[2627.0938713  1325.41644723],[2639.1045733  855.7547576]
DJI_20250326100717_0246_D:[3801.47443293 2907.44812891],[3791.33589905 3410.66014374],[2682.55848286 3266.20940773],[2696.53146394 2778.35311331]
DJI_20250326100901_0298_D:[2530.50883117 2590.84608573],[2559.81710838 2069.67004069],[3684.07874426 2201.4268292 ],[3649.32442332 2703.61615219]
DJI_20250326100514_0185_D:[ 383.06224815 1806.58230717],[ 393.93405005 1299.64705767],[1543.42144685 1430.34844449],[1528.26915209 1923.50886942]
DJI_20250326100857_0296_D:[2745.98264673 1211.60570127],[2774.1206574   683.26788449],[3892.82011525  857.87198075],[3861.3237067  1366.97255664]
DJI_20250326100516_0186_D:[ 350.25767254 2522.14147305],[ 360.43189813 2009.47429456],[1532.2540593  2130.05993384],[1515.35865119 2628.29638773]
DJI_20250326100512_0184_D:[ 412.63954769 1174.43594405],[425.64015062 667.50739524],[1569.81497944  810.21152301],[1554.5595713  1304.59582237]
15
DJI_20250326100512_0184_D:[1716.16758745 1683.65398134],[1731.65721727 1171.09767806],[2854.69934288 1309.7401176 ],[2833.8960288  1803.37517703]
DJI_20250326100514_0185_D:[1688.98275315 2326.00599714],[1704.60682061 1816.27727255],[2829.97649567 1934.95823188],[2808.18491141 2425.57424707]
DJI_20250326100510_0183_D:[1764.0967738   965.86292638],[1778.35905852  451.3479932 ],[2899.52778046  608.29300812],[2881.20316937 1104.7236085 ]
DJI_20250326100516_0186_D:[1677.28054109 3064.04619712],[1694.7036444  2550.55962914],[2840.03359435 2650.68712995],[2815.21114305 3144.73555877]
DJI_20250326100338_0137_D:[4794.44646503 1877.7176138 ],[4793.02404134 2373.98978734],[3662.05951353 2262.41910055],[3669.58917298 1782.37885539]
DJI_20250326100715_0245_D:[2446.94928221 1737.16734866],[2434.53420888 2241.32842946],[1364.80013754 2136.82800106],[1383.4623689  1652.88703243]
DJI_20250326100340_0138_D:[4674.38501828 2489.68204617],[4670.50753607 2991.95716545],[3536.41497122 2862.7880147 ],[3544.68001377 2376.5442262 ]
DJI_20250326100717_0246_D:[2498.02337592 2415.80946965],[2482.47845657 2920.70280251],[1417.88972868 2783.81846214],[1438.6642632  2299.13104767]
DJI_20250326100337_0136_D:[4795.22965933 1320.51078984],[4796.64064286 1812.91493733],[3665.20376211 1719.31068383],[3671.56194972 1242.96612982]
DJI_20250326100713_0244_D:[2484.64753284  959.57033917],[2466.82345283 1455.32581209],[1402.47511717 1368.95058908],[1427.36740087  893.36199525]
16
DJI_20250326100801_0268_D:[3163.59833836 2471.9645522 ],[3154.29813193 2963.10348179],[2096.52429944 2831.91287137],[2124.57885872 2359.91506998]
DJI_20250326100759_0267_D:[3159.03640963 1944.33217027],[3154.0853401  2435.23339088],[2075.98911053 2328.83506835],[2101.13570315 1857.18352435]
DJI_20250326100440_0168_D:[1068.24553914 1516.94501497],[1056.21211481 1002.38427708],[2204.88136527 1124.40349161],[2195.98663052 1621.43514235]
DJI_20250326100439_0167_D:[1124.17330027  932.73880465],[1116.93672707  410.19178528],[2260.43715747  552.10999914],[2248.53477265 1057.81073617]
DJI_20250326100803_0269_D:[3210.08233687 3049.94745866],[3196.54288499 3547.96513495],[2142.23795989 3389.17469725],[2173.19732966 2910.07513299]
DJI_20250326100442_0169_D:[ 978.91415199 2149.10811758],[ 963.68450316 1648.88293999],[2109.61113377 1751.74045328],[2102.61274391 2234.69128315]
DJI_20250326100757_0266_D:[3278.24457707 1258.73462162],[3276.81120564 1744.50822543],[2175.68011537 1662.13042911],[2198.87436801 1195.29167635]
DJI_20250326100825_0280_D:[3184.44699858 1745.88049073],[3220.98529151 1246.06147775],[4271.16744888 1384.53850714],[4217.23247315 1863.94012749]
DJI_20250326100444_0170_D:[ 821.33254025 2819.37678409],[ 803.83377742 2334.65835376],[1950.32001431 2423.10617533],[1944.09301612 2891.66717217]
DJI_20250326100823_0279_D:[3193.53218377 1022.46213725],[3227.44625729  511.7797165 ],[4274.57820562  671.85119228],[4224.63191489 1161.14097225]
17
DJI_20250326101133_0374_D:[3021.73000662 2116.4556049 ],[3004.7691736  2611.51916411],[1924.31989835 2478.41281655],[1961.74765093 2000.48960386]
DJI_20250326100825_0280_D:[1178.26605292 1878.8888257 ],[1175.9183064  1378.70408096],[2303.43739044 1507.98085428],[2284.73756475 1993.26609282]
DJI_20250326100823_0279_D:[1190.94017105 1159.74636263],[1188.67252133  648.45891497],[2312.97329053  789.55871434],[2295.82128214 1286.67795364]
DJI_20250326101135_0375_D:[2929.18988105 2779.02423246],[2909.94887597 3289.35477022],[1825.9202857  3135.56867267],[1864.74254965 2643.13332832]
DJI_20250326101131_0373_D:[3086.2280556  1485.55737653],[3072.10711726 1968.67615532],[1988.51994729 1856.98254814],[2023.63221105 1390.36549307]
DJI_20250326100827_0281_D:[1132.61982002 2454.02759004],[1128.49839972 1961.69665771],[2264.66695794 2078.19451714],[2246.44753615 2555.78757334]
DJI_20250326101137_0376_D:[2898.55832648 3362.09074011],[2877.43281616 3883.12734875],[1790.68248668 3709.90277997],[1830.11736697 3206.9894966 ]
DJI_20250326101129_0372_D:[3123.63663861  900.44711425],[3111.11067951 1375.16035337],[2017.26332289 1281.18043189],[2051.91488228  822.64488192]
DJI_20250326100801_0268_D:[5102.84821691 2316.82554562],[5129.4391241  2806.08183747],[4019.16554731 2690.1326363 ],[4011.85935461 2213.18088717]
DJI_20250326100829_0282_D:[1167.20664158 3172.77851034],[1165.04433134 2693.153353  ],[2306.13044548 2798.34127235],[2284.57768184 3263.9112346 ]
18
DJI_20250326100439_0167_D:[1411.02791772 1737.07692838],[1405.34781718 1231.85354814],[2532.43363757 1350.40247931],[2516.03368678 1836.99107221]
DJI_20250326100437_0166_D:[1457.95330528 1180.98364398],[1455.73287307  665.08121051],[2582.108661    804.11164907],[2563.4502114  1301.39529244]
DJI_20250326100803_0269_D:[2955.19358967 2282.50555904],[2938.14566641 2763.02442542],[1903.88943706 2630.78025277],[1939.85388978 2169.51672063]
DJI_20250326100440_0168_D:[1360.55929463 2315.12074966],[1351.07812296 1821.34189762],[2480.76431983 1917.37827318],[2467.06604568 2393.05244227]
DJI_20250326100801_0268_D:[2901.02021567 1711.42220417],[2887.46326545 2182.21563906],[1852.00621733 2079.28853962],[1885.25042676 1627.24606017]
DJI_20250326100435_0165_D:[1504.14078904  581.11399484],[1501.23058539   59.37836914],[2619.76687407  208.17226015],[2603.59493563  712.20845126]
DJI_20250326100805_0270_D:[2746.69777559 2952.87157643],[2740.16256222 3455.79289045],[1689.68967091 3328.67822044],[1715.04613719 2846.09452098]
DJI_20250326100759_0267_D:[2884.94417793 1179.82155058],[2875.16639156 1648.13512151],[1821.39317752 1571.47746821],[1852.21145797 1121.78067361]
DJI_20250326100442_0169_D:[1272.08258206 2934.31430951],[1259.78908338 2457.39894447],[2385.06120114 2533.05140047],[2373.27220003 2993.16921539]
DJI_20250326100807_0271_D:[2523.84832106 3277.12560395],[2504.30766035 3786.78841251],[1460.26254007 3626.85037212],[1497.15559621 3138.72904982]
19
DJI_20250326100821_0278_D:[2076.93908854 1323.55795415],[2089.92415905  813.24739638],[3192.00256391  956.06508407],[3158.1187291  1448.78264054]
DJI_20250326100823_0279_D:[1877.43382501 1999.6192935 ],[1885.70147827 1500.12851023],[2998.75852139 1623.07569182],[2968.27272602 2105.41135826]
DJI_20250326100819_0277_D:[2107.2034589   819.24717694],[2121.44744353  304.09896128],[3215.17764793  460.69102984],[3181.49306734  958.43011895]
DJI_20250326100805_0270_D:[4303.92543661 2737.36631831],[4327.60700342 3246.70543054],[3202.22457718 3136.48130305],[3199.55267221 2642.41964222]
DJI_20250326100807_0271_D:[4090.33468895 3096.98895028],[4099.88657633 3614.91278772],[2975.89207376 3473.67654576],[2986.44346908 2971.62404588]
DJI_20250326100803_0269_D:[4488.31894324 2105.95015698],[4502.23052758 2592.64522645],[3398.16081236 2468.69024515],[3405.65860649 1997.50991945]
DJI_20250326100825_0280_D:[1863.35917757 2724.93450485],[1872.82635358 2240.50902655],[2986.58153391 2346.60489884],[2954.16638239 2814.51427872]
DJI_20250326100801_0268_D:[4434.85411883 1509.28375211],[4454.22845272 1985.53635972],[3346.18927369 1887.23442453],[3349.97730486 1426.37759839]
DJI_20250326101137_0376_D:[2215.55087613 2521.67325119],[2180.78926216 3030.94419221],[1118.71447438 2878.45471976],[1173.10297716 2389.79775789]
DJI_20250326101135_0375_D:[2248.55023318 1943.51559456],[2215.24242819 2438.38487784],[1156.90275478 2308.57806766],[1210.6849703  1833.08678085]
20
DJI_20250326100805_0270_D:[3500.52481556 2280.85889698],[3510.33711673 2784.27406086],[2403.93256514 2682.00043889],[2417.08204684 2197.2770557 ]
DJI_20250326100807_0271_D:[3289.95217088 2623.76201711],[3285.86827783 3136.72893071],[2182.29901678 3001.93676079],[2208.46073521 2508.77786012]
DJI_20250326100803_0269_D:[3716.89343921 1633.60803842],[3716.68213531 2111.89861366],[2630.37634812 2000.52049237],[2653.11120849 1540.08496766]
DJI_20250326100435_0165_D:[ 696.0400878  1258.79644649],[674.24761971 735.58040357],[1841.66262093  860.39320747],[1841.00737527 1367.57262838]
DJI_20250326100437_0166_D:[ 643.16200486 1869.18906152],[ 620.91774415 1355.42308044],[1795.07980016 1471.99234827],[1792.83561919 1969.05231083]
DJI_20250326100821_0278_D:[2875.86913642 1811.40594577],[2905.40679717 1309.15706763],[3979.69654978 1439.99966061],[3929.39832231 1922.4885405 ]
DJI_20250326100819_0277_D:[2901.7131707  1303.21125568],[2931.5322536   793.99458902],[3998.20890488  941.99721877],[3948.87382019 1430.82437999]
DJI_20250326100433_0164_D:[709.6159887 637.6698043],[690.37198337 109.46883699],[1845.98789939  245.65549588],[1845.16385229  759.12292981]
DJI_20250326100801_0268_D:[3655.94970428 1042.90779104],[3659.79103998 1509.02871452],[2572.37672165 1426.8905271 ],[2592.07670495  977.83171104]
DJI_20250326100823_0279_D:[2679.10665688 2489.88248599],[2704.49292484 2000.10470143],[3790.39482043 2107.63249317],[3742.80477312 2578.58040514]
21
DJI_20250326101139_0377_D:[3021.58338147 2501.01825765],[3005.27297187 3014.03453903],[1902.27687854 2868.47808896],[1941.6253175  2373.87970007]
DJI_20250326100819_0277_D:[1260.86935163 1503.25651019],[1256.43511131  999.68930527],[2375.61288094 1132.15393469],[2357.77306072 1620.80528206]
DJI_20250326100817_0276_D:[1445.57056625  934.75610933],[1449.86741956  426.66589426],[2551.72230422  579.48180888],[2527.02396562 1072.97859434]
DJI_20250326101137_0376_D:[3068.5669256 1840.824947 ],[3052.63572961 2336.42610131],[1955.06284001 2209.24061447],[1994.53733386 1731.22819024]
DJI_20250326100821_0278_D:[1227.58279884 2011.01085865],[1220.99557764 1514.9854879 ],[2347.26948887 1635.34585733],[2330.22410777 2116.33287214]
DJI_20250326101141_0378_D:[2965.16438628 3147.78004727],[2946.53908979 3671.9411155 ],[1847.87610935 3505.90690042],[1888.04854691 3000.52859875]
DJI_20250326101135_0375_D:[3094.88602791 1265.9922929 ],[3080.7415318  1745.40882721],[1989.00619495 1638.07325556],[2027.00807977 1175.34213362]
DJI_20250326100823_0279_D:[1028.81215066 2686.97390376],[1016.11041249 2204.63447613],[2150.30396657 2307.95544034],[2137.76241383 2776.15644464]
DJI_20250326100807_0271_D:[4921.66028126 2398.37918593],[4951.54847987 2903.24566909],[3811.92209114 2786.98638252],[3804.35261759 2295.40535331]
DJI_20250326100805_0270_D:[5112.27135877 2029.0978243 ],[5156.49251169 2523.12866812],[4020.30751766 2436.20191085],[3999.30961259 1954.49987419]
22
DJI_20250326100817_0276_D:[2140.0967094  1403.42075258],[2157.1801225   900.35202964],[3244.73405951 1046.72798688],[3205.80232338 1532.10664381]
DJI_20250326100819_0277_D:[1965.09390181 1973.58484249],[1974.44632917 1477.17993412],[3079.06431078 1599.87529831],[3046.30956168 2079.04391363]
DJI_20250326100807_0271_D:[4216.90830729 1938.38850844],[4235.22052854 2437.18633182],[3100.73730645 2328.29325565],[3107.40710213 1846.3154308 ]
DJI_20250326100815_0275_D:[2279.60967991  765.3448147 ],[2320.3609787   260.19263329],[3381.0943573   467.48395765],[3321.17964332  954.40852368]
DJI_20250326100809_0272_D:[4392.33248489 2786.16205684],[4410.93398715 3291.93359216],[3294.91883473 3162.8654885 ],[3298.40482472 2672.51382158]
DJI_20250326100821_0278_D:[1935.31561431 2485.02049574],[1943.46144778 1997.76866273],[3054.26274881 2105.53771206],[3021.80349394 2576.00903984]
DJI_20250326100805_0270_D:[4406.20262181 1583.8556558 ],[4438.63631974 2071.23217146],[3305.43055491 1993.3632793 ],[3298.80163141 1521.42512672]
DJI_20250326101139_0377_D:[2309.10450176 2024.16178722],[2276.45731882 2527.09339364],[1200.89340029 2394.39324644],[1256.25615108 1911.57188492]
DJI_20250326100813_0274_D:[4174.4003448  1026.54436893],[4682.23526786  952.73945042],[4699.29479893 2038.8712123 ],[4203.73142996 2091.27974237]
DJI_20250326101141_0378_D:[2253.70275798 2670.74839911],[2219.4828299  3187.06889783],[1148.11396649 3030.34682813],[1203.69275898 2535.40014946]
23
DJI_20250326100809_0272_D:[3138.78993352 2320.08660465],[3132.21452948 2819.05554071],[2051.52896427 2695.83671192],[2081.57258647 2217.11450734]
DJI_20250326100431_0163_D:[1140.66341674 1202.42265194],[1132.31852138  685.68407807],[2270.59861886  827.67532815],[2255.42671038 1326.25805555]
DJI_20250326100433_0164_D:[1063.05262663 1814.28996135],[1043.10488191 1301.74032551],[2203.79507159 1410.22889709],[2197.64585445 1904.3273644 ]
DJI_20250326100811_0273_D:[3588.5031926  2591.69837099],[3947.50371772 2953.95156903],[3107.85793423 3618.52595809],[2778.24056729 3255.18002192]
DJI_20250326100807_0271_D:[2938.90592935 1463.27073288],[2928.37632593 1951.62166656],[1836.07858395 1857.57614236],[1871.2132696  1389.07548217]
DJI_20250326100435_0165_D:[1054.10480805 2447.96932597],[1033.09119108 1947.24444705],[2200.98322643 2038.7058774 ],[2194.14874696 2521.38412239]
DJI_20250326100805_0270_D:[3130.06742735 1134.88715316],[3133.41994942 1612.17272823],[2039.12488721 1550.42394438],[2061.17316905 1091.56225447]
DJI_20250326100437_0166_D:[ 998.33678031 3064.22887535],[ 977.49210503 2578.510461  ],[2148.65540581 2658.27640706],[2140.16288166 3127.16116345]
DJI_20250326100813_0274_D:[3912.43941296 2329.03799805],[4420.85973596 2279.92524469],[4428.9688705  3323.81376527],[3938.72735004 3351.24432063]
DJI_20250326100817_0276_D:[3395.82764076 1900.9531673 ],[3440.88893512 1407.4538742 ],[4477.40039986 1542.12862983],[4412.29087295 2014.57384039]
24
DJI_20250326100815_0275_D:[2202.02332959 1517.04916183],[2240.21548219 1025.7423879 ],[3303.13467713 1210.81469781],[3243.33059137 1683.87750665]
DJI_20250326100813_0274_D:[3425.05040008 1112.65874935],[3922.23940029 1037.73897296],[3958.89278562 2123.19490017],[3474.24549526 2173.49648603]
DJI_20250326100811_0273_D:[4252.37440427 1468.16669308],[4624.41314057 1804.33443545],[3774.35439877 2510.20093519],[3429.29182467 2168.29420984]
DJI_20250326100817_0276_D:[2094.79265223 2166.8474167 ],[2109.87796571 1681.4152713 ],[3196.97468122 1804.20497798],[3158.11614619 2272.52626335]
DJI_20250326100809_0272_D:[4415.95442039 2026.86189697],[4439.63030825 2516.13875644],[3323.74604408 2407.96901352],[3325.24201111 1934.72635348]
DJI_20250326101143_0379_D:[2246.83910979 2513.31368395],[2234.72728416 3027.84244644],[1157.35143612 2926.52173623],[1193.08078984 2432.32952123]
DJI_20250326100819_0277_D:[1926.42199055 2741.54920487],[1933.60605028 2265.27167594],[3036.35137195 2363.94329885],[3003.93268511 2823.86668475]
DJI_20250326101141_0378_D:[2300.31312674 1895.14805165],[2266.59981496 2392.28060744],[1196.32295649 2264.10185499],[1253.74968603 1786.96776625]
DJI_20250326100807_0271_D:[4238.19884158 1169.88740886],[4260.64529807 1647.52225804],[3129.39224066 1562.34257798],[3134.49494654 1100.49677346]
DJI_20250326101139_0377_D:[2354.72151396 1252.0559058 ],[2322.83412206 1733.43663532],[1250.18064044 1628.89197084],[1306.8339163  1166.53258508]
25
DJI_20250326100813_0274_D:[2983.13223601  613.47684453],[3470.61663806  526.55785341],[3522.68066038 1624.41151017],[3045.78448129 1685.65815239]
DJI_20250326100815_0275_D:[1617.32407192 1840.06798649],[1641.57678584 1356.03212272],[2722.43050418 1530.0431744 ],[2674.89436737 1997.3839391 ]
DJI_20250326101143_0379_D:[2818.2791519  2126.05786184],[2820.14618543 2632.15109316],[1717.33731324 2546.90168378],[1741.79253339 2058.78247519]
DJI_20250326101141_0378_D:[2885.50664988 1536.29413858],[2866.50986607 2024.49183146],[1771.88233778 1909.00331142],[1816.89739903 1438.91043943]
DJI_20250326100817_0276_D:[1517.86016539 2517.96834665],[1518.42066321 2041.71164867],[2622.49901174 2154.10417521],[2596.42268458 2614.96597955]
DJI_20250326100811_0273_D:[4376.15572178  816.60332204],[4751.70418791 1136.9588676 ],[3904.63228514 1859.50061287],[3555.32197919 1531.39741868]
DJI_20250326101145_0380_D:[3094.99412667 2474.54869057],[3604.78721911 2551.84112096],[3375.89870199 3617.02345519],[2887.51646326 3517.85448715]
DJI_20250326101139_0377_D:[2938.8532868   893.66129898],[2922.09858486 1364.90556712],[1826.15278292 1271.1158936 ],[1869.77367152  817.05303445]
DJI_20250326100809_0272_D:[4971.83205309 1666.88548647],[5010.67742401 2145.79171841],[3888.09809959 2048.89962269],[3875.68221276 1583.58996841]
DJI_20250326100819_0277_D:[1349.4870523  3097.29997663],[1341.11396881 2631.98027339],[2459.11012416 2721.93315399],[2440.16534649 3173.01430632]
26
DJI_20250326100813_0274_D:[2658.44185603 1247.53596408],[3140.72092824 1173.669334  ],[3199.03027418 2258.65799797],[2729.04507531 2305.5167917 ]
DJI_20250326100811_0273_D:[3678.93355161  942.729938  ],[4042.27407545 1265.92133814],[3204.97676291 1988.77989051],[2871.16865142 1658.15354242]
DJI_20250326100815_0275_D:[2168.55921515 2296.15247933],[2205.28021623 1821.74538499],[3271.59191756 1983.45699013],[3211.29561655 2440.01356043]
DJI_20250326101143_0379_D:[2207.61156379 1709.98791501],[2193.72435241 2205.19204551],[1117.02166803 2133.08026396],[1156.8913085  1656.95758414]
DJI_20250326100809_0272_D:[4396.03937848 1245.34584939],[4423.49413868 1714.91750035],[3306.90368125 1629.69842139],[3307.5610353  1175.53297361]
DJI_20250326100817_0276_D:[2095.0889004  2956.14796497],[2109.22685844 2490.44317838],[3197.68071045 2588.65690485],[3157.77522996 3037.96702905]
DJI_20250326101141_0378_D:[2297.89133113 1096.63752875],[2263.54498752 1572.31905646],[1194.29876642 1473.15410673],[1254.54124301 1016.6641315 ]
DJI_20250326100819_0277_D:[1933.88925169 3534.24405072],[1939.65900211 3080.89502951],[3042.29438505 3154.61861175],[3008.8749382  3592.65117167]
DJI_20250326100807_0271_D:[4214.24143744  380.38125706],[4240.18916413  833.53734283],[3111.0979106   772.31496622],[3115.50840053  333.27359718]
DJI_20250326101139_0377_D:[2351.58233028  457.59769527],[2319.07273131  914.854404  ],[1249.19858372  839.98954874],[1308.72475442  401.09952531]
27
DJI_20250326100428_0162_D:[1540.45867178  768.54586306],[1941.76738062  485.8832686 ],[2472.54220963 1494.4368331 ],[2070.72560021 1743.80712161]
DJI_20250326100811_0273_D:[2455.83191834 1554.3060172 ],[2792.01616249 1894.767433  ],[1988.92914802 2600.3700281 ],[1684.23390928 2254.84278757]
DJI_20250326100431_0163_D:[1156.01204506 2789.19259596],[1140.77469506 2307.83771138],[2287.17677968 2399.05939229],[2272.79347655 2862.60152623]
DJI_20250326100431_0163_D:[1156.01204506 2789.19259596],[1140.77469506 2307.83771138],[2287.17677968 2399.05939229],[2272.79347655 2862.60152623]
DJI_20250326100809_0272_D:[3105.57355109  776.15223065],[3100.13952762 1235.92430691],[2018.6968478  1170.34890233],[2051.45636268  728.92775798]
DJI_20250326100813_0274_D:[2398.88730354 2597.85547625],[2878.98322202 2556.86738963],[2942.92255409 3598.56505877],[2478.37942569 3613.2751659 ]
DJI_20250326100813_0274_D:[2398.88730354 2597.85547625],[2878.98322202 2556.86738963],[2942.92255409 3598.56505877],[2478.37942569 3613.2751659 ]
DJI_20250326100433_0164_D:[1108.75354349 3420.07465588],[1082.23970288 2950.78645867],[2245.90954353 3005.84111919],[2240.22240812 3459.0841352 ]
DJI_20250326100815_0275_D:[3431.94341696 2844.18329007],[3500.77046748 2380.79014441],[4519.25994827 2521.89309744],[4428.32703516 2964.40567927]
DJI_20250326100817_0276_D:[3394.82720825 3457.87277385],[3443.3380763  3004.00847829],[4481.14890406 3077.18588128],[4407.83255983 3511.40898519]
28
DJI_20250326100813_0274_D:[1903.30270108  840.49218012],[2365.82023867  754.97595711],[2446.13298078 1851.0681365 ],[1993.65283275 1907.49491509]
DJI_20250326101143_0379_D:[2724.47084935  990.22146583],[2724.30968994 1465.06553477],[1625.5237451  1417.96520829],[1654.74688919  959.87906198]
DJI_20250326100811_0273_D:[3539.10269889  101.81837186],[3900.0539355   400.30899808],[3070.20039174 1143.88521649],[2738.9080954   834.39762888]
DJI_20250326100815_0275_D:[1606.60884883 2945.12412232],[1627.82979882 2488.44979088],[2711.64101501 2631.57362134],[2664.12252293 3072.29993547]
DJI_20250326100815_0275_D:[1606.60884883 2945.12412232],[1627.82979882 2488.44979088],[2711.64101501 2631.57362134],[2664.12252293 3072.29993547]
DJI_20250326101145_0380_D:[1950.49958625 2426.38689851],[2430.86242085 2503.96923409],[2239.70610767 3570.96851493],[1779.76042842 3468.01396754]
DJI_20250326101141_0378_D:[2843.05067176  408.63434063],[2823.72774536  862.37068933],[1733.15181912  785.46518545],[1781.4929444   348.71784109]
DJI_20250326100817_0276_D:[1557.44340063 3631.58961183],[1555.44150035 3187.84677868],[2658.95875256 3268.39241849],[2631.96894332 3698.28883566]
DJI_20250326100809_0272_D:[4901.33677651  568.36621705],[4946.65925728 1015.07738977],[3826.11122386  945.82845748],[3811.63400433  511.47179919]
DJI_20250326101149_0382_D:[3658.04519189 3602.52431009],[3721.86949219 3145.73027292],[4777.36394132 3236.44949591],[4687.19168113 3674.30988008]
29
DJI_20250326100811_0273_D:[2447.3808685   780.01349792],[2751.61155042 1068.87182458],[2021.22419178 1737.2092952 ],[1743.15338212 1441.33439508]
DJI_20250326100813_0274_D:[1762.67127417 2064.90299329],[2182.04716807 2015.65629811],[2262.11417049 2984.3129094 ],[1853.24071581 3009.71131881]
DJI_20250326100428_0162_D:[840.70196847 708.65641905],[1183.47164798  450.34453932],[1682.11773584 1361.74635066],[1335.9373835  1592.06615892]
DJI_20250326100431_0163_D:[ 708.73254055 3290.61390762],[ 681.01766272 2871.52505232],[1727.22751067 2940.70597582],[1728.30709857 3347.59237876]
DJI_20250326100809_0272_D:[3630.75830564  306.25355484],[3640.35566217  707.9546489 ],[2640.59782764  662.32436348],[2655.97088011  273.52549665]
DJI_20250326100815_0275_D:[2756.50793389 3300.8224228 ],[2803.46021592 2892.89022858],[3759.14814366 3007.41691255],[3691.26408014 3399.914194  ]
DJI_20250326101143_0379_D:[1589.46428186  727.76460538],[1559.70594524 1150.33756737],[ 610.05604383 1122.85872916],[662.46174033 716.40345013]
DJI_20250326100433_0164_D:[ 673.99413793 3871.67355881],[ 635.99194517 3464.9264401 ],[1693.68223386 3505.67468262],[1703.31862587 3901.48663028]
DJI_20250326100817_0276_D:[2739.65743328 3887.57692738],[2767.78399204 3490.03042759],[3739.08816117 3545.38328635],[3687.97144881 3928.84368559]
DJI_20250326101141_0378_D:[1722.7090114   150.00514114],[1675.23963167  552.87048292],[731.72535923 502.66189323],[801.56805153 115.80102199]
30
DJI_20250326100813_0274_D:[1136.42979538  580.72310039],[1575.17280829  485.6399819 ],[1673.88511339 1586.13257052],[1242.48017991 1649.68289416]
DJI_20250326101145_0380_D:[1245.1551262  1962.33844067],[1703.10860349 2027.14626363],[1533.88052801 3111.56200659],[1094.89368045 3018.1800791 ]
DJI_20250326101143_0379_D:[3094.22302006  239.6249708 ],[3105.53591393  688.87150249],[1994.20898503  665.20567934],[2014.97133     230.44747847]
DJI_20250326101143_0379_D:[3094.22302006  239.6249708 ],[3105.53591393  688.87150249],[1994.20898503  665.20567934],[2014.97133     230.44747847]
DJI_20250326100815_0275_D:[1186.28516384 3636.01240275],[1192.98008804 3202.30257205],[2286.24351275 3328.82337291],[2250.00454099 3748.79671785]
DJI_20250326100813_0274_D:[1136.42979538  580.72310039],[1575.17280829  485.6399819 ],[1673.88511339 1586.13257052],[1242.48017991 1649.68289416]
DJI_20250326101145_0380_D:[1245.1551262  1962.33844067],[1703.10860349 2027.14626363],[1533.88052801 3111.56200659],[1094.89368045 3018.1800791 ]
DJI_20250326101145_0380_D:[1245.1551262  1962.33844067],[1703.10860349 2027.14626363],[1533.88052801 3111.56200659],[1094.89368045 3018.1800791 ]
DJI_20250326101143_0379_D:[3094.22302006  239.6249708 ],[3105.53591393  688.87150249],[1994.20898503  665.20567934],[2014.97133     230.44747847]
DJI_20250326100815_0275_D:[1186.28516384 3636.01240275],[1192.98008804 3202.30257205],[2286.24351275 3328.82337291],[2250.00454099 3748.79671785]
31
DJI_20250326100409_0152_D:[4028.409929   2298.06793069],[4033.43444587 2708.29782699],[3115.7490761  2608.79081953],[3123.03564157 2211.98495581]
DJI_20250326100446_0171_D:[2192.37003325 1833.82210267],[2201.67990012 1417.08090077],[3113.27144804 1513.67654679],[3091.47498498 1916.18807686]
DJI_20250326100444_0170_D:[2248.29273641 1355.45308273],[2260.11557177  928.2674177 ],[3178.24776298 1043.78279394],[3154.12896798 1456.16020119]
DJI_20250326100411_0153_D:[3973.32711784 2782.496308  ],[3976.72421779 3198.21185157],[3061.96742518 3085.13132409],[3070.21000213 2682.63550398]
DJI_20250326100407_0151_D:[4046.96136763 1785.42602123],[4053.36889967 2189.20142169],[3133.82981723 2105.35761773],[3140.31209934 1714.86917227]
DJI_20250326100448_0172_D:[2167.1622679  2257.09151373],[2174.50555534 1849.54881323],[3080.09921852 1929.35188376],[3060.18495826 2323.20859621]
DJI_20250326100442_0169_D:[2379.5555798  782.1075964],[2391.02731571  348.01859866],[3305.80391625  475.98540017],[3282.75915874  895.13110095]
DJI_20250326100413_0154_D:[3908.1381934  3270.40067122],[3909.00469397 3691.44800225],[2996.07519491 3563.94598849],[3006.02600903 3155.70441275]
DJI_20250326100404_0150_D:[4044.29685785 1288.46100879],[4051.98383779 1683.38795555],[3136.03710389 1615.8712232 ],[3141.66422901 1233.63037401]
DJI_20250326100112_0064_D:[1077.28430731 2740.53866884],[1096.57448109 2458.25526913],[1722.21321193 2510.94165206],[1709.16352474 2790.20588925]
32
DJI_20250326100755_0265_D:[3032.76497613 2277.79343922],[3029.93178949 2768.40260376],[1970.23662521 2662.08690078],[1989.73580452 2190.20374062]
DJI_20250326100446_0171_D:[1058.31620508 1429.09552776],[1052.37911703  946.76779282],[2127.55423218 1067.57378523],[2118.04669127 1534.55652905]
DJI_20250326100448_0172_D:[1038.20795775 1916.9472655 ],[1029.13348303 1445.46376935],[2097.06952174 1548.13302095],[2089.8869771  2004.33263462]
DJI_20250326100753_0264_D:[3146.64332519 1441.56855891],[3131.62121371 1936.98805656],[2030.1569733  1824.87035287],[2063.53743012 1349.29181744]
DJI_20250326100444_0170_D:[1111.82830328  877.46719383],[1110.01823558  383.83942953],[2192.7092832   524.16594608],[2180.17096362 1002.84863668]
DJI_20250326100751_0263_D:[3035.0637926  1244.69204595],[3022.74028771 1742.8585535 ],[1911.01942073 1646.81584603],[1942.57905706 1168.85585415]
DJI_20250326100757_0266_D:[3056.10151607 3178.01884814],[3047.99363231 3672.05293951],[2006.39089781 3527.24400593],[2029.04767618 3051.62605553]
DJI_20250326100450_0173_D:[1079.38602409 2525.33622421],[1070.87893243 2066.08904303],[2131.8103599  2152.98457654],[2123.34786532 2597.38835237]
DJI_20250326100749_0262_D:[2814.06709259  686.92177256],[2796.23952403 1177.71091246],[1686.29973519 1098.81230134],[1723.93319408  628.36515053]
DJI_20250326100452_0174_D:[1012.87616665 3077.42469237],[1000.05264287 2625.65577409],[2068.04470751 2693.23522095],[2062.60623506 3131.04942315]
33
DJI_20250326100407_0151_D:[3966.96469125 2406.17253915],[3970.31407046 2831.74508159],[3024.33457377 2725.17064822],[3033.11034528 2313.95325   ]
DJI_20250326100404_0150_D:[3966.6226178  1890.49882237],[3971.41559528 2307.9484685 ],[3028.30920024 2218.70011959],[3036.18419687 1815.4289952 ]
DJI_20250326100448_0172_D:[2280.39584205 1632.70843881],[2290.12854353 1202.44007019],[3221.09869097 1305.84559082],[3199.21673825 1720.97215458]
DJI_20250326100446_0171_D:[2309.73350198 1190.99650704],[2321.58103212  751.98666566],[3258.21474068  873.45602321],[3234.5377036 1296.8663343]
DJI_20250326100409_0152_D:[3946.14603183 2933.95670792],[3947.7666795 3364.6156291],[3004.83237421 3242.2280892 ],[3014.50179046 2825.5207481 ]
DJI_20250326100450_0173_D:[2311.31347959 2190.75614722],[2322.24324189 1770.18646021],[3247.19056879 1857.51723608],[3224.07651749 2263.42886685]
DJI_20250326100403_0149_D:[4040.15643812 1367.18101049],[4044.83090306 1776.92644121],[3100.66619488 1699.69100684],[3109.1835928  1303.66001851]
DJI_20250326100444_0170_D:[2371.16181126  691.75176501],[2385.67206086  243.61459353],[3328.03290466  385.31492152],[3302.33424086  817.47909437]
DJI_20250326100452_0174_D:[2253.56188639 2688.611758  ],[2261.96754306 2272.79351172],[3193.76023957 2341.20316622],[3172.6835205  2742.65900072]
DJI_20250326100112_0064_D:[1164.7533326  2310.18031787],[1184.10357865 2034.02859574],[1804.05941663 2091.63221914],[1791.39638287 2364.77656785]
34
DJI_20250326100753_0264_D:[3201.56300649 2232.36567294],[3185.97440685 2754.5002424 ],[2055.03498653 2609.39003976],[2087.87437361 2108.44949282]
DJI_20250326100751_0263_D:[3095.51664237 2039.72600463],[3083.03671365 2566.11919879],[1940.24166505 2436.20889471],[1970.88809052 1931.56520214]
DJI_20250326100450_0173_D:[ 994.90248142 1793.76097196],[ 988.18719681 1312.19320787],[2074.13746358 1423.33548773],[2065.57814708 1889.42612026]
DJI_20250326100448_0172_D:[ 952.71789248 1167.66459248],[946.1378113  676.11486915],[2037.195121   801.9627606],[2029.74565938 1278.6979618 ]
DJI_20250326100749_0262_D:[2866.67977713 1471.71630456],[2848.83475447 1992.55322033],[1706.98762907 1879.32231298],[1743.34153041 1380.33414426]
DJI_20250326100755_0265_D:[3104.14699757 3056.61251855],[3101.22488985 3568.7189462 ],[2015.42865511 3432.4539698 ],[2033.37408894 2939.7241414 ]
DJI_20250326100452_0174_D:[ 921.40602658 2356.51275528],[ 910.29488124 1880.2531449 ],[2005.32337319 1971.88708287],[1999.77741082 2432.83545659]
DJI_20250326100446_0171_D:[977.45610573 663.85828534],[974.80359534 164.08185946],[2071.15622139  306.81421508],[2061.04282466  792.48936692]
DJI_20250326100747_0261_D:[2688.3709919  1162.53851786],[2666.28145711 1686.66897972],[1513.59828133 1581.43688396],[1554.81786157 1079.90389969]
DJI_20250326100745_0260_D:[2595.10475275 1071.85542736],[2577.04822023 1606.54618035],[1401.5828425 1515.5235759],[1439.91058458 1004.30673943]
35
DJI_20250326100403_0149_D:[3984.19345192 1992.18277946],[3986.0678496  2423.29430976],[3016.73303366 2322.980522  ],[3027.18570656 1906.91285048]
DJI_20250326100404_0150_D:[3910.17740065 2531.74645727],[3912.17066971 2969.45526986],[2944.878534   2856.60202964],[2954.57921974 2433.89577017]
DJI_20250326100450_0173_D:[2401.33435408 1546.90097196],[2414.17349692 1105.16627266],[3362.14921778 1217.30719267],[3337.75864982 1643.02167723]
DJI_20250326100452_0174_D:[2339.62321092 2055.73926159],[2349.9148848 1617.8223386],[3305.68550541 1710.21443128],[3283.26436657 2132.34723584]
DJI_20250326100401_0148_D:[4027.74139421 1456.59776769],[4030.22027004 1882.44681337],[3055.35015135 1796.74231762],[3065.97087254 1385.70939469]
DJI_20250326100407_0151_D:[3908.0044706  3063.74844718],[3908.07933253 3507.96579054],[2939.09475959 3377.77315973],[2949.81763589 2948.140799  ]
DJI_20250326100448_0172_D:[2368.72159177  969.31799896],[2380.43141346  518.99504295],[3334.03227233  648.23047838],[3311.16416519 1082.24374263]
DJI_20250326100454_0175_D:[2326.23648234 2635.70548933],[2335.85319809 2208.91838166],[3284.95465409 2280.90921191],[3263.032841   2692.57623631]
DJI_20250326100116_0066_D:[1206.74623086 2580.52515961],[1221.96471557 2306.81876263],[1831.67930834 2358.14819918],[1821.38803298 2628.67084927]
DJI_20250326100114_0065_D:[1210.41108941 2235.98774491],[1227.75169739 1963.47395956],[1840.57484628 2020.19531949],[1829.25064814 2289.66354748]
36
DJI_20250326101501_0478_D:[3276.72919431 2185.53547898],[3251.4705482  2711.56781702],[2097.96691287 2546.87063709],[2140.42347744 2035.04471199]
DJI_20250326101459_0477_D:[3383.67233643 1596.6965641 ],[3360.39103374 2114.69241338],[2201.90630685 1962.39529884],[2243.16372902 1458.4308263 ]
DJI_20250326101503_0479_D:[3257.99947356 2825.80227201],[3231.63155391 3356.83292201],[2086.59454862 3179.12526319],[2128.77936674 2661.92677569]
DJI_20250326101209_0392_D:[1070.59379872 1372.28277642],[1079.51438543  862.76346969],[2208.4063742  1011.54570221],[2185.23140365 1511.32670133]
DJI_20250326101211_0393_D:[ 985.18534646 1930.47602593],[ 990.62984972 1425.52907462],[2126.92684903 1564.92879874],[2105.7417938 2059.5838757]
DJI_20250326101457_0476_D:[3430.17908001 1037.45013965],[3408.71858482 1544.06527679],[2253.14382022 1405.64931212],[2293.24069912  912.67863247]
DJI_20250326101207_0391_D:[1146.81789932  778.79765538],[1159.43832039  266.98327961],[2278.72209962  424.4939257 ],[2253.61343377  927.73475224]
DJI_20250326101213_0394_D:[ 901.32188599 2513.68886197],[ 903.46233888 2020.91114393],[2033.33476274 2148.84227385],[2014.38805963 2631.63880788]
DJI_20250326101547_0501_D:[3217.51229864 1788.39739327],[3262.90052584 1309.40029468],[4290.16466517 1470.18193528],[4232.59194962 1936.50550624]
DJI_20250326101549_0502_D:[3085.73050033 2373.24854563],[3128.5244835  1902.61933245],[4158.12712961 2047.85860719],[4102.09887437 2506.22228233]
37
DJI_20250326101545_0500_D:[2265.55867796 1440.87544198],[2297.76006904  953.15301125],[3360.15079988 1117.15154696],[3314.13768017 1594.58035542]
DJI_20250326101547_0501_D:[2236.33161249 2044.80837524],[2268.14788522 1569.45143299],[3321.337754   1723.14338076],[3275.34455082 2188.37271824]
DJI_20250326101501_0478_D:[4336.84364348 1893.55253281],[4329.78496001 2413.11682636],[3159.43484767 2257.67766421],[3184.9837393  1748.94508166]
DJI_20250326101503_0479_D:[4312.81603917 2533.66971319],[4303.00840392 3059.1504958 ],[3141.38662617 2894.9463068 ],[3167.76609982 2379.51806552]
DJI_20250326101549_0502_D:[2107.31079463 2630.69513828],[2135.95250554 2164.49959904],[3189.74553357 2305.70092376],[3146.38500261 2761.95025364]
DJI_20250326101543_0499_D:[2419.16356765  792.30373121],[2453.77903859  296.95946517],[3514.63556696  472.20382241],[3467.4629758   957.25738624]
DJI_20250326101505_0480_D:[4226.29834185 3161.42065033],[4212.6668348  3687.87439863],[3066.69487775 3517.09851887],[3094.80177342 2999.1868675 ]
DJI_20250326101459_0477_D:[4443.1534498  1307.66096642],[4439.49557806 1817.99861639],[3265.83852295 1671.12954812],[3289.43705855 1171.26262405]
DJI_20250326101551_0503_D:[2012.12830564 3232.58240823],[2038.1045966  2781.39000428],[3081.26512862 2909.65168904],[3040.07659122 3351.2417129 ]
DJI_20250326101457_0476_D:[4482.45958721  753.25040755],[4481.94112565 1250.62618589],[3312.84141343 1113.57359452],[3334.5706588   625.91476251]
38
DJI_20250326101503_0479_D:[3246.59111322 2018.16116994],[3221.5309374  2539.08842105],[2073.7763853  2378.62356027],[2117.28376397 1872.18947735]
DJI_20250326101505_0480_D:[3171.9919556  2653.99283191],[3145.07333741 3179.1883657 ],[2010.81857601 3005.61325149],[2054.86630346 2494.67298072]
DJI_20250326101207_0391_D:[1159.63960981 1556.13434398],[1168.42206794 1049.31877329],[2295.16469448 1197.06352027],[2270.5193415  1693.30408715]
DJI_20250326101501_0478_D:[3264.06355241 1373.34500417],[3239.94069042 1886.04591094],[2085.3478709 1739.932115 ],[2128.94091698 1241.60428614]
DJI_20250326101209_0392_D:[1086.88739186 2155.86523364],[1092.32319676 1655.16751695],[2226.43666458 1791.94014995],[2203.68970768 2281.78810138]
DJI_20250326101205_0390_D:[1144.52108012  995.06039302],[1154.36602098  481.68236544],[2280.55730254  636.13764485],[2256.33171971 1140.0313444 ]
DJI_20250326101507_0481_D:[3022.69733103 3223.08995396],[2993.28875083 3750.66544036],[1872.23899968 3566.49402253],[1917.09512013 3052.81467071]
DJI_20250326101211_0393_D:[1004.87167418 2717.1008413 ],[1006.79336382 2224.02951753],[2146.34336987 2350.18805736],[2125.708792   2832.78135347]
DJI_20250326101459_0477_D:[3370.18259793  784.86425259],[3348.4035882  1287.04649957],[2189.81850537 1153.87108872],[2232.06908619  665.67905072]
DJI_20250326101545_0500_D:[3260.34093597 1932.56025097],[3307.14354334 1449.75753852],[4345.62315492 1608.07355171],[4285.15522241 2077.63954049]
39
DJI_20250326101543_0499_D:[1737.83612196 1473.05573984],[1761.94002428  985.89416424],[2833.9129938  1146.64958549],[2794.68500426 1625.04222282]
DJI_20250326101545_0500_D:[1587.47871918 2118.13973592],[1608.49266818 1641.40637034],[2679.83786188 1792.87140046],[2642.9680256  2260.72728881]
DJI_20250326101541_0498_D:[1835.72817843  852.41810915],[1861.6754691   358.57802528],[2930.82793654  525.79874034],[2890.89090132 1011.51802525]
DJI_20250326101547_0501_D:[1564.87748393 2711.85903993],[1585.19974596 2249.02322936],[2646.41538411 2391.99347331],[2609.88459997 2846.20805189]
DJI_20250326101505_0480_D:[4925.27927274 2432.22355189],[4926.85599498 2947.1478754 ],[3781.85705885 2791.49994262],[3797.12239467 2283.74870191]
DJI_20250326101507_0481_D:[4766.05985964 2996.20602064],[4762.60234694 3514.2087457 ],[3628.65206515 3355.18495922],[3647.11173836 2843.34100727]
DJI_20250326101503_0479_D:[5013.52547303 1801.34537906],[5020.0581607  2311.52204963],[3862.16676292 2160.96176637],[3874.85440505 1658.64549254]
DJI_20250326101549_0502_D:[1441.39890324 3292.80110598],[1457.589822   2841.40384307],[2517.72616268 2973.845823  ],[2484.37279472 3417.13974569]
DJI_20250326101501_0478_D:[5035.90531508 1164.63521689],[5046.46855696 1665.39637616],[3882.6154215  1520.85513207],[3893.53034608 1027.86651427]
DJI_20250326101459_0477_D:[5135.82025754  588.41880437],[5150.93101406 1076.77563354],[3988.01038626  936.75015209],[3995.64207467  455.6891267 ]
40
DJI_20250326101507_0481_D:[3959.37924622 2473.89310564],[3947.07001494 2989.92907934],[2809.5762167  2827.72265671],[2840.3030938  2322.97504745]
DJI_20250326101543_0499_D:[2512.19220882 1983.56479487],[2547.76286211 1501.84711356],[3608.99387925 1657.53621667],[3557.46618307 2128.14201109]
DJI_20250326101541_0498_D:[2610.27804507 1359.68097721],[2646.97819745  868.93960093],[3706.07884719 1035.09596911],[3654.26831817 1514.48756752]
DJI_20250326101505_0480_D:[4113.0559211  1902.49359453],[4104.5086299  2412.81072768],[2956.13534259 2258.91893488],[2984.48547245 1760.24193316]
DJI_20250326101509_0482_D:[3902.96619281 3084.76100294],[3888.10264221 3601.56132986],[2768.30158034 3432.52178007],[2799.60988417 2925.74782743]
DJI_20250326101545_0500_D:[2359.1404437  2628.39919855],[2391.98802288 2158.56108306],[3452.61566069 2301.81893462],[3403.18528214 2760.78561734]
DJI_20250326101539_0497_D:[2648.54562676  699.67558706],[2684.0249953   200.83393719],[3742.85147323  375.06472009],[3693.54701518  862.50359714]
DJI_20250326101503_0479_D:[4193.15456431 1264.35806842],[4187.93569059 1767.44143109],[3027.64440647 1624.03826156],[3054.33532737 1132.40867393]
DJI_20250326101203_0389_D:[ 316.35336205 1146.51154713],[313.75662109 640.03400782],[1434.0828636   784.74641435],[1421.98362289 1285.14331561]
DJI_20250326101205_0390_D:[ 245.90885014 1741.21560738],[ 238.18411885 1241.51392276],[1362.63582912 1378.98197948],[1353.86517419 1871.70827976]
41
DJI_20250326101551_0503_D:[2279.25620961 1829.53149725],[2310.34187738 1359.06182305],[3344.37764902 1510.89806596],[3301.73001674 1971.60400935]
DJI_20250326101549_0502_D:[2379.80806572 1212.14369026],[2413.05717605  730.50457663],[3455.39584429  895.48873099],[3411.20358155 1367.15274972]
DJI_20250326101553_0504_D:[2209.40196332 2377.59677605],[2237.66049723 1916.04341891],[3267.82999133 2054.17915144],[3227.60073622 2506.21600244]
DJI_20250326101457_0476_D:[4209.26166384 2297.9534632 ],[4195.55956125 2821.8219433 ],[3031.67373269 2659.80581058],[3060.17762162 2146.4829459 ]
DJI_20250326101459_0477_D:[4162.27147586 2860.14012257],[4145.7272155  3390.91915156],[2981.58781318 3219.89085179],[3011.5330529  2698.69557897]
DJI_20250326101455_0475_D:[4319.92577786 1616.49181048],[4308.72025968 2130.69271508],[3143.89849377 1977.43882142],[3171.45001851 1473.953013  ]
DJI_20250326101555_0505_D:[2186.88401318 2911.66902748],[2215.04617589 2454.80588658],[3250.39769494 2585.21762231],[3209.58429786 3032.48766519]
DJI_20250326101547_0501_D:[2512.58771712  627.72059532],[2548.45018507  141.92064076],[3587.39631123  319.11192132],[3541.87974046  795.00208444]
DJI_20250326101453_0474_D:[4421.9465641   978.27722357],[4413.92552841 1485.2765326 ],[3240.52182981 1339.96268895],[3266.81898713  843.16599867]
DJI_20250326101213_0394_D:[ 159.69860693 1314.70602386],[160.34321248 813.42453167],[1275.35703547  951.06397414],[1263.63192887 1447.17212697]
42
DJI_20250326101215_0395_D:[1471.40319134 1673.75812042],[1486.07746312 1174.66556932],[2593.09316748 1317.82290724],[2565.8156203  1805.78956457]
DJI_20250326101455_0475_D:[2899.58408964 1824.1125839 ],[2867.10952671 2343.76895538],[1728.73298475 2184.29947794],[1775.87253938 1679.62979381]
DJI_20250326101217_0396_D:[1442.12016434 2263.46317312],[1456.65580929 1770.82807228],[2565.31383908 1905.45954175],[2537.31847921 2386.7482229 ]
DJI_20250326101213_0394_D:[1504.39195541 1087.39456993],[1520.53251062  577.93976424],[2636.75650434  732.15402315],[2608.95424153 1230.98412902]
DJI_20250326101457_0476_D:[2786.11242235 2511.805826  ],[2752.92604096 3040.43121894],[1617.03185786 2866.13179536],[1663.83656467 2352.79783191]
DJI_20250326101453_0474_D:[2995.34375644 1180.87930844],[2963.70527874 1694.96799165],[1814.87736957 1548.99386479],[1862.33391609 1049.95477428]
DJI_20250326101459_0477_D:[2735.31163698 3075.77996263],[2700.87920535 3610.88887827],[1564.99656397 3421.60938732],[1611.82277295 2901.91336144]
DJI_20250326101219_0397_D:[1410.70310224 2852.87345917],[1423.78386402 2364.69679763],[2541.05323198 2488.51848579],[2513.37864648 2965.50928049]
DJI_20250326101451_0473_D:[3052.45337769  483.1781205 ],[3023.07728131  990.76224039],[1860.37760716  863.44981605],[1907.48663441  371.16372816]
DJI_20250326101115_0365_D:[5107.56242407 1966.85841635],[5115.6054736  2451.09232791],[4015.94019756 2328.99728657],[4020.74003385 1853.92256774]
43
DJI_20250326101553_0504_D:[2376.10146746 1670.71055357],[2406.74341056 1201.38816836],[3432.57845229 1351.78390858],[3391.65733258 1811.45283988]
DJI_20250326101555_0505_D:[2354.4983166  2202.29406175],[2385.23433696 1735.99067432],[3416.99366858 1878.74621109],[3375.358742   2335.34307097]
DJI_20250326101455_0475_D:[4141.10178901 2401.3215069 ],[4123.48982335 2925.97516336],[2961.65641723 2759.24863222],[2992.56182795 2245.16956603]
DJI_20250326101453_0474_D:[4244.91016223 1764.87893918],[4229.7646014  2286.02047521],[3056.76970769 2127.13612029],[3086.92214353 1617.06945088]
DJI_20250326101551_0503_D:[2449.63438294 1119.47048282],[2482.98131508  643.13345209],[3511.44688523  807.42111702],[3468.55762536 1273.92038928]
DJI_20250326101457_0476_D:[4028.77750669 3084.13501696],[4008.72894749 3614.37326989],[2850.4145437  3440.15038984],[2881.98656279 2919.23210117]
DJI_20250326101557_0506_D:[2280.84807569 2757.75649304],[2310.7490642  2296.27237859],[3347.25012723 2429.97024244],[3305.84038552 2881.69366834]
DJI_20250326101451_0473_D:[4315.95358246 1071.02018546],[4305.11529108 1587.79160515],[3117.28800904 1441.31083502],[3145.33340549  935.34026367]
DJI_20250326101549_0502_D:[2552.83591159  496.90442429],[2588.04404515   12.99103187],[3622.63304554  190.46695927],[3579.1841001   664.57702651]
DJI_20250326101217_0396_D:[ 270.67653318 1726.54347477],[ 274.17308927 1233.08602452],[1381.67535843 1371.06073798],[1367.07469825 1858.2396033 ]
44
DJI_20250326101217_0396_D:[1531.90662012 1529.07757831],[1549.74599701 1028.17324359],[2655.94155061 1177.18265044],[2626.85976115 1667.00132317]
DJI_20250326101219_0397_D:[1499.4270193  2114.73562162],[1516.00021445 1615.78443015],[2632.09703452 1754.64220552],[2603.20594673 2242.06682555]
DJI_20250326101453_0474_D:[2890.96738609 1954.13219394],[2857.17087694 2480.40937774],[1709.56712629 2314.45054696],[1756.94360014 1803.3668642 ]
DJI_20250326101455_0475_D:[2796.15366347 2593.73369393],[2761.82814906 3122.86565126],[1626.16837504 2943.80133155],[1672.76328719 2429.82731912]
DJI_20250326101215_0395_D:[1560.81224993  939.9476946 ],[1579.00406224  435.47784489],[2682.00135873  591.72386088],[2653.78368741 1086.02527909]
DJI_20250326101451_0473_D:[2949.6461877  1260.41780897],[2917.67079715 1783.84931602],[1754.44805092 1635.74392312],[1801.45097574 1127.72838814]
DJI_20250326101221_0398_D:[1374.97906601 2710.83052899],[1388.93488012 2219.02936434],[2507.77291269 2345.77446708],[2480.56668145 2826.39384865]
DJI_20250326101457_0476_D:[2683.69480253 3281.96477076],[2649.02894293 3815.87108874],[1518.20616701 3622.23639341],[1563.35590882 3103.47582339]
DJI_20250326101449_0472_D:[2984.30763681  603.33048322],[2954.64825658 1121.52144336],[1778.43412331  992.54612451],[1824.98434286  490.10823248]
DJI_20250326101223_0399_D:[1283.17815618 3277.9939771 ],[1294.11451458 2794.36680829],[2414.96033796 2909.55436211],[2389.47611139 3382.68962471]
45
DJI_20250326101451_0473_D:[4025.82923023 1872.40579866],[4006.8582873  2403.79226081],[2818.74580265 2241.99833137],[2851.69862275 1722.6005693 ]
DJI_20250326101453_0474_D:[3952.58639092 2561.09539011],[3930.08990972 3092.71281961],[2759.49314919 2918.60328454],[2794.03609749 2398.14519758]
DJI_20250326101557_0506_D:[2551.46573992 2043.49508849],[2584.69783691 1572.71003961],[3616.97076815 1719.5973615 ],[3574.01196918 2180.25644935]
DJI_20250326101555_0505_D:[2624.49701937 1488.84763885],[2658.27207891 1014.91901712],[3684.8384006  1171.23117016],[3642.05870031 1634.97876729]
DJI_20250326101449_0472_D:[4073.43407077 1216.75346534],[4058.4175939  1745.22549442],[2855.62454016 1597.53858342],[2886.58761594 1081.03213335]
DJI_20250326101559_0507_D:[2471.47945966 2594.86773813],[2504.46760951 2126.00713858],[3546.48320572 2264.78449478],[3502.99790713 2723.3722839 ]
DJI_20250326101455_0475_D:[3848.96402581 3193.04682057],[3824.28977201 3724.01229137],[2667.27953938 3543.03420152],[2702.09536418 3021.86969133]
DJI_20250326101553_0504_D:[2644.33924998  960.34899153],[2677.77830791  485.63853038],[3697.21493983  649.85952921],[3655.73526188 1114.47095843]
DJI_20250326101219_0397_D:[ 493.56781072 1550.68487953],[ 502.29334023 1050.15511377],[1621.15691547 1192.82476685],[1602.61256632 1686.37500375]
DJI_20250326101601_0508_D:[2446.93231861 3143.43604809],[2478.84633443 2679.73971623],[3524.39428407 2806.96588072],[3481.11136239 3260.17672232]
46
DJI_20250326100727_0251_D:[3141.0540979  2062.38432713],[3139.31550666 2532.24885632],[2114.5005289  2437.44608993],[2127.07744019 1983.99073599]
DJI_20250326100725_0250_D:[3233.5896638  1404.65325472],[3236.08116471 1872.78691528],[2195.64240241 1804.28945083],[2205.007798   1352.46125457]
DJI_20250326100458_0177_D:[1017.11633512 1443.32181299],[1023.15294634  963.94859995],[2092.90547352 1097.0674421 ],[2077.27410055 1561.84647203]
DJI_20250326100729_0252_D:[2855.70656469 2441.93870488],[2861.50842927 2917.13620094],[1841.53579823 2832.21116306],[1846.30989384 2373.73955004]
DJI_20250326100500_0178_D:[ 869.95201862 2084.66706642],[ 871.74000283 1604.48848797],[1961.15072927 1719.20804161],[1948.1004374  2184.27080587]
DJI_20250326100456_0176_D:[1190.58318378  819.78245509],[1201.81907547  346.08436296],[2244.30396831  497.19949076],[2225.08257309  957.55615197]
DJI_20250326100731_0253_D:[2725.06590445 2725.12716109],[2718.52303478 3199.04107825],[1712.78902674 3081.69445193],[1728.79291137 2624.76680382]
DJI_20250326100502_0179_D:[ 721.37844018 2631.27448495],[ 716.34533209 2149.54288814],[1827.91189251 2243.41008251],[1819.81756146 2710.31032829]
DJI_20250326100843_0289_D:[3090.39916491 1771.17501629],[3118.98062219 1288.15664083],[4135.97424715 1422.02605916],[4097.80902481 1887.1509023 ]
DJI_20250326100733_0254_D:[2740.35927415 3081.2528425 ],[2751.90213803 3554.42267517],[1749.62113728 3465.13062695],[1747.41500113 3008.41103641]
47
DJI_20250326100458_0177_D:[2039.80831605 1899.02556976],[2054.78212631 1432.21248077],[3074.65153063 1552.46986822],[3049.27215205 2002.15525201]
DJI_20250326100456_0176_D:[2188.04945154 1281.66797212],[2206.74439565  818.11444167],[3201.95139427  960.61833424],[3173.92193524 1407.48127437]
DJI_20250326100500_0178_D:[1909.90576849 2532.41089863],[1922.12904432 2066.31870913],[2960.21449547 2164.47169437],[2936.64328483 2613.40992618]
DJI_20250326100355_0145_D:[4362.58450821 1910.2090011 ],[4367.51681948 2364.87588476],[3335.53935142 2264.25744456],[3341.7377192  1825.04185763]
DJI_20250326100356_0146_D:[4338.74521995 2436.14116724],[4341.50157002 2896.02780592],[3310.98357919 2778.42773975],[3318.31414884 2333.80320408]
DJI_20250326100352_0144_D:[4401.13162254 1394.90704332],[4405.82159748 1843.55455594],[3372.89449364 1754.50135652],[3380.26485201 1320.98910171]
DJI_20250326100358_0147_D:[4265.75257004 2984.17606452],[4264.01491941 3448.96305093],[3235.6076603  3311.09812945],[3246.16796721 2860.94977611]
DJI_20250326100502_0179_D:[1782.63992445 3069.03496234],[1789.57785643 2602.23219458],[2849.48650766 2676.7128252 ],[2829.85982346 3126.54985634]
DJI_20250326100454_0175_D:[2151.47731747  555.68206753],[2161.55869322   86.36183895],[3161.07424727  232.33823134],[3142.53875008  685.57822125]
DJI_20250326100727_0251_D:[2143.39689066 1649.85478703],[2130.53107395 2104.41873024],[1168.05916162 2025.17517918],[1191.29540479 1588.30301811]
48
DJI_20250326100456_0176_D:[1041.95960439 1534.58405963],[1048.46326441 1057.29979378],[2114.4675999  1191.52271743],[2097.103858   1654.08350483]
DJI_20250326100729_0252_D:[2943.60384674 1706.62326455],[2951.0314997  2181.56413003],[1911.10451153 2120.57052397],[1916.37853139 1662.4137464 ]
DJI_20250326100731_0253_D:[2827.77895832 2001.59476666],[2822.57614279 2476.54905834],[1795.97122455 2382.2296191 ],[1812.85727897 1924.40399963]
DJI_20250326100727_0251_D:[3249.11693091 1326.80146563],[3249.64656654 1794.92768838],[2205.12021732 1723.43368364],[2217.49797447 1271.72757041]
DJI_20250326100733_0254_D:[2814.35479207 2364.51000829],[2827.24191587 2840.49625712],[1804.36180713 2774.24916445],[1803.24988145 2314.92969919]
DJI_20250326100458_0177_D:[ 868.79525935 2183.06345297],[ 869.62678892 1703.1988634 ],[1962.03246309 1817.05883063],[1948.56830748 2281.72508314]
DJI_20250326100454_0175_D:[1007.88825717  807.68020416],[1007.18196414  323.98143053],[2075.79130128  456.04574564],[2067.12971333  926.53069576]
DJI_20250326100841_0288_D:[2988.37511584 1951.868876  ],[3019.14288941 1459.85272504],[4063.01780481 1594.65987548],[4020.88422941 2068.12134772]
DJI_20250326100735_0255_D:[2507.56241841 2780.6134881 ],[2531.71427871 3276.03232038],[1486.28313884 3222.36888796],[1473.95579312 2745.14814208]
DJI_20250326100839_0287_D:[3141.82993933 1411.83059916],[3175.30395691  907.91706144],[4224.61348884 1065.59947184],[4180.72691715 1549.79070358]
49
DJI_20250326100456_0176_D:[2153.9239004  2013.28219146],[2171.6302573  1553.10796386],[3176.8732475  1672.11949618],[3147.97774137 2115.33564453]
DJI_20250326100454_0175_D:[2130.77301117 1283.03883344],[2139.5901669   813.29872374],[3150.48567315  937.27570324],[3130.72197132 1390.01007155]
DJI_20250326100358_0147_D:[4298.50674333 2258.69763469],[4300.94623517 2721.89232808],[3260.57555713 2604.52865557],[3269.77350607 2157.31383316]
DJI_20250326100356_0146_D:[4366.32964123 1708.28986054],[4373.06039165 2163.85993563],[3332.50606593 2068.40041995],[3338.52363463 1628.59518259]
DJI_20250326100401_0148_D:[4275.07825799 2811.12009874],[4274.80698408 3277.93941485],[3239.76962833 3143.30092459],[3250.30062129 2691.75193546]
DJI_20250326100458_0177_D:[2008.05308259 2649.0032134 ],[2021.78743335 2187.73924225],[3051.26004514 2282.79286606],[3025.27886902 2726.96389617]
DJI_20250326100452_0174_D:[2145.11076077  659.17481774],[2155.064437  181.51457 ],[3171.15944975  327.05307084],[3151.26901522  787.75598534]
DJI_20250326100355_0145_D:[4387.2763867  1180.42322881],[4396.17197641 1628.53294415],[3355.80643477 1550.87619064],[3360.64461556 1117.91001694]
DJI_20250326100403_0149_D:[4226.62700374 3368.21685185],[4224.76633043 3835.45419026],[3199.40048089 3688.68893838],[3210.06601334 3235.52441117]
DJI_20250326100118_0067_D:[1088.96265932 2122.88345136],[1106.89847949 1855.55341249],[1710.50871108 1916.94981264],[1697.26789752 2181.31611831]
50
DJI_20250326100454_0175_D:[ 966.77232351 1509.72953953],[ 961.71657977 1028.06503354],[2040.15967251 1142.78238962],[2032.95069078 1609.81257655]
DJI_20250326100733_0254_D:[2810.3972024 1664.2807059],[2823.63598865 2134.12255042],[1795.89688668 2091.60500289],[1796.14150272 1638.19070847]
DJI_20250326100456_0176_D:[ 990.00592252 2237.90543079],[ 992.67292276 1766.36047901],[2066.3731532  1881.01518119],[2050.30776692 2337.45675089]
DJI_20250326100731_0253_D:[2851.09909394 1296.81768692],[2846.54356823 1764.42038136],[1814.68548944 1694.16222073],[1832.62349288 1243.49167787]
DJI_20250326100735_0255_D:[2481.10164736 2058.70688855],[2504.86811207 2549.45709143],[1453.8086038  2521.70711669],[1444.04056494 2048.73575185]
DJI_20250326100452_0174_D:[973.43538369 868.58556364],[970.96217079 378.2635388 ],[2054.36356952  510.51259159],[2046.0669085   987.07781651]
DJI_20250326100747_0261_D:[2616.20528864 2817.60387947],[2592.8968321  3364.36618451],[1449.61464063 3193.54812064],[1486.57195781 2670.24578565]
DJI_20250326100743_0259_D:[2468.2343948  2616.81463262],[2451.58120626 3182.94780065],[1269.42507744 3032.41437189],[1300.98448274 2491.49325641]
DJI_20250326100745_0260_D:[2540.51908237 2764.9371796 ],[2521.86562858 3323.75923982],[1355.37428821 3163.52659312],[1388.38086035 2629.21465325]
DJI_20250326100741_0258_D:[2339.58089209 2443.86827696],[2316.42268327 3016.97847318],[1122.65691243 2860.7209315 ],[1160.84665105 2313.87947205]
51
DJI_20250326100502_0179_D:[1888.80395952 1640.22811719],[1900.05285029 1140.10652707],[2990.09582477 1269.64223415],[2969.26262152 1750.81483748]
DJI_20250326100504_0180_D:[1944.27933083 2332.13603527],[1959.27086685 1836.72754693],[3050.8758362  1950.56045193],[3025.56966033 2427.00300958]
DJI_20250326100500_0178_D:[2030.15151483 1110.1047883 ],[2046.36732193  615.4823171 ],[3110.88390782  767.95321717],[3086.42563    1244.23726291]
DJI_20250326100350_0143_D:[4448.15526303 2196.89860138],[4449.15167921 2673.78391865],[3373.58487472 2556.27081918],[3381.85782007 2095.73116702]
DJI_20250326100348_0142_D:[4461.56311031 1637.76157971],[4465.13961875 2113.34711294],[3379.7963    2014.0431451],[3386.94968843 1555.11961202]
DJI_20250326100352_0144_D:[4332.71736303 2764.89392258],[4329.60537903 3240.88417192],[3269.39745819 3104.60625233],[3280.30506115 2644.12864487]
DJI_20250326100506_0181_D:[1932.0280319  2903.90094603],[1946.30401701 2418.17585383],[3031.09722303 2510.88330746],[3005.97710741 2978.24098911]
DJI_20250326100346_0141_D:[4547.16533958 1071.54593748],[4553.90912469 1543.73879816],[3459.11248912 1462.79678531],[3464.59836024 1006.72307437]
DJI_20250326100355_0145_D:[4294.70583847 3295.29462318],[4291.39735614 3772.55019071],[3235.57920681 3626.42231338],[3245.38190094 3163.54843128]
DJI_20250326100723_0249_D:[2158.85563117 1520.08171079],[2148.28670359 1999.10948803],[1134.58194345 1922.28914313],[1155.15243646 1462.73453415]
52
DJI_20250326100723_0249_D:[3298.85975026 1945.52728774],[3299.62013727 2433.43617585],[2229.17976577 2341.13331972],[2238.39551461 1870.3855706 ]
DJI_20250326100504_0180_D:[ 778.99699115 1855.0547343 ],[ 784.37908983 1353.55727375],[1916.04788315 1481.61681733],[1901.29445127 1967.63268122]
DJI_20250326100725_0250_D:[3242.69209718 2820.48778494],[3243.01305448 3310.52288201],[2184.66566763 3192.99506011],[2192.99142212 2719.78363024]
DJI_20250326100721_0248_D:[3288.94895355 1134.99432937],[3288.95116185 1612.05036482],[2224.44296178 1544.01168328],[2235.16037043 1083.55545832]
DJI_20250326100506_0181_D:[ 774.39681193 2432.72600447],[ 777.8023849  1939.68567922],[1903.34694837 2050.74699657],[1889.23422936 2528.46468954]
DJI_20250326100502_0179_D:[ 725.8613852  1172.05814459],[729.82121341 668.70123763],[1856.24535029  805.42090694],[1844.96051894 1294.60520364]
DJI_20250326100849_0292_D:[3037.52926313 2031.48994831],[3065.76442132 1536.67629541],[4112.6755697  1667.65747242],[4075.98233308 2144.00983239]
DJI_20250326100847_0291_D:[3038.15772791 1460.13063346],[3065.85166144  964.44344285],[4104.87163999 1113.69325543],[4069.66547532 1590.90190305]
DJI_20250326100500_0178_D:[892.29673835 641.7551573 ],[902.74065473 146.16411158],[2002.40384094  301.00908821],[1986.28871393  783.61297478]
DJI_20250326100851_0293_D:[3013.78895088 2613.56339253],[3041.19298867 2117.29335314],[4103.56269979 2227.20108345],[4066.49293001 2704.59841896]
53
DJI_20250326100504_0180_D:[2193.3218972  1595.66847268],[2211.82021418 1088.43186455],[3303.71053397 1231.30479363],[3276.78258448 1718.5906733 ]
DJI_20250326100506_0181_D:[2178.59428562 2179.35157997],[2196.53979917 1680.09015236],[3282.53614646 1800.77862857],[3255.62137473 2280.45347941]
DJI_20250326100348_0142_D:[4246.42292422 2347.37556825],[4244.36431586 2834.28368969],[3155.48101638 2709.23517918],[3165.83562997 2239.73474119]
DJI_20250326100346_0141_D:[4335.04613354 1778.45237618],[4335.64340387 2264.52761966],[3235.13053389 2158.30225136],[3244.14272009 1690.00162705]
DJI_20250326100344_0140_D:[4298.77874824 1216.31218219],[4302.03093311 1701.73110744],[3191.22392373 1616.66558177],[3198.97510291 1148.98813019]
DJI_20250326100502_0179_D:[2131.46830848  898.09837726],[2146.23499833  389.4225189 ],[3235.12310327  548.07258728],[3213.12082837 1037.36075409]
DJI_20250326100508_0182_D:[2138.69167233 2821.95269437],[2155.67444546 2332.20520697],[3235.88333583 2428.11869913],[3209.38329427 2898.7061519 ]
DJI_20250326100350_0143_D:[4231.25621594 2906.06899141],[4226.5970191  3391.53702439],[3149.33007431 3249.10521103],[3160.77817    2779.83808383]
DJI_20250326100343_0139_D:[4242.99139894  686.56777558],[4248.78505978 1163.34747577],[3144.3791167 1100.0438144],[3150.68569843  640.07108102]
DJI_20250326100128_0072_D:[1211.17459633 2139.08661302],[1219.46676915 1889.06196754],[1783.60108052 1938.81107813],[1776.94653099 2185.82806178]
54
DJI_20250326100506_0181_D:[1329.79017418 1697.25169717],[1341.71475774 1189.15431311],[2469.0579053  1326.28032429],[2448.97897883 1816.86067513]
DJI_20250326100508_0182_D:[1294.56891257 2350.5188551 ],[1304.75834455 1850.62089209],[2427.03865675 1965.76472958],[2407.69796174 2448.18219067]
DJI_20250326100504_0180_D:[1340.16948837 1105.05960984],[1353.72464173  591.02942733],[2485.7129629   746.82383075],[2465.23864651 1243.98911769]
DJI_20250326100721_0248_D:[2748.93355468 1861.45057131],[2742.92550401 2353.34361466],[1684.29534331 2258.35023722],[1699.17514104 1785.04079929]
DJI_20250326100719_0247_D:[2962.4167928 1163.6184244],[2952.68849576 1648.2484464 ],[1888.71855216 1565.59376846],[1907.97151519 1099.21422163]
DJI_20250326100510_0183_D:[1250.87549179 2927.15076486],[1255.04073131 2433.76189839],[2377.98320859 2520.69317576],[2363.37674594 2997.21120969]
DJI_20250326100723_0249_D:[2757.3945784  2689.81517015],[2752.57880359 3189.93916251],[1689.6694362  3067.76564451],[1702.34290719 2586.68112491]
DJI_20250326100344_0140_D:[5144.21385395 1671.4286563 ],[5152.66555953 2165.16994194],[4014.70377967 2063.82557927],[4015.88183157 1584.97177109]
DJI_20250326100346_0141_D:[5169.10582292 2235.6768963 ],[5173.32811051 2728.21020006],[4048.74191236 2610.22753278],[4052.07559572 2131.90651123]
DJI_20250326100717_0246_D:[3010.24023594  501.21405613],[2999.86828973  979.20950446],[1932.36788574  916.64472602],[1953.28464946  456.71133184]
55
DJI_20250326100508_0182_D:[2195.97222887 2010.96497778],[2214.58951263 1505.64395674],[3308.3231658  1634.29242708],[3282.01678905 2119.62380116]
DJI_20250326100344_0140_D:[4276.08449517 2020.98438529],[4275.09174071 2521.99693918],[3149.0165537  2406.32479186],[3158.29959389 1923.93982785]
DJI_20250326100343_0139_D:[4224.49898866 1477.17219666],[4226.1037481 1972.0653527],[3104.57926459 1878.86765012],[3112.4286918  1402.44629322]
DJI_20250326100506_0181_D:[2237.65884459 1352.4484157 ],[2257.20198953  839.77656558],[3355.63947704  993.73618503],[3329.14865153 1486.25939514]
DJI_20250326100510_0183_D:[2146.34744494 2584.3449843 ],[2159.92687746 2084.22774974],[3255.15435934 2182.13684062],[3233.03169078 2662.48045147]
DJI_20250326100346_0141_D:[4308.27943788 2583.97127298],[4304.34761455 3082.59339499],[3191.04954346 2947.00497032],[3201.70183508 2465.92587729]
DJI_20250326100340_0138_D:[4269.44775351  918.01776714],[4271.93103343 1402.29039786],[3159.7080163  1326.80799239],[3167.77322941  859.91574405]
DJI_20250326100504_0180_D:[2253.52635369  755.63291351],[2273.78168548  238.25453025],[3376.40038606  414.43174579],[3350.39517133  911.8872527 ]
DJI_20250326100348_0142_D:[4215.31560552 3154.02267345],[4208.48325401 3650.04032867],[3109.26963609 3497.41726057],[3121.3004206  3017.58609816]
DJI_20250326100512_0184_D:[2092.3691027  3290.11391132],[2107.47903983 2798.29771575],[3201.75072256 2875.06655639],[3177.18978972 3347.48208613]
56
DJI_20250326101229_0402_D:[1468.66287267 2031.0339124 ],[1489.5870907  1540.42130849],[2582.28936609 1680.28879499],[2554.10122797 2160.4954804 ]
DJI_20250326101227_0401_D:[1531.7566998  1417.47049364],[1553.0597598   920.83444235],[2649.658297   1070.11662324],[2621.9703504  1556.62389969]
DJI_20250326101231_0403_D:[1429.97079871 2581.45938619],[1449.00437164 2094.66450947],[2543.60108274 2222.70273592],[2516.44615192 2699.1648993 ]
DJI_20250326101445_0470_D:[2728.69534857 2670.57234615],[2694.29790757 3215.57045686],[1525.02263246 3031.16782127],[1567.35908085 2501.71113997]
DJI_20250326101225_0400_D:[1517.85180426  819.4394976 ],[1541.10561017  319.76001007],[2639.78953651  480.38145182],[2611.52035527  970.92153793]
DJI_20250326101233_0404_D:[1355.04357849 3173.26633104],[1371.31466798 2691.53232535],[2469.07742544 2806.9028768 ],[2443.47722383 3278.77302096]
DJI_20250326101447_0471_D:[2665.01550717 3284.93224327],[2630.1993387  3829.06951493],[1469.74902272 3630.08187789],[1510.76758911 3101.14130096]
DJI_20250326101103_0359_D:[4857.25796435 2227.21558811],[4845.1361368 2694.1251118],[3795.01281226 2559.6249611 ],[3812.99592313 2100.63251031]
DJI_20250326101101_0358_D:[4939.48422206 1620.36631303],[4928.11289105 2090.9405649 ],[3859.5039228  1958.14116635],[3878.6143153  1495.93577234]
DJI_20250326101105_0360_D:[4798.30808496 2764.61676968],[4785.52828472 3225.9910239 ],[3754.27334034 3090.28747327],[3771.41147029 2635.8796578 ]
57
DJI_20250326101445_0470_D:[3503.83721313 2341.29709447],[3476.64722836 2878.98009055],[2296.47144864 2708.40399597],[2333.16330694 2183.59707793]
DJI_20250326101447_0471_D:[3437.69799267 2951.74234265],[3409.03459717 3490.47006616],[2236.25379017 3308.5699376 ],[2273.04928346 2781.95153353]
DJI_20250326101227_0401_D:[ 837.84126529 1723.78698292],[ 853.19985084 1234.68511124],[1947.61505991 1373.8633504 ],[1925.28997563 1854.96599792]
DJI_20250326101229_0402_D:[ 779.80416575 2326.53746045],[ 793.90001657 1844.34066226],[1883.62212242 1976.85979828],[1861.2317909  2450.92744307]
DJI_20250326101225_0400_D:[ 820.98088699 1132.8283197 ],[839.00493996 639.67828528],[1935.21132458  787.50622438],[1911.77290809 1273.71140786]
DJI_20250326101601_0508_D:[3083.69096955 1039.77384879],[3119.60135749  566.8196844 ],[4128.19546953  733.48125759],[4087.40309631 1195.49686673]
DJI_20250326101231_0403_D:[ 743.73398679 2870.24408185],[ 754.93847771 2393.04219143],[1845.45663308 2516.35895984],[1824.62039509 2985.79978556]
DJI_20250326101223_0399_D:[939.8927776  513.52103965],[960.5835108   20.02724621],[2052.68770392  173.74015622],[2028.10381722  661.46895548]
DJI_20250326101559_0507_D:[3108.43168345  509.41244084],[3144.40988055   38.41923761],[4145.64793012  216.70733047],[4105.99993314  676.92011387]
DJI_20250326101233_0404_D:[ 672.97919417 3453.23064716],[ 680.22754754 2982.87171285],[1771.54867674 3096.91605053],[1753.1518044  3560.23350711]
58
DJI_20250326101225_0400_D:[1643.32640533 1644.67457705],[1664.81621923 1142.43916481],[2773.67277879 1291.16813315],[2744.05453557 1782.03382747]
DJI_20250326101227_0401_D:[1659.32179283 2244.80373898],[1679.50868238 1749.2515344 ],[2783.96664128 1884.15436751],[2754.87256087 2368.25580832]
DJI_20250326101223_0399_D:[1763.45802171 1010.44704867],[1786.48218134  504.78038179],[2892.40375345  665.06003915],[2862.39964461 1159.88050226]
DJI_20250326101445_0470_D:[2588.99947406 1767.58983404],[2553.17422804 2309.65310437],[1379.6393125  2147.39634238],[1426.36221793 1621.88964972]
DJI_20250326101447_0471_D:[2525.677287   2390.32774264],[2489.33401088 2936.00053596],[1322.49810307 2757.30544222],[1368.50761129 2228.30059816]
DJI_20250326101229_0402_D:[1594.51094275 2857.55735564],[1614.33834132 2370.80276118],[2713.47319054 2495.02992946],[2683.98143819 2970.71790469]
DJI_20250326101449_0472_D:[2447.16148838 3033.38807538],[2410.46991815 3579.84991304],[1253.6483241  3384.50858178],[1298.25467084 2854.75783081]
DJI_20250326101105_0360_D:[4685.31492953 2001.40484273],[4676.84405732 2463.41855893],[3634.51215518 2336.85014333],[3650.4903767  1883.73230029]
DJI_20250326101107_0361_D:[4612.32973129 2528.03837543],[4601.60269915 2991.53983686],[3565.04932556 2857.20346531],[3581.99073202 2402.16758202]
DJI_20250326101103_0359_D:[4742.45747895 1447.49259491],[4734.62788198 1912.17353974],[3675.18229901 1788.96139876],[3692.10570024 1333.34057591]
59
DJI_20250326101603_0509_D:[1902.61517278 3184.59638081],[1988.40894596 1971.49270332],[4722.05038948 2365.76993994],[4608.37140785 3581.59582586]
DJI_20250326101447_0471_D:[4024.39918675 2151.28470518],[4003.43395079 2691.9190056 ],[2802.58448897 2526.09627144],[2834.91431763 1997.12562698]
DJI_20250326101601_0508_D:[2573.90678383 1742.5610845 ],[2607.15682059 1266.60732368],[3643.76964783 1419.31733623],[3602.81446119 1885.361481  ]
DJI_20250326101445_0470_D:[4091.42050012 1531.46638839],[4072.6568137  2067.60732296],[2866.00077303 1912.61653597],[2897.52721769 1388.32430534]
DJI_20250326101449_0472_D:[3939.07284574 2792.43001532],[3915.59508936 3334.8926951 ],[2723.67617985 3159.18059887],[2756.84673049 2627.34746021]
DJI_20250326101559_0507_D:[2600.40589356 1200.36096704],[2634.50455387  723.04024252],[3665.54505215  886.52129339],[3624.62576032 1353.94818867]
DJI_20250326101557_0506_D:[2677.89953955  664.48579468],[2711.78150154  189.87781566],[3730.81212272  360.60928279],[3691.34949093  825.5580186 ]
DJI_20250326101223_0399_D:[ 396.98348933 1249.80074877],[409.91421412 751.35343253],[1520.35798213  894.4226247 ],[1500.86805386 1387.2333952 ]
DJI_20250326101225_0400_D:[ 280.70225458 1875.7498085 ],[ 290.12693362 1381.37612701],[1401.91796439 1519.15823886],[1384.10007699 2007.1707613 ]
DJI_20250326101227_0401_D:[ 304.1582781  2468.68136964],[ 310.35950741 1981.53978917],[1418.41038682 2111.55750655],[1402.0379097  2592.09766815]
60
DJI_20250326101223_0399_D:[1512.75445496 1753.1907525 ],[1531.59479045 1252.21817675],[2642.52314026 1396.99311878],[2614.28523313 1886.83969367]
DJI_20250326101221_0398_D:[1609.02063409 1187.21503491],[1630.06576875  683.56359262],[2735.8480091   839.51445821],[2706.47790348 1332.50929212]
DJI_20250326101225_0400_D:[1394.13928989 2384.90230785],[1411.20883825 1890.26242676],[2523.32218874 2023.37928957],[2495.91922302 2506.95629019]
DJI_20250326101449_0472_D:[2725.66870044 2236.51034501],[2691.57842869 2776.96063985],[1525.86507303 2605.04395611],[1571.29989095 2080.45062821]
DJI_20250326101447_0471_D:[2805.00357615 1591.63713224],[2771.84083725 2127.64410965],[1598.51815141 1971.78128294],[1644.18011877 1451.62299425]
DJI_20250326101451_0473_D:[2687.91554736 2876.33688369],[2652.12555509 3414.83923273],[1503.24862613 3225.43555362],[1548.56512803 2702.49140875]
DJI_20250326101445_0470_D:[2868.55054583  969.98245127],[2836.30812468 1499.8139504 ],[1657.94752618 1359.88692227],[1703.79740571  846.06651749]
DJI_20250326101219_0397_D:[1736.18971519  595.75299638],[1759.53909552   91.04185989],[2859.40384644  257.43365486],[2829.11540742  752.31619057]
DJI_20250326101227_0401_D:[1413.63657779 2978.40831318],[1429.14494047 2492.81020705],[2535.53549922 2612.55778248],[2508.78804888 3087.52726374]
DJI_20250326101107_0361_D:[4832.59235359 1845.16102967],[4828.020332  2302.7853952],[3790.52417931 2180.6086256 ],[3803.83271547 1731.48963336]