1
DJI_20250613091315_0419_D:[2484.9792934  1995.26164481],[2488.89184124 1710.5889166 ],[3123.42202709 1762.20545304],[3120.1633631  2046.68319794]
DJI_20250613091317_0420_D:[2473.30287717 2341.79248661],[2477.08666887 2056.89297311],[3112.48214871 2108.49762043],[3108.35832316 2393.01146595]
DJI_20250613091313_0418_D:[2493.36721431 1659.45206343],[2497.50238112 1376.88633597],[3129.2968523  1428.55312495],[3126.77044451 1711.11871759]
DJI_20250613091319_0421_D:[2467.71339283 2675.04535814],[2471.19436762 2391.99229105],[3105.11883979 2442.95182993],[3100.3247548  2725.40051274]
DJI_20250613091055_0349_D:[3544.11384984 1907.93064154],[3542.28962209 2185.33179555],[2924.81044147 2141.23486406],[2926.28787237 1862.27755607]
DJI_20250613091053_0348_D:[3804.39413859 1685.01145623],[3808.51516243 1965.36212725],[3182.86444866 1928.24970585],[3179.60712562 1647.6170214 ]
DJI_20250613091431_0457_D:[2232.17109704 1646.76237303],[2228.68761171 1930.33625873],[1603.89634173 1880.83242444],[1608.00175377 1599.65651607]
DJI_20250613091057_0350_D:[3754.34073084 2505.58959311],[3756.2761567  2784.46007647],[3133.93363018 2749.59164675],[3131.72962324 2470.16128513]
DJI_20250613091433_0458_D:[2217.7973956  1998.19920498],[2214.77642522 2281.60003897],[1590.90123277 2228.90245479],[1593.55031571 1947.74294811]
DJI_20250613091051_0347_D:[3800.55809474 1281.92154463],[3803.75844467 1559.30033807],[3182.8206251  1518.43352417],[3180.70089219 1240.99948389]
2
DJI_20250613091433_0458_D:[2974.6189183 1816.3023718],[2971.22856177 2100.10422894],[2338.20657782 2049.49983002],[2341.65425698 1765.85712038]
DJI_20250613091431_0457_D:[2988.14609579 1464.93121976],[2985.51521104 1747.92474711],[2352.50544172 1697.90640001],[2356.19798381 1415.22445022]
DJI_20250613091435_0459_D:[2935.80402447 2189.88299341],[2931.53636205 2473.13824225],[2298.99497756 2421.50278038],[2302.24348304 2138.30246765]
DJI_20250613091315_0419_D:[1731.94045643 2175.28786132],[1735.90551261 1892.62345328],[2364.49864674 1943.60778471],[2360.73624485 2228.18266226]
DJI_20250613091313_0418_D:[1741.43037863 1841.40156928],[1746.76966265 1559.94157258],[2373.29743455 1608.50526714],[2369.10872739 1892.04890395]
DJI_20250613091429_0456_D:[2992.82238068 1115.42504347],[2990.61578288 1396.5240492 ],[2357.7293491 1346.424679 ],[2361.96682328 1065.81401958]
DJI_20250613091437_0460_D:[2967.20786041 2531.3249452 ],[2962.4241497  2811.15781527],[2333.94808073 2760.24127783],[2336.69757886 2480.14459393]
DJI_20250613091651_0527_D:[3068.00298351 2182.06524067],[3072.80500666 1899.01472439],[3697.29311929 1953.02894632],[3692.58096234 2234.33057483]
DJI_20250613091317_0420_D:[1721.4513613  2518.09569058],[1724.09018265 2236.13615344],[2352.79766837 2289.68436556],[2349.37737252 2573.36837226]
DJI_20250613091649_0526_D:[3086.83080112 1841.9185107 ],[3091.20545346 1559.08475993],[3715.90956899 1615.72820305],[3712.57158151 1896.99942832]
3
DJI_20250613091057_0350_D:[3504.94309402 2047.72043242],[3508.82712203 2324.14092794],[2891.46578225 2287.97060936],[2888.76698197 2012.03585464]
DJI_20250613091313_0418_D:[2728.49986709 2131.22876569],[2732.18710469 1849.70901298],[3357.4952038  1900.87044576],[3353.99635413 2181.40833575]
DJI_20250613091059_0351_D:[3490.60508956 2469.57640324],[3491.51684744 2745.19849406],[2876.3729796 2704.803901 ],[2875.87698866 2429.46953088]
DJI_20250613091055_0349_D:[3303.3982553  1452.45197894],[3303.09143233 1726.88822887],[2688.90888757 1681.35402758],[2690.18284653 1406.32954925]
DJI_20250613091311_0417_D:[2747.38003601 1802.27939134],[2750.96433528 1521.93751354],[3374.54461428 1574.24541169],[3372.08596235 1853.77882977]
DJI_20250613091315_0419_D:[2720.72471228 2464.12074352],[2724.51671268 2182.64457525],[3350.93340808 2232.62509995],[3346.3909282  2512.92225798]
DJI_20250613091053_0348_D:[3550.99777537 1234.69246713],[3556.60997267 1509.32121683],[2937.56878963 1473.41622964],[2934.16125959 1199.4288604 ]
DJI_20250613091309_0416_D:[2762.5640358  1462.31660644],[2765.83987566 1184.42574068],[3387.23708163 1237.3839371 ],[3386.01590557 1514.66535095]
DJI_20250613091317_0420_D:[2708.81443318 2804.63172699],[2712.80933174 2525.09901014],[3338.49441413 2573.92169069],[3332.78164477 2852.08636064]
DJI_20250613091101_0352_D:[3470.28563657 2904.24851641],[3467.92844393 3174.36980555],[2861.03342541 3131.64669257],[2862.25993149 2861.42431037]
4
DJI_20250613091311_0417_D:[2268.31726281 2005.21575866],[2272.56047283 1721.87977381],[2904.86189994 1773.12642923],[2901.23957367 2056.89227395]
DJI_20250613091313_0418_D:[2249.22473319 2336.87134967],[2252.81475663 2053.323116  ],[2886.05843019 2104.89230732],[2882.1200632  2388.69997409]
DJI_20250613091309_0416_D:[2284.30426212 1661.77562724],[2288.98048768 1379.98444175],[2919.7483317  1430.36866682],[2916.65321225 1712.7860886 ]
DJI_20250613091435_0459_D:[2422.85137639 1693.26912792],[2418.98288607 1977.0115507 ],[1791.04036825 1925.83315655],[1795.40305034 1643.9742059 ]
DJI_20250613091437_0460_D:[2456.21722984 2037.11206788],[2452.71935606 2319.87054489],[1826.38964149 2267.01812903],[1829.3623042  1985.81546635]
DJI_20250613091315_0419_D:[2241.67809985 2671.41992411],[2244.62880301 2388.90510201],[2878.30990555 2440.77892344],[2874.04194345 2723.35550895]
DJI_20250613091433_0458_D:[2462.02507253 1323.08621409],[2458.2553031 1604.9619228],[1831.10517625 1556.9452916 ],[1836.42859861 1277.03510564]
DJI_20250613091439_0461_D:[2492.40210034 2367.46872521],[2489.27701894 2646.61426095],[1868.03027866 2593.21408268],[1869.69786836 2315.25950456]
DJI_20250613091307_0415_D:[2313.35507336 1323.91313537],[2318.25170028 1045.23137006],[2946.24763369 1094.43728686],[2943.87031362 1373.89514048]
DJI_20250613091059_0351_D:[3956.83336837 2262.17761049],[3959.28089635 2539.3195818 ],[3343.77020935 2501.61070748],[3342.13734079 2223.49979283]
5
DJI_20250613091437_0460_D:[3014.70319854 1875.98811745],[3010.88555288 2160.64022515],[2375.97896915 2109.21700098],[2379.66361478 1824.61635465]
DJI_20250613091435_0459_D:[2982.12247905 1530.28054073],[2978.82657335 1815.19698149],[2342.1628348  1763.66154634],[2346.37723707 1479.11690019]
DJI_20250613091439_0461_D:[3046.77896659 2209.23318851],[3042.52105201 2490.86388749],[2413.10841704 2440.55746853],[2416.26714262 2158.64411223]
DJI_20250613091311_0417_D:[1711.55406225 2165.69684311],[1715.67062288 1882.3560808 ],[2345.56417254 1933.68438555],[2341.65657072 2219.00260474]
DJI_20250613091309_0416_D:[1727.27438863 1822.399738  ],[1732.70861369 1539.8289169 ],[2361.64275418 1588.41376045],[2357.38760237 1873.15611689]
DJI_20250613091433_0458_D:[3018.63905786 1159.38424217],[3016.43305132 1441.42461127],[2381.84507118 1391.02219434],[2386.04891908 1109.44720714]
DJI_20250613091647_0525_D:[3063.0578668  2147.26199545],[3068.16874145 1861.35912196],[3699.03681668 1916.76599618],[3694.05047653 2200.93135156]
DJI_20250613091441_0462_D:[3004.73962221 2545.52896734],[3000.15131168 2824.55520287],[2373.15121207 2774.89375685],[2375.6837208  2495.46566393]
DJI_20250613091313_0418_D:[1693.53919406 2496.68643956],[1696.10721556 2213.95191391],[2326.21057996 2267.43228309],[2322.87429269 2551.9737607 ]
DJI_20250613091645_0524_D:[3074.38245273 1795.27930837],[3078.86363196 1510.56678633],[3708.25314153 1568.115451  ],[3704.94946631 1851.32803474]
6
DJI_20250613091645_0524_D:[2472.20321094 1978.16139117],[2477.81546533 1694.45033552],[3110.54961911 1749.39047816],[3105.6320278  2033.26146101]
DJI_20250613091647_0525_D:[2460.65611907 2328.11470198],[2465.88725322 2044.16608636],[3099.43771728 2099.01217789],[3093.8640085  2382.89527764]
DJI_20250613091643_0523_D:[2506.39317578 1619.85235476],[2512.29690934 1338.60488389],[3141.74152513 1393.50715383],[3137.56808221 1675.05875488]
DJI_20250613091649_0526_D:[2440.03260094 2677.91696722],[2444.9189629  2396.22449357],[3076.2362308  2450.83246664],[3070.00854404 2732.25552041]
DJI_20250613091437_0460_D:[3602.82904325 1693.35676714],[3599.75371359 1974.55695339],[2974.10293066 1923.54061754],[2977.51136779 1640.7791715 ]
DJI_20250613091813_0568_D:[2273.09999909 1781.1067739 ],[2269.68289885 2059.31361707],[1655.92765967 2009.43423922],[1659.70712616 1733.27777316]
DJI_20250613091439_0461_D:[3630.74666843 2023.54252421],[3626.36205445 2302.54269377],[3006.22471554 2254.42529398],[3009.98678263 1973.5695719 ]
DJI_20250613091811_0567_D:[2287.70905654 1446.43848297],[2283.82173556 1724.11613316],[1669.23544846 1676.66726562],[1674.39070342 1401.17956028]
DJI_20250613091435_0459_D:[3570.72403779 1352.29629105],[3569.10687614 1632.91809531],[2941.72056537 1579.86932901],[2944.70329985 1297.99257516]
DJI_20250613091815_0569_D:[2206.16111979 2110.60209382],[2203.7088509  2391.23962498],[1585.38873174 2339.07025579],[1587.26138788 2060.54443682]
7
DJI_20250613091815_0569_D:[2675.03579826 1934.43426567],[2672.03812451 2215.99352347],[2045.72777345 2166.03240916],[2048.58486273 1885.36076282]
DJI_20250613091813_0568_D:[2737.15278687 1607.37315139],[2733.97160861 1885.51705773],[2113.91363414 1836.27663662],[2117.89297828 1558.99354574]
DJI_20250613091645_0524_D:[1999.88817281 2151.25620456],[2005.5331207  1868.50506825],[2635.85242694 1923.14651719],[2630.43084017 2207.32131966]
DJI_20250613091643_0523_D:[2034.69564735 1793.45004176],[2041.44813681 1512.19814376],[2669.49660567 1565.17875094],[2664.00086416 1847.98570462]
DJI_20250613091647_0525_D:[1989.26285603 2499.24539731],[1993.73848932 2217.14305966],[2624.23996657 2273.25149554],[2618.959358   2556.55093003]
DJI_20250613091817_0570_D:[2632.40108679 2289.63903661],[2629.10207309 2570.5685644 ],[2003.08861365 2518.56808553],[2005.23035222 2238.47178714]
DJI_20250613091811_0567_D:[2751.4860961  1273.38475428],[2748.53467935 1550.16109587],[2128.37347317 1501.88195139],[2133.03404334 1226.10113248]
DJI_20250613091641_0522_D:[2081.63520358 1426.0157348 ],[2089.1895969  1148.40690865],[2712.9455305  1199.30304295],[2707.66214142 1478.57910509]
DJI_20250613091649_0526_D:[1971.83551886 2845.3281627 ],[1975.20105625 2566.34181784],[2602.77083952 2623.77634652],[2597.61349222 2903.74042451]
DJI_20250613091819_0571_D:[2625.00432117 2631.77988516],[2621.54543771 2907.96257791],[2002.28110478 2854.89108243],[2003.64919171 2579.359473  ]
8
DJI_20250613091815_0569_D:[3136.35849198 1759.80946624],[3133.59241683 2041.67472746],[2504.34194072 1992.35121511],[2507.40973197 1710.15743777]
DJI_20250613091817_0570_D:[3095.40037626 2115.65925448],[3091.53363992 2397.8848761 ],[2461.29431118 2348.14094814],[2464.43677698 2065.52836455]
DJI_20250613092019_0631_D:[2774.3600457  2182.32387622],[2780.2072823  1904.42852185],[3397.41330878 1959.6219243 ],[3391.60840673 2236.67919378]
DJI_20250613091813_0568_D:[3192.29023843 1436.02606386],[3190.08787914 1713.52651309],[2568.59866413 1663.4181232 ],[2572.03518877 1385.60589831]
DJI_20250613092017_0630_D:[2802.29120352 1791.97118403],[2807.77485925 1516.03001348],[3421.54143749 1571.96640077],[3417.21143885 1847.27218769]
DJI_20250613092021_0632_D:[2736.908883   2567.60233179],[2742.95280419 2289.69033844],[3362.75876428 2344.08632853],[3355.66040234 2621.10304401]
DJI_20250613091819_0571_D:[3084.33044733 2461.03966519],[3079.5904366 2739.3401649],[2455.47695258 2689.9727444 ],[2458.53657358 2411.13493799]
DJI_20250613091811_0567_D:[3205.32466968 1103.4868206 ],[3204.04406472 1378.77609248],[2583.20594366 1328.17358152],[2586.63816857 1052.71053761]
DJI_20250613091643_0523_D:[1575.56931893 1964.08068193],[1582.36424231 1683.43487151],[2203.97401773 1736.06121792],[2197.96331019 2019.49726176]
DJI_20250613092015_0629_D:[2820.27509657 1416.0107527 ],[2826.0385471  1143.45320071],[3435.99782616 1201.34998754],[3432.36163743 1473.50983294]
9
DJI_20250613091441_0462_D:[2930.60691149 1674.49988583],[2927.48441229 1954.01029906],[2303.81921245 1904.27174403],[2307.41750542 1625.14110735]
DJI_20250613091443_0463_D:[2901.32826759 1998.83977833],[2897.75439218 2279.66450686],[2271.51488341 2229.358977  ],[2274.66772398 1948.75512712]
DJI_20250613091439_0461_D:[2971.02366338 1341.90339546],[2968.29073988 1620.02700812],[2345.09895355 1570.28815127],[2349.23750045 1292.65387469]
DJI_20250613091305_0414_D:[1855.74192253 2019.76454286],[1859.84698076 1739.06178064],[2485.07736699 1788.3076186 ],[2481.49425294 2070.68753356]
DJI_20250613091445_0464_D:[2876.0014561  2327.83422191],[2872.04745891 2608.70325205],[2243.90362365 2557.97396747],[2246.52275133 2277.14081725]
DJI_20250613091307_0415_D:[1834.7468979  2356.75174591],[1837.76096384 2076.26504187],[2463.13800647 2127.75820935],[2459.68929505 2409.73626707]
DJI_20250613091303_0413_D:[1877.7947517  1675.99894679],[1883.29058529 1396.33400647],[2507.88098049 1443.9553707 ],[2503.86975282 1725.48854316]
DJI_20250613091309_0416_D:[1808.50654895 2691.06095274],[1810.41627867 2412.24767162],[2434.89656642 2465.95743236],[2431.61480646 2746.09465029]
DJI_20250613091437_0460_D:[2937.88738706 1011.18651907],[2935.37497315 1288.27177339],[2309.88319581 1238.73394103],[2314.7760638   962.46428305]
DJI_20250613091643_0523_D:[3167.64718342 2315.06692878],[3173.32012759 2033.1274586 ],[3793.82985607 2087.24763539],[3787.78712912 2367.07763005]
10
DJI_20250613091641_0522_D:[2635.85458157 2103.50758801],[2641.45461269 1819.77810378],[3272.97580679 1875.33009056],[3267.66189176 2158.66215682]
DJI_20250613091643_0523_D:[2591.73346234 2476.94988417],[2597.27901771 2192.84570253],[3231.14941569 2248.00862986],[3224.81893535 2531.54913363]
DJI_20250613091639_0521_D:[2635.16279367 1722.86411495],[2640.52959112 1440.71818481],[3270.16410375 1496.01774008],[3266.14001445 1778.01769828]
DJI_20250613091443_0463_D:[3476.39142142 1837.01933812],[3473.00567857 2119.09303197],[2844.76062639 2069.36126119],[2848.11446713 1785.937659  ]
DJI_20250613091445_0464_D:[3454.34996654 2166.67395778],[3449.70070161 2449.53193079],[2818.93555825 2401.25567691],[2822.62332178 2116.83698403]
DJI_20250613091441_0462_D:[3501.65683153 1512.84380959],[3499.59365723 1792.8307077 ],[2874.65594445 1741.84472117],[2877.59868516 1460.69527918]
DJI_20250613091645_0524_D:[2558.52604578 2835.44658538],[2563.75622386 2553.16383772],[3197.82346357 2607.51758025],[3190.732605   2889.06822969]
DJI_20250613091637_0520_D:[2635.50209439 1379.59395742],[2640.84267457 1099.95281441],[3268.94171406 1155.20437612],[3265.95933703 1434.94192835]
DJI_20250613091447_0465_D:[3431.66080458 2507.51535142],[3425.87716566 2788.80013689],[2795.41999588 2742.67887077],[2799.23254906 2459.6398745 ]
DJI_20250613091439_0461_D:[3539.75898707 1181.09024631],[3539.01017638 1458.80845531],[2915.61726384 1405.93394102],[2918.19937655 1127.16959348]
11
DJI_20250613091303_0413_D:[2352.79112633 2114.55475289],[2356.57571345 1836.22199011],[2977.61046352 1886.5260434 ],[2973.98509921 2165.06829063]
DJI_20250613091301_0412_D:[2377.34058413 1778.94899359],[2381.52261219 1500.84233311],[3002.96658318 1550.92497844],[2999.89115061 1829.38875143]
DJI_20250613091305_0414_D:[2331.74901396 2453.42351536],[2334.84115143 2176.0464084 ],[2955.09435389 2225.97912726],[2951.23135193 2503.37337967]
DJI_20250613091445_0464_D:[2404.66895582 1887.19768067],[2401.35456788 2165.33704311],[1785.82991686 2114.78507875],[1789.14981244 1838.27352061]
DJI_20250613091443_0463_D:[2432.15387966 1565.75334461],[2428.60493443 1841.99445686],[1816.14875037 1793.65773409],[1820.54854935 1519.18836013]
DJI_20250613091447_0465_D:[2380.93470416 2222.05496588],[2378.1108572  2499.92615667],[1762.17308234 2447.67993698],[1764.07491426 2171.27202025]
DJI_20250613091307_0415_D:[2310.96291808 2784.41760719],[2313.65735333 2509.16398395],[2932.70746954 2559.38728684],[2928.32147849 2834.47314561]
DJI_20250613091441_0462_D:[2463.89026699 1250.61708891],[2460.19373323 1523.81247264],[1851.33516888 1477.73028299],[1856.71109059 1206.42330777]
DJI_20250613091107_0355_D:[3966.78122591 1552.79919597],[3955.02225982 1827.05912231],[3346.88552018 1772.17830502],[3354.92161893 1496.73245458]
DJI_20250613091109_0356_D:[3944.16852448 1935.02791737],[3937.32038885 2208.35071607],[3330.02442404 2159.1769148 ],[3334.98344996 1884.91517624]
12
DJI_20250613091109_0356_D:[2911.67588143 1651.23945449],[2908.23455806 1920.6917134 ],[2310.97414724 1872.37211585],[2313.44439506 1604.94933261]
DJI_20250613091107_0355_D:[2930.63345977 1258.77628082],[2925.5091759  1530.44076848],[2325.26842183 1480.41172043],[2327.51842182 1210.65321725]
DJI_20250613090923_0303_D:[2091.93130676 1935.6927655 ],[2096.31170511 1672.02801675],[2684.72693692 1719.15262745],[2681.13268239 1983.89120597]
DJI_20250613090925_0304_D:[2054.31917826 2246.90183176],[2058.25569155 1982.66786162],[2647.67428352 2031.71330589],[2643.73295701 2296.95048568]
DJI_20250613090927_0305_D:[2043.88499731 2550.89266462],[2047.08740878 2287.15857591],[2636.99973341 2337.43840422],[2633.05336697 2602.03729909]
DJI_20250613090921_0302_D:[2110.86353356 1601.42360992],[2116.07828943 1339.63558672],[2702.48415272 1385.64995979],[2698.86992423 1648.62771085]
DJI_20250613091105_0354_D:[2871.72853729 1798.2458093 ],[2871.63825795 2061.37804276],[2281.91350455 2019.86685359],[2285.80864909 1758.90995402]
DJI_20250613091111_0357_D:[2894.20948723 2127.3975374 ],[2890.33016975 2396.65385499],[2290.26539185 2345.16983975],[2291.65289714 2077.52303226]
DJI_20250613090919_0301_D:[2147.58218263 1304.66705733],[2153.44623726 1045.40769776],[2738.06012287 1090.52982598],[2734.55777136 1351.04916205]
DJI_20250613090929_0306_D:[2027.430074  2887.2552714],[2029.67110065 2625.93543437],[2618.14301226 2677.30369623],[2614.2909458  2939.32453986]
13
DJI_20250613091109_0356_D:[3399.97463701 1506.9353817 ],[3396.15948647 1781.09865242],[2785.35617498 1731.94660595],[2788.5043305  1458.65157268]
DJI_20250613091107_0355_D:[3424.74363112 1115.53969191],[3417.68002317 1392.60820748],[2802.87393009 1339.68483925],[2807.32394491 1063.2759248 ]
DJI_20250613091111_0357_D:[3386.65523679 1990.57966612],[3381.05622493 2265.51416908],[2766.99551227 2215.19922423],[2770.29276008 1940.70058845]
DJI_20250613091301_0412_D:[2930.6786579  2212.61933099],[2934.38561699 1934.69083915],[3549.68442373 1984.89334624],[3545.7862742  2261.34367415]
DJI_20250613091303_0413_D:[2904.48108738 2544.75875045],[2908.5742014  2268.49856013],[3522.30574607 2316.82713784],[3517.09477231 2591.47246743]
DJI_20250613091105_0354_D:[3345.30116725 1646.34603222],[3348.76509345 1911.35507651],[2749.26510597 1870.05563181],[2750.04980986 1606.13419724]
DJI_20250613090923_0303_D:[1613.81881914 2073.10343454],[1618.2567397  1807.22937557],[2207.55960745 1854.77624379],[2203.60717052 2122.9196466 ]
DJI_20250613091113_0358_D:[3341.21752836 2442.98503325],[3334.42362297 2714.99318404],[2721.92260739 2663.43289966],[2725.48627282 2391.67310383]
DJI_20250613090921_0302_D:[1632.92675502 1735.67886955],[1638.92642072 1471.07762378],[2226.81320294 1515.98007585],[2222.14159963 1782.96614922]
DJI_20250613090925_0304_D:[1576.58618066 2385.72209279],[1579.86291066 2119.94856698],[2169.29000802 2170.86747003],[2165.6806999  2438.83911426]
14
DJI_20250613090921_0302_D:[2510.13889679 2023.23912071],[2514.22876469 1747.30972433],[3129.31122622 1797.99416652],[3125.77562727 2073.82042231]
DJI_20250613090923_0303_D:[2491.62384398 2373.20373929],[2495.36928375 2097.12372217],[3111.40989557 2147.35970675],[3107.27547992 2423.18404699]
DJI_20250613090919_0301_D:[2547.46844184 1711.05540789],[2551.76870632 1436.23269916],[3165.79679729 1487.35383091],[3162.92795107 1762.1688487 ]
DJI_20250613090733_0248_D:[3466.51358711 1772.85685319],[3465.36962181 2037.44452002],[2875.65595868 1994.14231736],[2877.0137085  1728.55248373]
DJI_20250613090735_0249_D:[3441.64251715 2086.35489614],[3439.43984583 2350.66733599],[2850.11882198 2308.6888633 ],[2851.74722122 2043.30282668]
DJI_20250613090925_0304_D:[2452.41043677 2697.88067565],[2456.15978544 2423.03237318],[3072.30452583 2473.83599112],[3067.25667942 2748.33094751]
DJI_20250613090731_0247_D:[3447.8434898  1449.92596678],[3448.04166242 1714.04807448],[2857.24508766 1669.86860202],[2858.11586568 1404.95130959]
DJI_20250613091111_0357_D:[2457.2722561  1695.30736595],[2454.81171845 1978.09789515],[1834.92745888 1927.45465925],[1836.0060219  1648.00930954]
DJI_20250613090917_0300_D:[2582.10530844 1390.29277526],[2586.29315943 1118.58128497],[3196.90459637 1169.50735489],[3195.00724139 1441.32269863]
DJI_20250613090737_0250_D:[3444.68856328 2407.02651011],[3441.16204143 2671.30877026],[2849.88222621 2630.30116689],[2851.97101066 2364.74272195]
15
DJI_20250613090735_0249_D:[2749.34594607 1840.83691919],[2747.89631657 2106.18739112],[2157.10056717 2062.39253045],[2158.70971644 1797.88649773]
DJI_20250613090733_0248_D:[2774.49841723 1526.90997815],[2773.20543067 1791.66676059],[2182.2028242  1748.71214478],[2184.43702953 1484.86620387]
DJI_20250613090737_0250_D:[2749.27030773 2161.00744144],[2747.508547   2427.40127878],[2153.77692176 2382.18761731],[2154.85350348 2116.47187788]
DJI_20250613090543_0193_D:[1910.88219101 1930.82515019],[1915.23716586 1660.40948292],[2517.91270528 1707.9847216 ],[2514.22116861 1979.90611419]
DJI_20250613090545_0194_D:[1900.57028493 2247.8946894 ],[1903.82480409 1976.9792988 ],[2507.70124402 2026.09214872],[2504.28453367 2298.36303369]
DJI_20250613090541_0192_D:[1936.82117589 1604.66877956],[1942.33164055 1335.8221177 ],[2543.54686141 1381.97066766],[2539.55834496 1652.43962513]
DJI_20250613090547_0195_D:[1885.36666872 2566.79295855],[1887.26444436 2296.71782497],[2491.35199033 2346.8406133 ],[2488.44454522 2618.12034188]
DJI_20250613090731_0247_D:[2755.39292108 1204.95509329],[2754.4232625  1468.17535059],[2163.55808768 1426.72837943],[2166.31847459 1164.61957541]
DJI_20250613090739_0251_D:[2715.43831528 2477.56319272],[2713.59155675 2743.50451912],[2118.41279172 2697.20209321],[2118.71276373 2431.83440021]
DJI_20250613090539_0191_D:[1951.9163704  1294.54595339],[1958.27792193 1028.22623575],[2557.63366802 1072.49614263],[2553.58428551 1340.5696561 ]
16
DJI_20250613090807_0265_D:[3215.92309703 1727.46889444],[3215.30956498 1994.07681105],[2619.76154295 1951.18413093],[2620.88104185 1684.14235316]
DJI_20250613090809_0266_D:[3201.24620026 2059.95947376],[3199.58018099 2327.21440463],[2602.89956412 2284.35948235],[2604.24219613 2016.54121781]
DJI_20250613090847_0285_D:[2751.93055096 2163.66195987],[2756.9479386  1892.96378756],[3358.03073366 1945.21185054],[3352.88836843 2214.91226433]
DJI_20250613090845_0284_D:[2766.27672172 1800.32072275],[2770.80310148 1530.19318454],[3371.23485962 1582.97411957],[3367.49386642 1852.28738173]
DJI_20250613090805_0264_D:[3229.39017473 1405.34063534],[3229.74614644 1669.90546105],[2636.44639208 1626.86298369],[2637.4153767  1362.02081921]
DJI_20250613090811_0267_D:[3172.94732337 2383.7757322 ],[3170.34691351 2649.58766102],[2575.06662435 2607.10076916],[2576.47560257 2340.60928027]
DJI_20250613090849_0286_D:[2740.61287731 2493.79942911],[2745.71271046 2223.83340298],[3346.77412362 2274.72394502],[3340.71824863 2543.52142983]
DJI_20250613090843_0283_D:[2792.65062874 1429.93136604],[2796.89146756 1162.0658314 ],[3395.37015658 1215.970785  ],[3392.88696787 1483.18603313]
DJI_20250613090803_0263_D:[3246.26024401 1087.45131491],[3247.60856155 1348.61236293],[2657.64706139 1305.50042738],[2658.42563705 1044.19551208]
DJI_20250613090851_0287_D:[2735.89589322 2824.36502535],[2741.10845748 2556.73472267],[3340.60310288 2606.07461398],[3333.57719237 2872.33210196]
17
DJI_20250613091147_0375_D:[3065.84782142 1979.21163525],[3063.50690485 2257.91510421],[2441.29321166 2211.29845355],[2443.35304122 1932.21799215]
DJI_20250613091145_0374_D:[3112.09427276 1635.2419809 ],[3110.67119449 1912.36224637],[2491.22550791 1865.81270853],[2493.37890743 1588.4315482 ]
DJI_20250613091149_0376_D:[3049.48606582 2344.37915691],[3046.4399968  2621.67586029],[2425.45094905 2575.67318763],[2427.17250682 2297.8131337 ]
DJI_20250613091143_0373_D:[3141.80296342 1293.00975132],[3140.9451585  1569.81501544],[2519.00432915 1521.98485194],[2521.60302308 1245.09290709]
DJI_20250613091225_0394_D:[2947.53055149 2287.66515523],[2951.40110735 2003.02404949],[3581.73953266 2054.06408626],[3577.48253063 2337.16676811]
DJI_20250613091223_0393_D:[2974.1683506  1939.27987943],[2977.62920745 1655.39304357],[3606.0310077  1708.30155145],[3603.16230804 1990.83000222]
DJI_20250613090845_0284_D:[1679.63615729 1907.17552866],[1685.23533588 1638.53825206],[2281.87792477 1687.75926225],[2276.87204121 1958.41404611]
DJI_20250613090847_0285_D:[1666.39808908 2266.62943722],[1670.82114888 1998.0198339 ],[2267.59386316 2050.50862732],[2262.85654827 2320.95406861]
DJI_20250613091227_0395_D:[2950.00801778 2627.99424753],[2954.30150337 2344.91593612],[3583.40916671 2393.83506414],[3577.73505882 2675.12348084]
DJI_20250613091221_0392_D:[2996.64329769 1584.68962486],[2999.75170924 1303.03865412],[3625.31987997 1358.03426974],[3623.77732078 1638.49645874]
18
DJI_20250613090811_0267_D:[3018.87855984 1962.74521118],[3017.29959723 2230.2621508 ],[2420.21287989 2186.39852447],[2421.72679577 1918.84634509]
DJI_20250613090809_0266_D:[3045.89107053 1638.91935111],[3045.07309526 1906.06746007],[2447.866232   1862.51391237],[2449.48501353 1595.44435102]
DJI_20250613090813_0268_D:[3011.53468898 2368.32960487],[3009.17549894 2633.84673334],[2414.77765494 2590.02262035],[2416.01714729 2324.30011783]
DJI_20250613090807_0265_D:[3059.773025   1309.64149549],[3059.81191189 1574.38614813],[2464.98823725 1531.50095628],[2466.56331646 1266.95308726]
DJI_20250613090845_0284_D:[2917.62999959 2228.60544391],[2922.47074766 1958.07945341],[3521.32381361 2009.37300883],[3516.11807792 2278.40855131]
DJI_20250613090843_0283_D:[2944.48563348 1857.66949794],[2948.855255   1587.33959963],[3547.2166503  1640.59112554],[3543.45359205 1909.5927894 ]
DJI_20250613090507_0175_D:[1694.59232834 1927.20588099],[1701.00236475 1660.29116167],[2293.67974437 1711.2346666 ],[2287.84953308 1980.17836159]
DJI_20250613090509_0176_D:[1673.40668345 2235.27989879],[1678.5427689  1968.08301918],[2271.84852808 2021.31533008],[2266.51015794 2290.42731381]
DJI_20250613090847_0285_D:[2902.17259479 2590.17034021],[2907.69462184 2321.04559767],[3505.7847085  2370.95163888],[3498.98976386 2638.40572757]
DJI_20250613090815_0269_D:[2987.03343738 2629.11027404],[2984.36120139 2893.5191469 ],[2389.68982498 2849.67934005],[2390.59463248 2584.99993364]
19
DJI_20250613090843_0283_D:[2082.37023933 1978.41527088],[2087.49703363 1707.42464848],[2691.98569884 1758.47703582],[2687.22727807 2030.36128284]
DJI_20250613091149_0376_D:[2650.40498773 1892.22660663],[2648.26058828 2172.10566917],[2025.54142701 2124.43671522],[2027.70317308 1845.41265919]
DJI_20250613091147_0375_D:[2666.57264238 1526.54415077],[2664.50094571 1805.58366771],[2042.17449958 1759.10224389],[2045.30728116 1481.09937355]
DJI_20250613090845_0284_D:[2056.98778204 2349.38140755],[2061.15830282 2078.91532257],[2665.28151446 2131.06430097],[2660.49627167 2402.25675446]
DJI_20250613090841_0282_D:[2091.42594425 1611.9892915 ],[2097.36339575 1341.29415417],[2703.10671347 1390.92610404],[2698.57338906 1662.70830399]
DJI_20250613091151_0377_D:[2574.45840178 2256.84125623],[2572.22484754 2536.29375527],[1949.90981454 2486.74031767],[1951.13079435 2208.16731518]
DJI_20250613091145_0374_D:[2714.86975355 1186.85788733],[2713.16371626 1462.20463851],[2094.83415293 1417.35066912],[2098.58943825 1143.1252675 ]
DJI_20250613090847_0285_D:[2044.19440134 2709.10854641],[2047.72222692 2440.69573124],[2650.53137313 2494.43929182],[2645.47124238 2763.38607713]
DJI_20250613090839_0281_D:[2107.24530884 1279.70304967],[2113.6780633  1011.28634563],[2718.44252252 1059.17104139],[2714.3205673  1328.80346764]
DJI_20250613091153_0378_D:[2557.65815401 2625.69535616],[2555.28348264 2903.80073455],[1932.12409641 2852.08106262],[1932.42056489 2574.72502052]
20
DJI_20250613090843_0283_D:[2522.10147465 2228.42634425],[2526.82318536 1957.6245942 ],[3130.31199653 2009.23943337],[3125.25186518 2279.59808188]
DJI_20250613090841_0282_D:[2532.71406749 1863.09219198],[2537.50857595 1591.37067468],[3143.11907186 1643.35900716],[3139.00695875 1914.81952179]
DJI_20250613090813_0268_D:[3421.47543683 1998.17930728],[3419.60325363 2264.25182212],[2826.52877269 2221.37585924],[2828.18110378 1954.23714953]
DJI_20250613090811_0267_D:[3427.66938912 1593.3813886 ],[3427.32325552 1859.43415591],[2833.12742017 1815.13701713],[2834.30874142 1548.18377011]
DJI_20250613090845_0284_D:[2496.03317929 2597.51068722],[2500.4843627  2328.38468449],[3102.92284272 2379.32632276],[3097.16002007 2647.84756562]
DJI_20250613090839_0281_D:[2548.52450486 1529.79326275],[2553.17440677 1259.28612093],[3158.43919185 1311.12419078],[3155.36852786 1581.49995355]
DJI_20250613090815_0269_D:[3398.94467946 2258.18277385],[3396.27635595 2524.43427756],[2801.7746615  2482.50443053],[2803.58318027 2215.11703879]
DJI_20250613091149_0376_D:[2196.90678692 1640.28908468],[2194.3471269  1918.37981191],[1581.28071221 1872.13167612],[1584.62707487 1596.31200953]
DJI_20250613090809_0266_D:[3451.97584026 1272.95616105],[3453.02691157 1536.99439313],[2860.13511138 1491.87779977],[2860.77574405 1227.056174  ]
DJI_20250613091151_0377_D:[2120.23934809 2001.76290138],[2118.25335043 2280.50336035],[1505.73567635 2230.77483871],[1507.50392263 1954.34642299]
21
DJI_20250613091151_0377_D:[3047.43400975 1853.91638524],[3045.09611872 2135.6975237 ],[2416.11729613 2087.87749728],[2418.52216618 1805.88245339]
DJI_20250613091149_0376_D:[3120.94033871 1489.63716955],[3119.632287   1769.62095546],[2492.82776793 1721.94587532],[2495.24113342 1441.72872922]
DJI_20250613091153_0378_D:[3033.6247541  2224.28052003],[3030.29673157 2506.85154229],[2398.61929255 2458.45517512],[2400.94405657 2175.52723053]
DJI_20250613091219_0391_D:[2930.65316122 2088.30088672],[2934.69074037 1802.2727816 ],[3568.09791367 1855.34355192],[3564.11838295 2139.998462  ]
DJI_20250613091217_0390_D:[2926.81386817 1754.95142713],[2930.1952196  1469.58849178],[3563.31235995 1523.66318037],[3560.96393149 1807.85466825]
DJI_20250613091221_0392_D:[2922.79023289 2454.74642107],[2927.32821015 2169.32052908],[3560.71354179 2220.63864548],[3555.19058733 2504.4586903 ]
DJI_20250613090841_0282_D:[1630.62776282 1998.55570184],[1635.90451839 1726.47441073],[2239.61617278 1776.72138117],[2234.74016294 2050.91971393]
DJI_20250613091147_0375_D:[3134.74159065 1126.46128915],[3134.3361098  1403.52138617],[2509.54012906 1355.56812255],[2512.10251765 1078.46589306]
DJI_20250613091155_0379_D:[3001.19598962 2584.59264944],[2997.11049695 2864.20921269],[2368.41094473 2815.64976443],[2370.43988009 2535.59517675]
DJI_20250613090843_0283_D:[1625.64283281 2362.45565304],[1629.29183679 2092.07225492],[2230.26079116 2145.13479562],[2225.98280113 2417.41408895]
22
DJI_20250613090839_0281_D:[2037.67295436 1910.48350611],[2042.73323341 1637.19846529],[2652.41075928 1687.58093922],[2647.9611655  1961.87887005]
DJI_20250613091153_0378_D:[2621.63354807 1972.62916154],[2618.980868 2255.405485],[1990.33204237 2205.74230809],[1992.78087481 1923.96943854]
DJI_20250613090841_0282_D:[2023.29305578 2243.75945174],[2027.69743954 1971.03110044],[2636.22344295 2023.05043467],[2631.5209901  2296.65218408]
DJI_20250613091151_0377_D:[2637.60930112 1605.37469488],[2635.26792304 1886.16115375],[2009.97483532 1838.74935647],[2013.15408483 1559.07910681]
DJI_20250613090837_0280_D:[2067.11060586 1535.13987391],[2072.91658952 1264.08952054],[2680.21661545 1312.61781859],[2676.06369046 1584.80151027]
DJI_20250613091155_0379_D:[2590.62284952 2333.0925078 ],[2587.86288422 2614.08442973],[1961.70007724 2562.68410185],[1963.21303053 2282.60953153]
DJI_20250613091149_0376_D:[2712.75247192 1244.46461522],[2710.8391407  1522.40122912],[2087.66799804 1476.60538477],[2091.43680092 1199.74564435]
DJI_20250613090843_0283_D:[2016.63241314 2606.0572944 ],[2020.07751245 2336.21400863],[2624.93933281 2389.40347211],[2620.17685719 2659.91272684]
DJI_20250613091157_0380_D:[2606.3312745  2693.10142749],[2603.62344348 2969.90468537],[1982.15280327 2917.86131503],[1982.62118318 2641.72654312]
DJI_20250613091217_0390_D:[3338.15032957 2010.57221858],[3341.56421276 1725.96845521],[3964.11663832 1779.47491728],[3960.91549758 2061.51413935]
23
DJI_20250613090817_0270_D:[3204.92641314 1956.55266174],[3203.15975853 2223.87595262],[2606.53274165 2179.86920179],[2608.2798083  1912.11791896]
DJI_20250613090815_0269_D:[3201.59647607 1647.01910058],[3200.73252933 1913.54432621],[2604.97352864 1869.43223563],[2606.60812011 1602.64011371]
DJI_20250613090839_0281_D:[2742.43098139 2155.84829375],[2746.86337019 1883.57138207],[3351.45367725 1934.79245772],[3346.89430469 2206.01830807]
DJI_20250613090819_0271_D:[3179.30715434 2261.25427142],[3176.69970708 2526.85859026],[2582.9555849  2483.29601402],[2584.75436859 2217.14938558]
DJI_20250613090837_0280_D:[2770.31987679 1781.13655495],[2774.3271038  1509.97189694],[3376.96791805 1562.05548443],[3373.85597619 1832.30709855]
DJI_20250613090813_0268_D:[3223.41369834 1390.74905507],[3223.17857328 1655.13639669],[2630.16592401 1610.73808458],[2631.78486188 1346.14187719]
DJI_20250613090841_0282_D:[2725.5956802  2486.83102347],[2730.39867084 2216.07721825],[3333.39208405 2266.49047706],[3327.58006013 2536.07084912]
DJI_20250613090821_0272_D:[3167.43632147 2577.49475052],[3164.08947589 2840.5613607 ],[2573.18474627 2797.71190607],[2574.9421063  2533.95432666]
DJI_20250613090835_0279_D:[2772.76177147 1362.5216486 ],[2776.09494402 1094.56923656],[3375.78957446 1146.96343187],[3374.46501128 1414.22331283]
DJI_20250613090501_0172_D:[1511.80832008 1961.9721568 ],[1517.77575394 1696.51400401],[2105.07514607 1746.50198207],[2099.55278711 2014.32462952]
24
DJI_20250613090837_0280_D:[2047.55106946 1957.30725328],[2052.35560801 1682.37368425],[2665.66590019 1732.87377938],[2661.37767035 2008.73703018]
DJI_20250613091155_0379_D:[2603.36749778 1895.87435893],[2600.49575756 2180.34176799],[1968.5775798  2130.11666159],[1971.46090601 1846.84093156]
DJI_20250613090839_0281_D:[2019.18468189 2335.69847842],[2023.12534319 2060.69982475],[2637.20086274 2112.92183863],[2632.70482346 2388.71584609]
DJI_20250613091153_0378_D:[2634.36221912 1533.07662143],[2631.69021188 1817.12815051],[1998.89693482 1768.76815192],[2002.64765079 1485.98402907]
DJI_20250613091157_0380_D:[2619.00700386 2262.02974255],[2616.1928185  2544.37605932],[1987.4815371  2493.13561531],[1989.27989206 2211.73092162]
DJI_20250613090835_0279_D:[2051.97314356 1533.5350034 ],[2057.4736022  1260.84277158],[2668.49463821 1308.78916729],[2664.68098395 1582.6229085 ]
DJI_20250613090841_0282_D:[2005.84454661 2667.70662518],[2009.0571677  2395.19430876],[2620.53559734 2448.88255126],[2615.85170219 2722.04061013]
DJI_20250613091151_0377_D:[2649.8561085  1169.36780494],[2647.55606765 1449.20101049],[2019.80096846 1403.26639475],[2024.21196346 1124.80125713]
DJI_20250613091159_0381_D:[2604.04445668 2609.42855489],[2601.42978941 2887.85029141],[1977.75606821 2836.03653598],[1978.38837472 2558.3642825 ]
DJI_20250613091215_0389_D:[3341.96530384 2110.22739338],[3345.73020163 1822.4114518 ],[3974.73045098 1875.57565209],[3970.86187155 2160.61622096]
25
DJI_20250613091155_0379_D:[2935.06425192 1677.66979687],[2932.43104759 1963.62439596],[2294.18433402 1913.85127517],[2297.4308167  1628.26840756]
DJI_20250613091157_0380_D:[2949.83765573 2046.58223122],[2946.72582354 2331.47901931],[2311.11043737 2281.7307851 ],[2313.7773002  1996.96394149]
DJI_20250613091153_0378_D:[2965.29136298 1314.01712055],[2963.46435852 1598.33785135],[2325.54444552 1549.28139676],[2329.07280227 1265.40812658]
DJI_20250613091159_0381_D:[2932.91050272 2398.00188836],[2929.4611499  2679.96631733],[2298.16481368 2630.64929269],[2300.17096548 2348.63524549]
DJI_20250613090837_0280_D:[1725.3954436 2165.6944833],[1729.61802132 1890.02018081],[2342.67536633 1941.28394276],[2338.42329426 2218.66651147]
DJI_20250613091213_0388_D:[3010.19965801 1957.89833342],[3013.63892155 1667.06460782],[3655.99156196 1721.13614194],[3653.00782164 2010.20178187]
DJI_20250613090835_0279_D:[1729.38860942 1740.87513884],[1734.95905537 1466.22742097],[2346.61705083 1513.70377065],[2342.20762019 1790.27726239]
DJI_20250613091215_0389_D:[3009.86703211 2331.43100208],[3014.14565458 2041.3796029 ],[3655.38858315 2093.36702019],[3650.37797879 2381.46793285]
DJI_20250613090839_0281_D:[1698.39315041 2543.58144077],[1701.12904627 2269.01752024],[2313.87035943 2323.13951637],[2310.01904149 2599.27046639]
DJI_20250613091211_0387_D:[3042.5144133  1553.35417885],[3045.44885257 1265.27938904],[3683.75137069 1322.49231951],[3682.49969547 1608.91513201]
26
DJI_20250613090835_0279_D:[2057.95053886 1970.83612742],[2062.35750744 1693.75405621],[2680.5282394  1743.85846836],[2676.61404978 2021.79824558]
DJI_20250613091157_0380_D:[2605.03469894 1809.8708106 ],[2602.16106917 2095.58006941],[1967.52485493 2045.51268375],[1970.69997299 1761.11158878]
DJI_20250613090837_0280_D:[2054.61176219 2398.24703063],[2058.2957507  2121.44037191],[2676.89856629 2173.71727333],[2672.50148291 2451.15185662]
DJI_20250613091159_0381_D:[2589.7617409 2163.5013072],[2587.07502621 2447.36639678],[1955.99774179 2396.33092555],[1957.97894335 2113.58113971]
DJI_20250613091155_0379_D:[2589.40678001 1440.40908594],[2586.42558391 1725.9869278 ],[1950.21064912 1677.43362447],[1954.55522537 1393.40933535]
DJI_20250613090833_0278_D:[2092.43697485 1523.03225671],[2099.43015955 1249.82678819],[2711.56275917 1301.71094331],[2706.27223969 1575.93181451]
DJI_20250613091201_0382_D:[2552.17835529 2511.30643617],[2549.43328706 2793.93136189],[1918.58276571 2740.74459884],[1919.67160166 2459.14241064]
DJI_20250613090839_0281_D:[2027.45655478 2776.69671795],[2030.20063649 2502.16219592],[2647.8491551  2555.90257762],[2643.29440718 2830.91843551]
DJI_20250613091153_0378_D:[2620.35086343 1078.4698445 ],[2617.62005035 1361.28715556],[1982.22935387 1314.82386004],[1987.41172122 1033.62866437]
DJI_20250613090821_0272_D:[3867.79834096 1977.06001584],[3865.76696519 2246.3199366 ],[3270.20289783 2203.28454497],[3272.07434983 1931.76202803]
27
DJI_20250613090821_0272_D:[3141.87092696 1748.87031778],[3140.43329762 2014.84693135],[2546.37139767 1970.29708734],[2548.37206186 1704.17511804]
DJI_20250613090823_0273_D:[3150.97698443 2085.07850363],[3148.70433509 2352.16012632],[2552.44874389 2307.6661953 ],[2554.43047245 2040.21654097]
DJI_20250613090819_0271_D:[3151.34864034 1431.36480676],[3150.66338858 1696.5316854 ],[2556.2034795  1651.82682468],[2558.23759259 1386.65819636]
DJI_20250613090835_0279_D:[2794.44755321 2209.30367145],[2798.34265334 1937.24092165],[3401.8282181  1986.94803184],[3397.68068256 2257.71880983]
DJI_20250613090825_0274_D:[3118.96029644 2408.80115449],[3115.8810209  2674.60961395],[2520.63347551 2630.25761021],[2522.56661283 2363.97965301]
DJI_20250613090833_0278_D:[2821.66004078 1772.06412101],[2826.71508039 1502.47358915],[3424.94605172 1557.18173247],[3420.79875488 1825.67442778]
DJI_20250613090837_0280_D:[2789.92163111 2628.48859282],[2794.49936657 2357.94025545],[3397.43732939 2406.50977256],[3391.47965415 2675.55144159]
DJI_20250613090817_0270_D:[3174.16386402 1127.94245957],[3174.38339795 1391.49061316],[2579.50114685 1346.79370324],[2581.4285099  1083.35386106]
DJI_20250613090457_0170_D:[1538.54048999 2098.51878177],[1543.56919859 1831.78843453],[2134.34763291 1882.45900604],[2129.45128581 2151.3093994 ]
DJI_20250613090455_0169_D:[1541.28915008 1759.16234016],[1547.67153053 1493.59606363],[2136.63626587 1540.68493659],[2131.28616567 1808.5326324 ]
28
DJI_20250613091159_0381_D:[2892.56733668 1758.91298554],[2889.97769201 2042.83356781],[2256.77212877 1993.63902235],[2259.79849386 1710.21044979]
DJI_20250613091201_0382_D:[2856.43572847 2105.85032099],[2853.25489979 2390.47472022],[2218.6052865 2340.0723524],[2221.28469817 2055.85147468]
DJI_20250613091157_0380_D:[2908.53710894 1405.84858872],[2906.2850452  1689.61443232],[2271.01374733 1640.56272388],[2274.71964232 1357.4655606 ]
DJI_20250613090833_0278_D:[1797.41964211 1911.98400383],[1803.75133897 1637.9343036 ],[2413.70027998 1690.16940404],[2408.01427627 1965.79417015]
DJI_20250613091203_0383_D:[2833.47733692 2431.60587232],[2830.01692786 2714.8781351 ],[2196.26104717 2663.90843656],[2198.29342847 2380.92958638]
DJI_20250613090835_0279_D:[1765.76626243 2361.80198278],[1768.83412335 2086.31757072],[2382.7944578  2137.85374288],[2379.15225269 2414.76527734]
DJI_20250613091211_0387_D:[3081.44951086 2207.2788808 ],[3085.68086949 1916.82154284],[3725.41266763 1970.0047103 ],[3720.86185467 2258.21359955]
DJI_20250613091155_0379_D:[2892.77037696 1039.78276208],[2890.89675988 1321.36448961],[2255.40507282 1273.00919258],[2259.79605967  992.33132544]
DJI_20250613091209_0386_D:[3130.96881651 1801.04468843],[3138.00938329 1513.20763464],[3771.12867183 1577.46689979],[3765.00284533 1863.1853142 ]
DJI_20250613090831_0277_D:[2172.12056994 1084.29018708],[2315.98189228  858.35750683],[2805.74817112 1206.3622041 ],[2662.42532353 1434.89081331]
29
DJI_20250613090833_0278_D:[2490.80643773 2165.4227511 ],[2496.26340528 1891.42324463],[3106.4269578  1945.14300426],[3100.86805158 2218.63847486]
DJI_20250613090831_0277_D:[2630.28130859 1647.87669371],[2773.08254655 1419.45535143],[3262.3685683  1773.09814814],[3120.49759882 2002.03298606]
DJI_20250613090825_0274_D:[3447.80021127 2019.35649446],[3445.44309381 2289.3099935 ],[2843.8776749  2244.80585363],[2846.05074658 1973.72703499]
DJI_20250613090823_0273_D:[3478.11088143 1692.55846286],[3477.12112614 1962.04661126],[2876.03503988 1916.49787125],[2877.72204558 1645.99106359]
DJI_20250613090835_0279_D:[2463.92688585 2610.8722737 ],[2467.49128138 2336.77981693],[3081.11599553 2386.52553406],[3076.22113036 2659.93660007]
DJI_20250613090829_0276_D:[3133.47982712 1554.43434366],[3398.86042244 1583.50909671],[3297.11456382 2174.8287722 ],[3030.85003692 2147.02399556]
DJI_20250613090827_0275_D:[3410.62821939 2291.33441283],[3424.5400464  2559.32783763],[2823.31883643 2554.9400385 ],[2808.27824744 2285.8711454 ]
DJI_20250613090821_0272_D:[3465.37675067 1356.78048114],[3465.68840321 1623.43429772],[2867.91653929 1577.07886854],[2869.16786299 1309.64714383]
DJI_20250613091201_0382_D:[2138.97646942 1850.2650301 ],[2135.90596639 2132.49437034],[1516.46369996 2082.01668356],[1519.8696116  1802.41241281]
DJI_20250613091159_0381_D:[2177.76861838 1508.64863297],[2174.28021202 1789.19470332],[1556.27836081 1742.46519402],[1560.99901452 1464.59666939]
30
DJI_20250613091203_0383_D:[3058.15777909 2006.27343339],[3054.98670943 2292.96763951],[2415.25537889 2242.89553943],[2418.22109257 1956.12455841]
DJI_20250613091201_0382_D:[3080.18172997 1679.2789094 ],[3077.67607101 1965.38647365],[2438.59751918 1915.31089581],[2441.83665147 1629.23375871]
DJI_20250613091205_0384_D:[2979.8678487  1938.91107087],[3216.41892069 2100.30098855],[2820.12095345 2604.64200187],[2583.19790616 2443.99334119]
DJI_20250613091159_0381_D:[3114.06156283 1334.12682685],[3112.55690891 1617.51338316],[2476.57850702 1568.01056701],[2479.75290111 1284.74392841]
DJI_20250613091207_0385_D:[2877.87733315 2040.51984468],[3139.24881491 1920.39841055],[3364.68069599 2520.66176044],[3104.54869318 2640.96477883]
DJI_20250613091209_0386_D:[2900.57879003 2230.11623213],[2908.63769816 1939.44595254],[3551.21121505 2001.02801275],[3542.78736841 2289.90626602]
DJI_20250613091211_0387_D:[2854.23216826 2642.79353877],[2858.91647575 2352.06923924],[3506.02196865 2403.19657452],[3499.69145313 2692.02891547]
DJI_20250613090833_0278_D:[1578.1578611  2320.16384825],[1582.75660808 2045.44165793],[2192.71501221 2100.39335785],[2187.64556571 2377.04966431]
DJI_20250613090831_0277_D:[1778.99824666 1316.46053928],[1923.35611539 1087.29662609],[2413.1895766  1437.94387224],[2268.28272069 1669.47588842]
DJI_20250613091157_0380_D:[3129.33608591  982.42420972],[3128.58171692 1263.52327179],[2492.1214996  1213.62295756],[2495.58645779  932.81626095]
31
DJI_20250613090515_0179_D:[2193.08489483 1972.36303263],[2198.53312026 1704.09506845],[2797.14002275 1755.42101421],[2792.21533396 2024.4406315 ]
DJI_20250613090517_0180_D:[2170.44659598 2299.47411248],[2175.10453673 2031.07640008],[2774.37195763 2082.99562459],[2769.37509157 2352.00781213]
DJI_20250613090803_0263_D:[2507.48816822 1883.22162694],[2506.58763238 2149.64262584],[1915.41962134 2106.57856193],[1916.51209428 1841.49892068]
DJI_20250613090513_0178_D:[2218.26669464 1644.17045865],[2224.67060652 1377.17754673],[2822.16731124 1428.37581455],[2817.16041544 1696.2589527 ]
DJI_20250613090801_0262_D:[2545.56695989 1577.71322325],[2544.77574951 1843.25969205],[1954.13656535 1802.24372864],[1955.88646245 1538.13906495]
DJI_20250613090519_0181_D:[2150.33721907 2607.91274885],[2154.14603141 2340.6568486 ],[2753.17884826 2392.9910324 ],[2748.21105795 2660.73011865]
DJI_20250613090805_0264_D:[2485.5388817  2209.04856867],[2484.74279559 2475.47775464],[1892.9468849  2430.55838323],[1893.10557187 2165.34158379]
DJI_20250613090511_0177_D:[2253.70801753 1336.19729354],[2260.3632154  1071.08253045],[2857.14618073 1121.29126041],[2852.64221492 1387.34732571]
DJI_20250613090759_0261_D:[2554.65909208 1231.88318947],[2553.87972997 1494.63802028],[1966.04306975 1455.92671675],[1968.6542646  1194.79183709]
DJI_20250613090423_0153_D:[3758.03349526 1837.7293381 ],[3757.64868252 2104.73697666],[3164.97138825 2063.58636994],[3165.38156423 1794.90492804]
32
DJI_20250613090801_0262_D:[3189.13935093 1813.92531957],[3188.6988375  2082.16081579],[2589.72109814 2040.14078759],[2590.41939157 1771.57121935]
DJI_20250613090803_0263_D:[3151.73985935 2123.25288538],[3150.36552997 2391.4697756 ],[2551.19426554 2349.4015852 ],[2552.02755221 2080.73188338]
DJI_20250613090759_0261_D:[3195.26203332 1462.48223749],[3195.80972408 1728.97482513],[2598.6973009  1686.92338023],[2599.32491322 1420.31411432]
DJI_20250613090853_0288_D:[2833.49780666 2098.52305329],[2838.47374648 1823.9346182 ],[3447.01805254 1877.21499132],[3442.22412584 2150.58470811]
DJI_20250613090855_0289_D:[2802.63876998 2436.96728465],[2807.60880802 2162.4423915 ],[3417.4039908  2213.70222952],[3411.71748191 2486.87565507]
DJI_20250613090851_0287_D:[2861.95227239 1766.85447384],[2866.48708906 1494.16088129],[3471.7493462  1548.39767986],[3468.23018015 1820.03849904]
DJI_20250613090805_0264_D:[3130.67398065 2452.10597933],[3128.49839909 2719.31644787],[2529.26920461 2677.57052176],[2530.0382361  2409.75888185]
DJI_20250613090757_0260_D:[3216.36120841 1150.96275823],[3217.64872724 1416.60454768],[2618.74835272 1374.03842559],[2619.41805423 1108.43778961]
DJI_20250613090849_0286_D:[2865.94994223 1430.07294773],[2870.13911809 1159.6956587 ],[3473.5774173  1215.05533694],[3471.28573507 1484.59416064]
DJI_20250613090517_0180_D:[1528.50487436 2049.26150713],[1533.9900258  1780.86789407],[2127.72521341 1831.24046565],[2122.60560837 2102.13851683]
33
DJI_20250613090519_0181_D:[2217.01003572 2200.66530197],[2221.73969189 1929.75910417],[2826.35414819 1981.46364595],[2821.5378668 2252.9422068]
DJI_20250613090517_0180_D:[2238.58672564 1888.32709916],[2244.03098861 1617.98645034],[2847.57783764 1669.2661094 ],[2842.88422606 1940.30541802]
DJI_20250613090521_0182_D:[2202.71088189 2521.21716311],[2206.56357706 2250.71290824],[2812.16807615 2302.64773596],[2807.33537264 2573.54604051]
DJI_20250613090801_0262_D:[2479.31089639 1985.23327141],[2478.69061784 2253.33199123],[1884.22470349 2209.86838988],[1884.76995427 1943.19630572]
DJI_20250613090759_0261_D:[2488.68279632 1632.98901625],[2487.95314943 1900.11148143],[1894.96506715 1858.91689734],[1896.52767787 1593.41828742]
DJI_20250613090515_0179_D:[2262.5239425  1559.16476399],[2268.60913475 1290.77344341],[2870.11118052 1341.44858547],[2865.65146903 1610.67010305]
DJI_20250613090803_0263_D:[2440.80982368 2293.91440788],[2440.24104157 2561.24183554],[1846.49040357 2515.67554822],[1846.19367912 2249.65933872]
DJI_20250613090757_0260_D:[2508.43420442 1320.74313033],[2507.49928701 1587.70803951],[1912.29353684 1548.07150428],[1914.82684604 1282.90546745]
DJI_20250613090421_0152_D:[3737.81603401 1941.25268295],[3736.6714765  2210.30789773],[3139.36063826 2169.2062693 ],[3140.20372685 1898.41063867]
DJI_20250613090523_0183_D:[2194.03098429 2835.02910628],[2197.01209727 2566.94639344],[2801.21257404 2618.91353483],[2796.35281959 2887.200038  ]
34
DJI_20250613090759_0261_D:[3232.32113077 1882.693877  ],[3231.83855368 2148.1754415 ],[2639.18392388 2106.98892777],[2639.73603529 1841.06927547]
DJI_20250613090757_0260_D:[3254.59102877 1572.81180602],[3254.83313254 1839.11149912],[2659.22380709 1797.04946519],[2659.80414686 1530.46876773]
DJI_20250613090855_0289_D:[2767.04543077 2004.14027946],[2771.67751252 1731.56585949],[3376.76855992 1784.10304034],[3372.60129146 2055.73419581]
DJI_20250613090801_0262_D:[3224.73895102 2233.46974988],[3223.23428226 2498.74586476],[2630.18572438 2458.06433895],[2630.85196991 2192.13183849]
DJI_20250613090853_0288_D:[2797.75173687 1668.75337663],[2802.3759369  1397.99307437],[3404.89561858 1452.16564321],[3401.6019571  1722.11455396]
DJI_20250613090755_0259_D:[3264.04076196 1284.76982864],[3264.9266081 1550.6848036],[2667.41980886 1507.77616115],[2668.10906406 1241.74739203]
DJI_20250613090803_0263_D:[3186.15478425 2539.83323992],[3183.75148114 2803.42398681],[2591.71667496 2762.99420623],[2592.49887602 2498.6279922 ]
DJI_20250613090851_0287_D:[2825.56514454 1343.08485722],[2829.74537291 1075.92662934],[3427.79682867 1130.6480106 ],[3425.74316115 1397.14898238]
DJI_20250613090519_0181_D:[1483.65125758 1936.725923  ],[1489.49522896 1670.82578179],[2077.08346276 1719.18419523],[2071.89042383 1987.7575952 ]
DJI_20250613090753_0258_D:[3243.44446425  973.30835506],[3245.02614745 1235.37478009],[2651.33411221 1192.5821392 ],[2652.10270157  930.64526873]
35
DJI_20250613090521_0182_D:[2254.4293395  2108.13008926],[2259.04907381 1837.25615397],[2863.50613981 1888.20033517],[2859.01385271 2159.59538936]
DJI_20250613090519_0181_D:[2269.91413258 1788.14968471],[2275.28646426 1518.67655356],[2877.40952934 1569.2754451 ],[2873.04236701 1839.43808602]
DJI_20250613090523_0183_D:[2244.37687544 2424.46877044],[2248.23264643 2154.19326062],[2852.66329904 2205.3096931 ],[2848.03836968 2475.92332619]
DJI_20250613090757_0260_D:[2463.26363125 1729.59772002],[2462.52044288 1997.70217681],[1868.3387963 1955.6838914],[1869.62058657 1689.28000485]
DJI_20250613090759_0261_D:[2444.06601554 2040.86983889],[2443.61851322 2307.52786254],[1852.78053823 2264.1105236 ],[1853.01868719 1998.96725963]
DJI_20250613090517_0180_D:[2292.40260565 1477.79727192],[2298.35686383 1210.58486825],[2898.14168983 1260.71748586],[2894.01347547 1528.736596  ]
DJI_20250613090755_0259_D:[2470.97237643 1439.286802  ],[2469.86292835 1707.58884027],[1873.57120373 1666.88468085],[1875.96580715 1400.47027427]
DJI_20250613090417_0150_D:[3676.54942149 1686.69379158],[3676.72848526 1956.82945894],[3075.78319528 1914.31062035],[3075.96412486 1642.72273622]
DJI_20250613090525_0184_D:[2210.30063107 2760.8001773 ],[2213.3525017  2492.71868043],[2816.50422089 2544.13838237],[2811.76376875 2812.4200167 ]
DJI_20250613090419_0151_D:[3714.77512108 2025.16366061],[3713.28582854 2294.43513704],[3115.129388   2253.94216323],[3116.08729123 1982.93693463]
36
DJI_20250613091511_0477_D:[3174.24368586 1858.93526773],[3170.71213156 2142.30348384],[2538.38982576 2091.76624311],[2541.93555226 1807.89516077]
DJI_20250613091513_0478_D:[3162.2835681  2195.92599376],[3157.63668688 2478.72247871],[2525.76416948 2428.2274536 ],[2529.4382229  2144.76791032]
DJI_20250613091509_0476_D:[3190.60836807 1472.09091786],[3188.37308797 1752.88795226],[2559.80121722 1702.47510225],[2563.20702479 1421.36260563]
DJI_20250613091613_0508_D:[2888.23699815 2228.81008145],[2894.22442112 1947.82151145],[3516.85993573 2003.43140219],[3510.58506084 2283.09377591]
DJI_20250613091611_0507_D:[2894.35004166 1894.40972536],[2899.96976038 1613.99859683],[3521.52656169 1671.01055769],[3516.55995746 1950.30586841]
DJI_20250613091615_0509_D:[2875.82977947 2581.44727566],[2882.06914676 2301.09102258],[3505.57957402 2354.87509181],[3498.08928491 2633.71635228]
DJI_20250613091515_0479_D:[3126.09067019 2550.09825835],[3120.56921978 2829.96322977],[2491.74405404 2780.07442748],[2495.25056026 2499.40538171]
DJI_20250613091609_0506_D:[2918.89478144 1572.41818824],[2924.23670943 1293.9535025 ],[3543.29471199 1352.72831853],[3539.52247881 1630.15721534]
DJI_20250613091507_0475_D:[3207.30673259 1093.94085451],[3206.3165142  1371.41785214],[2580.08924777 1320.82719355],[2583.38128549 1043.20073392]
DJI_20250613091235_0399_D:[1555.38196953 1939.98032218],[1560.34215163 1660.82326019],[2178.83724468 1708.35463136],[2174.80691362 1990.26681716]
37
DJI_20250613091611_0507_D:[2317.18187959 2080.11954282],[2323.37930608 1794.22984591],[2961.12822897 1850.92384769],[2955.11217339 2137.21881955]
DJI_20250613091609_0506_D:[2342.94168402 1751.20736011],[2349.76115951 1466.34872272],[2986.13245149 1523.01569262],[2980.46994111 1808.35480233]
DJI_20250613091613_0508_D:[2311.04900493 2420.20251832],[2316.71275248 2134.640519  ],[2954.97040428 2191.74835123],[2948.48962269 2477.49664944]
DJI_20250613091847_0585_D:[2362.99449846 1788.81716364],[2359.52002564 2071.3301436 ],[1735.22738243 2020.51950046],[1739.0291977  1739.96357511]
DJI_20250613091607_0505_D:[2351.25915448 1407.711916  ],[2358.53168466 1125.90102293],[2991.64477434 1181.80420979],[2986.54719782 1464.311329  ]
DJI_20250613091849_0586_D:[2351.14952005 2115.28966953],[2348.27093713 2396.99328255],[1725.28940096 2344.67126879],[1727.63462067 2064.70991067]
DJI_20250613091615_0509_D:[2298.95518946 2777.87594921],[2303.94075259 2493.99279607],[2942.29233242 2551.21391713],[2935.47069388 2835.08678697]
DJI_20250613091845_0584_D:[2369.79828524 1433.67832454],[2365.75308682 1715.40980323],[1741.32588227 1666.73822594],[1746.71428443 1387.19694379]
DJI_20250613091513_0478_D:[3750.95880333 2007.00967232],[3746.31578501 2293.9388312 ],[3110.02949097 2244.14855513],[3114.15446269 1954.86092061]
DJI_20250613091511_0477_D:[3760.94926714 1665.77129771],[3758.43525195 1952.30184304],[3122.53023447 1900.43732425],[3125.56205711 1611.72674009]
38
DJI_20250613091513_0478_D:[3138.65325148 1753.84482161],[3135.04431763 2039.81869231],[2496.73766572 1987.93400557],[2500.67773347 1701.66914987]
DJI_20250613091515_0479_D:[3103.66740468 2112.73338272],[3099.12154196 2397.94188527],[2462.29638362 2346.33428304],[2466.09621146 2060.689041  ]
DJI_20250613091511_0477_D:[3149.04493036 1415.86225842],[3146.55846854 1700.31637834],[2509.3443877  1648.74976261],[2513.16658124 1364.16628546]
DJI_20250613091609_0506_D:[2945.36211307 2008.57531729],[2951.3227906  1725.74467355],[3576.80464614 1783.35547963],[3571.17743034 2064.73087154]
DJI_20250613091611_0507_D:[2920.19528088 2333.65773692],[2926.41783377 2050.80335084],[3553.02699506 2106.37526114],[3546.19134623 2387.69300301]
DJI_20250613091517_0480_D:[3090.10101014 2450.9630984 ],[3084.66698013 2733.52082168],[2451.05538901 2682.26807494],[2454.73247116 2399.08112576]
DJI_20250613091607_0505_D:[2951.81379727 1667.22701796],[2957.28820637 1386.20709184],[3580.55510612 1445.36596128],[3576.40746633 1725.16209079]
DJI_20250613091233_0398_D:[1588.58918771 2041.01823315],[1593.0097478  1759.01604407],[2218.16912249 1808.15918615],[2214.34157961 2092.77718479]
DJI_20250613091235_0399_D:[1574.33041309 2377.3480028 ],[1577.14823119 2095.56804569],[2202.44339865 2147.70982781],[2199.29240225 2431.94430673]
DJI_20250613091613_0508_D:[2913.42412325 2669.00492535],[2920.03521261 2387.59683325],[3546.24234009 2441.27926255],[3538.0489198  2720.93404498]
39
DJI_20250613091849_0586_D:[2726.45201078 1696.42926234],[2723.38332207 1974.5664972 ],[2103.88473268 1925.46944651],[2107.56516398 1648.23031352]
DJI_20250613091851_0587_D:[2747.06673176 2044.61546126],[2743.50923018 2321.96867669],[2125.89008086 2271.40973562],[2129.16604384 1994.68632462]
DJI_20250613091609_0506_D:[1969.25356199 2171.39712506],[1975.36547533 1890.65764876],[2601.12958843 1946.88600585],[2594.94892868 2228.88727089]
DJI_20250613091607_0505_D:[1977.08725806 1832.12869285],[1984.26337913 1552.32836083],[2608.34234571 1606.85143957],[2602.07862827 1888.12166078]
DJI_20250613091847_0585_D:[2738.668474   1375.54373801],[2735.55396399 1652.72456201],[2115.95968873 1604.17941087],[2120.51585282 1328.09316039]
DJI_20250613091611_0507_D:[1945.9714903 2493.5677071],[1950.8547492  2213.80989951],[2576.1583213 2271.1615455],[2570.27772348 2552.10085461]
DJI_20250613091853_0588_D:[2718.75925559 2383.22590288],[2715.05753738 2658.7022061 ],[2099.77126266 2607.46903237],[2102.26423433 2332.45934435]
DJI_20250613091605_0504_D:[1986.27390448 1467.28923236],[1994.38729182 1189.95937856],[2616.10844061 1241.97779339],[2609.97250673 1521.01207066]
DJI_20250613091845_0584_D:[2744.97096498 1028.99141708],[2741.91773655 1303.44226863],[2123.55575156 1255.97472741],[2129.02681664  982.83553442]
DJI_20250613091613_0508_D:[1941.8788506  2824.56768562],[1945.65171333 2547.05780821],[2570.0478711  2605.76846517],[2564.32934792 2884.24117332]
40
DJI_20250613091607_0505_D:[2441.5095845  2105.91719471],[2447.86807031 1821.09181568],[3082.66392607 1878.30649095],[3076.41084249 2163.05919921]
DJI_20250613091605_0504_D:[2449.63444914 1734.06113929],[2456.16256589 1450.39613253],[3089.66710008 1507.10147538],[3084.36140194 1790.95666459]
DJI_20250613091609_0506_D:[2434.4291613  2450.10076406],[2440.42737921 2165.59676581],[3075.95629667 2222.6546116 ],[3069.03478538 2506.85617388]
DJI_20250613091517_0480_D:[3603.5854324  2006.42591305],[3598.70769174 2292.17897738],[2963.37077156 2241.40214888],[2967.73759031 1953.77129443]
DJI_20250613091515_0479_D:[3616.0767153  1665.58957552],[3612.98574704 1951.81786143],[2976.086715  1899.1614839],[2979.70607046 1611.24635848]
DJI_20250613091851_0587_D:[2278.31960868 1778.61295867],[2274.58860762 2058.84215133],[1656.52231705 2008.13850694],[1660.7681137  1730.06458246]
DJI_20250613091611_0507_D:[2410.14608995 2775.0986449 ],[2415.56018086 2492.7422564 ],[3050.19564344 2549.27939824],[3042.88851901 2831.24827135]
DJI_20250613091603_0503_D:[2475.60090986 1380.02635775],[2482.54563366 1098.95168518],[3114.00610158 1155.95193649],[3109.32748303 1437.37733183]
DJI_20250613091853_0588_D:[2250.36454342 2121.10267405],[2247.17427653 2400.58372697],[1630.78388981 2347.39612407],[1633.53735123 2069.90371025]
DJI_20250613091849_0586_D:[2256.8274118  1428.17012598],[2252.87858624 1707.95131843],[1634.22899877 1660.69594975],[1639.61367514 1383.34589359]
41
DJI_20250613091615_0509_D:[2419.85907501 1919.44722219],[2426.01819365 1634.30458444],[3062.1683239 1690.4472686],[3056.73479131 1975.86178942]
DJI_20250613091617_0510_D:[2399.53369296 2273.44555611],[2405.19947193 1987.5926637 ],[3042.9782324  2043.73457869],[3037.04262212 2329.65605945]
DJI_20250613091619_0511_D:[2394.38596239 2595.44531704],[2399.62275705 2311.20610965],[3035.95695074 2367.144391  ],[3029.54839132 2651.24359685]
DJI_20250613091613_0508_D:[2433.47033025 1562.2403035 ],[2440.02185809 1279.58028115],[3073.05101666 1335.44800593],[3068.21044013 1618.55491967]
DJI_20250613091507_0475_D:[3679.52903954 1744.38762977],[3677.0852883  2028.41907525],[3046.10290973 1978.51625718],[3048.90175131 1692.48614721]
DJI_20250613091843_0583_D:[2237.57394873 1904.26879966],[2234.40920414 2185.81652261],[1614.61415391 2134.50971376],[1617.83805644 1855.25354257]
DJI_20250613091509_0476_D:[3660.59549557 2131.75398723],[3656.04183912 2415.60959323],[3025.16836812 2368.23784292],[3028.88554019 2082.20285191]
DJI_20250613091841_0582_D:[2254.56755042 1517.180801  ],[2250.94037531 1797.65102171],[1631.92393879 1750.02384831],[1636.69590193 1472.03108913]
DJI_20250613091621_0512_D:[2376.98763165 2927.0104261 ],[2382.04990788 2645.55067471],[3016.6572692  2701.95533205],[3009.46565239 2983.08004002]
DJI_20250613091845_0584_D:[2258.35749159 2282.37461217],[2255.58692578 2562.50286731],[1636.68336847 2507.9969254 ],[1638.37978653 2229.7997544 ]
42
DJI_20250613091507_0475_D:[2900.56612916 1904.3224227 ],[2897.43369797 2185.16124027],[2271.13460695 2135.57640124],[2274.26287199 1854.94819226]
DJI_20250613091505_0474_D:[2928.23554791 1546.05385795],[2925.6816352  1825.58211938],[2300.86709672 1776.55309234],[2304.47482184 1497.44591639]
DJI_20250613091509_0476_D:[2880.29889235 2286.70145969],[2876.57365583 2566.41359693],[2251.39501892 2516.31454457],[2253.98182835 2236.64714709]
DJI_20250613091503_0473_D:[2959.26123513 1186.53101714],[2957.51354185 1461.72442073],[2338.22758481 1413.89321818],[2342.01106714 1139.24946777]
DJI_20250613091617_0510_D:[3172.15337702 2117.1126906 ],[3177.50559129 1836.83688698],[3793.86037724 1892.28079365],[3788.61347767 2170.53264235]
DJI_20250613091511_0477_D:[2859.57488042 2675.26910525],[2855.22109384 2952.9931951 ],[2229.84159394 2902.09486547],[2231.88331392 2624.23071229]
DJI_20250613091619_0511_D:[3164.82722181 2433.78296497],[3170.83008765 2154.35914514],[3786.24979281 2207.23893734],[3779.49815131 2484.44961885]
DJI_20250613091615_0509_D:[3190.84741307 1770.64706678],[3195.49631444 1491.81772148],[3809.68253486 1549.8492256 ],[3806.07613964 1826.86113213]
DJI_20250613091501_0472_D:[2977.88367623  855.47045443],[2976.42632573 1126.37955238],[2360.878498   1078.60073698],[2365.22214382  808.39547577]
DJI_20250613091621_0512_D:[3145.37306695 2761.56569196],[3152.35638552 2484.01841193],[3766.83661356 2534.88925022],[3758.19381461 2810.03906294]
43
DJI_20250613091619_0511_D:[2475.35688217 2160.134714  ],[2481.0681916  1873.97270173],[3118.91738436 1929.91779275],[3113.32590711 2216.0184973 ]
DJI_20250613091617_0510_D:[2481.27188443 1835.34415834],[2487.27332414 1549.4777318 ],[3125.18512188 1605.5628833 ],[3120.2143441  1891.57157817]
DJI_20250613091621_0512_D:[2457.52906647 2496.37874877],[2463.23980829 2210.98943592],[3100.84883438 2267.43093944],[3094.29264252 2552.57283291]
DJI_20250613091615_0509_D:[2502.13575336 1482.12486803],[2508.44356814 1199.06582077],[3143.18653473 1255.11844291],[3138.89645588 1538.51574217]
DJI_20250613091505_0474_D:[3632.29444074 1815.53307631],[3629.60808936 2099.97241191],[2997.29942648 2050.6319525 ],[3000.17375278 1764.35511658]
DJI_20250613091623_0513_D:[2437.35336893 2822.88557401],[2442.49034249 2539.62500803],[3079.05461787 2595.29483828],[3072.14667931 2878.13682855]
DJI_20250613091507_0475_D:[3605.56894355 2180.79742916],[3601.05558774 2465.17280886],[2968.21763871 2418.19672372],[2971.7897902 2131.7429527]
DJI_20250613091841_0582_D:[2176.20112961 1947.71809968],[2173.35093558 2229.321317  ],[1554.54088341 2177.96266731],[1557.32205576 1898.80199232]
DJI_20250613091503_0473_D:[3657.69689772 1446.11630591],[3657.00847223 1727.31140706],[3029.81209084 1676.35304333],[3031.75649426 1393.51964845]
DJI_20250613091839_0581_D:[2182.36425984 1573.24253124],[2178.83008477 1854.44191512],[1559.80441939 1806.61993059],[1564.37363495 1528.05603392]
44
DJI_20250613091505_0474_D:[2897.41912156 1962.49412471],[2894.27685991 2245.40925615],[2263.41182261 2195.51312378],[2266.41789116 1912.85523497]
DJI_20250613091503_0473_D:[2930.14948199 1593.50552648],[2927.71918293 1874.06571112],[2300.93299652 1825.28787613],[2304.27162702 1545.12749577]
DJI_20250613091507_0475_D:[2868.65150443 2325.7484995 ],[2865.03605311 2607.82326118],[2234.29784029 2557.57924148],[2236.67830109 2275.53961777]
DJI_20250613091501_0472_D:[2949.48652102 1253.34336208],[2947.27151725 1531.32549423],[2322.98683678 1482.4693227 ],[2327.00123525 1205.05033394]
DJI_20250613091619_0511_D:[3207.89405626 2018.27416244],[3212.87051284 1736.04171946],[3832.94835007 1792.46996097],[3828.41623873 2072.62094436]
DJI_20250613091621_0512_D:[3189.71287684 2351.48629664],[3195.79526707 2069.28578785],[3816.29492423 2123.80134954],[3809.72922784 2403.73768273]
DJI_20250613091509_0476_D:[2847.33298521 2709.5857785 ],[2843.22632041 2988.18172307],[2215.39333966 2937.55941363],[2217.10277603 2658.82361782]
DJI_20250613091459_0471_D:[2931.1490177  916.8694247],[2928.80304977 1192.39298939],[2304.71895079 1143.04258667],[2309.77270055  868.32973255]
DJI_20250613091617_0510_D:[3214.32228399 1697.84779204],[3218.55213384 1416.53909984],[3838.27536484 1475.41516901],[3835.37018165 1754.83593796]
DJI_20250613091623_0513_D:[3167.92830622 2674.66920759],[3174.51064119 2393.82011484],[3794.72389094 2445.23639993],[3786.75748723 2723.65219526]
45
DJI_20250613091621_0512_D:[2602.41614758 2053.28299007],[2608.28657001 1770.64192557],[3237.50718206 1826.62328153],[3232.08676559 2108.93296621]
DJI_20250613091623_0513_D:[2581.49297413 2378.8108295 ],[2587.0613695  2096.30056481],[3216.71120173 2151.33076815],[3210.70210117 2433.350659  ]
DJI_20250613091619_0511_D:[2619.93919706 1720.04424069],[2625.54360061 1438.64096888],[3253.52338054 1494.31232296],[3249.29428669 1775.5575478 ]
DJI_20250613091503_0473_D:[3514.09320573 1884.25404889],[3511.30978807 2163.97689799],[2888.55933959 2116.15207912],[2891.33252133 1834.95360404]
DJI_20250613091625_0514_D:[2561.54815687 2706.31025429],[2566.84861194 2425.62554584],[3195.29098209 2479.79109957],[3188.63750582 2759.83541687]
DJI_20250613091501_0472_D:[3531.20425892 1543.72946026],[3529.46021295 1822.13208414],[2908.38033924 1771.9870107 ],[2911.01779818 1492.29420492]
DJI_20250613091505_0474_D:[3484.84165742 2254.36268884],[3480.38813456 2535.01655031],[2854.33234116 2488.51851626],[2857.71410092 2206.20553814]
DJI_20250613091617_0510_D:[2626.10729385 1399.85977435],[2631.76922668 1120.60613938],[3258.46820583 1176.55907817],[3255.0563016  1455.84423197]
DJI_20250613091459_0471_D:[3512.96231585 1207.41654492],[3511.95340249 1484.67254101],[2889.74835829 1431.70936531],[2892.56193571 1153.40371672]
DJI_20250613091837_0580_D:[1763.36150047 1447.54208399],[1757.75460665 1898.8415979 ],[ 799.58482139 1823.59742999],[ 807.33814574 1384.75761932]
46
DJI_20250613090749_0256_D:[3175.07820279 1955.5978537 ],[3173.52031749 2218.74538677],[2586.20511617 2176.02567983],[2587.52131764 1912.71611588]
DJI_20250613090747_0255_D:[3150.00267056 1621.63844595],[3148.94744932 1885.29413101],[2559.80201731 1841.76223222],[2561.45417245 1578.18586414]
DJI_20250613090751_0257_D:[3162.57338902 2280.98850477],[3160.64638919 2542.58514601],[2575.43765129 2501.08643006],[2576.3333739  2239.15973816]
DJI_20250613090745_0254_D:[3156.50622302 1285.01497054],[3156.23258725 1547.80625419],[2566.07516853 1504.18453942],[2567.79763254 1241.57764301]
DJI_20250613090909_0296_D:[2798.52235909 2622.35416934],[2802.68712703 2354.68291469],[3399.10301003 2402.39865565],[3393.89146883 2668.8444689 ]
DJI_20250613090753_0258_D:[3155.90555391 2591.83349326],[3153.43564239 2851.75916647],[2568.78988595 2811.08887284],[2569.44733202 2550.65262175]
DJI_20250613090529_0186_D:[1496.15807296 1954.95450156],[1500.6774996  1692.17652628],[2081.64678463 1738.18811554],[2077.60300036 2003.48978579]
DJI_20250613090743_0253_D:[3174.81450614  950.98952163],[3175.35930179 1209.82331615],[2588.98579732 1166.33076567],[2590.71215954  907.76879587]
DJI_20250613090531_0187_D:[1471.08617261 2274.26910826],[1473.8418293  2011.01078682],[2056.13516351 2059.79568658],[2053.04853441 2325.46318934]
DJI_20250613090911_0297_D:[2762.95842438 2966.99735946],[2767.5172736  2701.69560629],[3363.84553919 2748.71537477],[3357.23234856 3012.6791982 ]
47
DJI_20250613090529_0186_D:[2051.99852043 2200.16843261],[2055.62305018 1930.63011031],[2657.10604359 1980.0467042 ],[2653.27809527 2250.54660641]
DJI_20250613090527_0185_D:[2073.60531617 1851.40312197],[2078.16871014 1582.45192862],[2678.55504536 1630.53687452],[2674.7318389  1900.61849498]
DJI_20250613090749_0256_D:[2600.67546096 1717.84780613],[2599.30827685 1985.28423917],[2005.40511351 1941.80484858],[2007.22084614 1675.83345468]
DJI_20250613090751_0257_D:[2589.04856675 2049.74523539],[2588.08177935 2316.55743268],[1995.57326842 2272.30971599],[1996.16912036 2006.78243382]
DJI_20250613090531_0187_D:[2027.81822076 2526.7686041 ],[2030.39159271 2257.71277902],[2632.79316522 2308.06022164],[2629.15019106 2577.93763897]
DJI_20250613090525_0184_D:[2100.0277266  1505.83202564],[2105.70064737 1238.87071106],[2704.2437975  1286.15878661],[2700.23402691 1554.39340252]
DJI_20250613090747_0255_D:[2574.46813027 1378.5637827 ],[2572.75629168 1645.41429593],[1978.32938954 1603.26450174],[1981.3581617  1338.12979253]
DJI_20250613090753_0258_D:[2581.95276207 2366.5939279 ],[2581.20602271 2632.63022356],[1988.48035405 2587.27210412],[1988.05026291 2322.34262192]
DJI_20250613090533_0188_D:[2021.97892438 2856.37911436],[2023.58176396 2589.64054937],[2625.00635535 2640.86938766],[2621.46639513 2908.22893521]
DJI_20250613090745_0254_D:[2581.07033416 1038.15093274],[2579.31274672 1303.0974818 ],[1984.44214796 1262.90588461],[1988.40482021  999.78648737]
48
DJI_20250613090751_0257_D:[3225.51337377 1873.44207983],[3224.50360809 2138.34749572],[2633.24000545 2096.13582574],[2634.23463764 1830.96407113]
DJI_20250613090749_0256_D:[3237.48397959 1545.2466318 ],[3236.96721714 1810.02244331],[2644.80338775 1766.65143872],[2646.12037857 1501.77783612]
DJI_20250613090753_0258_D:[3219.82122557 2187.28203569],[3218.16423099 2452.13987315],[2626.26558174 2410.66818296],[2627.11057019 2145.36450126]
DJI_20250613090747_0255_D:[3211.43987876 1210.10387545],[3211.48958226 1473.60688095],[2618.73993745 1429.6007067 ],[2620.35437938 1166.2403455 ]
DJI_20250613090755_0259_D:[3236.83346387 2505.60722552],[3234.40542937 2769.37200715],[2642.33868676 2728.90230962],[2643.15236148 2464.42544263]
DJI_20250613090527_0185_D:[1446.20989499 2021.87903653],[1450.5489133  1757.21683944],[2034.87314959 1804.23342584],[2030.8699821  2071.56061269]
DJI_20250613091127_0365_D:[2226.31256954 1852.53209024],[2223.46406364 2123.96168052],[1630.90737605 2080.16029663],[1636.14211024 1812.81994723]
DJI_20250613090525_0184_D:[1471.54097288 1680.92061975],[1477.9644577  1417.34320669],[2061.35280336 1461.55738475],[2056.15384319 1727.93899619]
DJI_20250613091131_0367_D:[2168.3896806  2642.84353575],[2165.46922534 2915.64311079],[1569.81164067 2859.79478432],[1573.57228209 2590.23549437]
DJI_20250613090757_0260_D:[3224.84119555 2785.50080234],[3221.9000642  3045.17999954],[2634.98478799 3006.24448843],[2635.61444244 2745.68589112]
49
DJI_20250613090525_0184_D:[2090.55517993 1934.79084952],[2095.23944152 1666.00531722],[2695.00189754 1715.16250094],[2690.84754935 1984.9886094 ]
DJI_20250613090527_0185_D:[2066.04521733 2280.33404596],[2069.54563387 2011.54330744],[2669.67410295 2061.27005483],[2665.77910315 2330.94728993]
DJI_20250613090753_0258_D:[2586.14690083 1939.96060479],[2585.30487588 2207.19557555],[1992.03929514 2163.76146968],[1992.80717877 1897.86137774]
DJI_20250613090751_0257_D:[2593.55305762 1624.7017167 ],[2592.51279383 1890.965098  ],[2000.74225288 1848.90526779],[2002.50078688 1584.13786499]
DJI_20250613090523_0183_D:[2126.80402337 1597.73486858],[2132.31122281 1330.49398698],[2730.65309611 1378.53066048],[2726.57677421 1646.92953252]
DJI_20250613090755_0259_D:[2602.13622392 2260.63230254],[2601.39441753 2527.87687286],[2006.57034037 2483.18029226],[2006.43819659 2217.02076154]
DJI_20250613090529_0186_D:[2046.0511236  2626.78791974],[2048.55159634 2359.42144322],[2648.27319568 2410.21027262],[2644.43758071 2678.28336502]
DJI_20250613090749_0256_D:[2605.76407856 1294.72373797],[2604.35602458 1559.81410918],[2012.49718896 1518.78926162],[2015.43964388 1255.359403  ]
DJI_20250613090757_0260_D:[2594.71855639 2545.80365684],[2594.20442982 2809.81470497],[2003.73885758 2764.78797378],[2002.66596346 2501.66542756]
DJI_20250613090521_0182_D:[2139.41064448 1285.17702709],[2145.77425402 1020.87973001],[2741.47223036 1067.82736462],[2737.40514691 1333.44193823]
50
DJI_20250613090753_0258_D:[3231.22336002 1793.33151184],[3230.5798648  2058.35223544],[2638.90840252 2016.35970505],[2639.75445683 1751.07914839]
DJI_20250613090755_0259_D:[3249.32391177 2110.65272488],[3247.93316643 2376.18836934],[2654.91993649 2334.83545628],[2655.72518028 2068.78053906]
DJI_20250613090751_0257_D:[3235.900979   1482.01501795],[3235.92180262 1745.49841536],[2646.05681664 1702.9996073 ],[2647.0212681 1439.4294428]
DJI_20250613090757_0260_D:[3238.0851192  2394.29348208],[3236.14102739 2657.17084872],[2647.223849   2617.12907892],[2647.87345039 2353.56873005]
DJI_20250613090749_0256_D:[3247.0760373  1156.69893895],[3247.62799713 1418.41652978],[2658.06973162 1374.974693  ],[2659.31377428 1113.33124816]
DJI_20250613091131_0367_D:[2186.34651977 2238.67398414],[2182.63443932 2510.35374763],[1589.2484057  2459.51524158],[1594.88064696 2191.18489179]
DJI_20250613090759_0261_D:[3213.94691649 2695.93624496],[3211.41522932 2954.93384159],[2627.61490127 2916.19060423],[2628.14956873 2656.35699042]
DJI_20250613090525_0184_D:[1455.78135204 2073.59068339],[1460.19170245 1809.32004707],[2043.75832193 1857.53633538],[2039.55681226 2124.41366406]
DJI_20250613090523_0183_D:[1490.70947292 1741.86459175],[1496.91175996 1478.36979826],[2080.01919697 1523.47708421],[2074.89227155 1789.69228004]
DJI_20250613091133_0368_D:[2169.13884564 2586.46938475],[2165.06924796 2860.60774442],[1569.48098928 2804.26874361],[1575.38052807 2533.96504408]
51
DJI_20250613090533_0188_D:[2076.76645238 2053.0487338 ],[2080.53307336 1784.11854273],[2680.52988036 1832.32474238],[2676.97354076 2102.22818048]
DJI_20250613090535_0189_D:[2058.4868142  2372.04664145],[2061.55874112 2103.76652313],[2661.01586369 2153.285293  ],[2657.3317915  2422.38619598]
DJI_20250613090531_0187_D:[2085.35136123 1721.71384636],[2089.9468223  1453.97090045],[2688.35976343 1500.89629525],[2684.82323636 1769.79232406]
DJI_20250613090745_0254_D:[2532.2371946  1837.11425084],[2530.66168751 2104.72524829],[1937.30423879 2060.08174025],[1939.00147803 1793.98680039]
DJI_20250613090743_0253_D:[2555.50971348 1492.32838789],[2553.8124242 1758.4125784],[1962.11480846 1715.7688485 ],[1964.79094122 1451.28596364]
DJI_20250613090747_0255_D:[2526.04615951 2177.67360715],[2524.61489224 2443.62100927],[1934.29697146 2397.27835515],[1934.99341338 2132.71233527]
DJI_20250613090537_0190_D:[2039.72537597 2674.59232644],[2041.99858524 2407.8816753 ],[2640.66737806 2458.40365304],[2636.99625817 2725.78861435]
DJI_20250613090529_0186_D:[2112.19330739 1398.81695153],[2117.62242852 1134.01753044],[2712.59282842 1179.80223005],[2709.05268288 1445.87077508]
DJI_20250613090741_0252_D:[2581.45791911 1141.62830077],[2579.58945591 1405.12108936],[1989.34804523 1364.11978941],[1993.12212886 1102.28818845]
DJI_20250613090749_0256_D:[2553.24755133 2513.3343687 ],[2552.13867657 2776.41240899],[1964.82500256 2729.41585433],[1964.359504   2467.44628349]
52
DJI_20250613090743_0253_D:[3181.21665566 1726.21062258],[3179.90067846 1991.84013208],[2586.80336054 1948.02812366],[2588.41107543 1682.2603651 ]
DJI_20250613090745_0254_D:[3160.40319939 2070.94180341],[3158.31474455 2337.14813757],[2563.91986314 2293.52626822],[2565.43373291 2027.07284062]
DJI_20250613090911_0297_D:[2773.47398723 2173.30871585],[2777.60276518 1902.17024818],[3379.88916384 1952.54377389],[3375.82595025 2222.81680897]
DJI_20250613090741_0252_D:[3204.68529701 1375.25678841],[3204.15835939 1639.26889373],[2612.26274115 1594.90931319],[2614.01293123 1330.83734878]
DJI_20250613090909_0296_D:[2807.9852145  1823.05646142],[2811.55946619 1553.47678285],[3410.93747915 1604.24471834],[3408.43185695 1873.06372469]
DJI_20250613090913_0298_D:[2778.09392653 2490.03631248],[2782.68967031 2218.81669214],[3386.28026973 2268.80753758],[3380.89955813 2538.93444617]
DJI_20250613090747_0255_D:[3151.47787198 2408.96942012],[3148.6392712  2672.59509848],[2557.81872965 2629.41669954],[2559.23120095 2365.42754029]
DJI_20250613090915_0299_D:[2761.8752352  2817.39704795],[2766.41385604 2548.27699312],[3368.79556748 2596.4547186 ],[3362.6206296  2864.30100812]
DJI_20250613090739_0251_D:[3254.89343294 1038.31537971],[3255.53463051 1298.33575546],[2667.92078127 1253.92804715],[2669.37494712  993.86625013]
DJI_20250613090535_0189_D:[1443.68941869 2129.94323317],[1447.30753612 1864.93888301],[2032.55988377 1912.64894573],[2029.02320648 2180.23778124]
53
DJI_20250613090535_0189_D:[2181.98368548 1971.31034223],[2185.98585906 1702.01753184],[2787.06984261 1750.4051884 ],[2783.50299442 2020.43790289]
DJI_20250613090537_0190_D:[2161.90550893 2276.71045246],[2165.31365332 2007.38010568],[2766.82119382 2056.62679651],[2763.0565519  2326.55738315]
DJI_20250613090533_0188_D:[2201.36623477 1650.78932294],[2205.8514698  1382.53334675],[2806.20990588 1429.76316515],[2802.9878121  1698.90281497]
DJI_20250613090743_0253_D:[2433.53326549 1890.81355062],[2431.99900148 2157.91604381],[1840.99308187 2112.90299668],[1842.50145682 1847.50562423]
DJI_20250613090539_0191_D:[2146.34426122 2594.61881806],[2149.15899077 2326.70599262],[2749.77047493 2376.85301621],[2745.77722158 2645.20215514]
DJI_20250613090741_0252_D:[2459.48863544 1536.19879769],[2457.5383306  1802.60539171],[1866.48530753 1759.53977499],[1869.34349813 1494.91110824]
DJI_20250613090745_0254_D:[2410.15065733 2237.8175735 ],[2408.96405552 2504.64785116],[1817.67709345 2457.37973908],[1817.97091257 2192.15294232]
DJI_20250613090531_0187_D:[2210.80694878 1320.74223373],[2215.91776293 1055.40379705],[2813.42812123 1101.47485109],[2810.42532938 1367.87065815]
DJI_20250613090739_0251_D:[2516.44003967 1194.34255175],[2514.50281497 1457.66345687],[1926.00687948 1416.96444739],[1929.73704651 1155.41099324]
DJI_20250613090403_0143_D:[3780.34195416 1874.54671523],[3780.15199057 2145.47996973],[3179.14502042 2105.28919765],[3179.17356604 1832.45131432]
54
DJI_20250613090741_0252_D:[2913.46382827 1777.23674523],[2911.82963259 2043.78108915],[2317.36859805 1999.47956549],[2319.23082434 1733.41236806]
DJI_20250613090743_0253_D:[2888.28919151 2131.79083184],[2886.37404801 2397.98674234],[2292.3991966  2353.36558576],[2293.60047009 2087.56395015]
DJI_20250613090739_0251_D:[2967.61730895 1433.17257896],[2966.627975   1697.59349508],[2374.66403773 1654.1623317 ],[2376.77846297 1390.23448349]
DJI_20250613090537_0190_D:[1712.15869191 2029.38650064],[1716.26348284 1762.20987246],[2309.84203144 1809.70585662],[2306.07510223 2078.82147763]
DJI_20250613090745_0254_D:[2865.7688361  2478.26852414],[2863.55208656 2743.18360661],[2269.78330359 2697.94319352],[2270.4102226  2433.30765713]
DJI_20250613090535_0189_D:[1732.81437113 1726.47709536],[1738.07229595 1460.26316613],[2330.66321185 1505.43310403],[2326.51756356 1773.71349966]
DJI_20250613090539_0191_D:[1696.94419477 2345.82476948],[1699.86559236 2079.07087524],[2293.22656291 2129.02710354],[2289.8347534  2397.56136449]
DJI_20250613090913_0298_D:[3084.24645091 2079.69143886],[3088.34419217 1807.40252344],[3688.899384   1859.14129928],[3685.08415066 2129.76988339]
DJI_20250613090737_0250_D:[2997.97470684 1129.31063528],[2997.55973181 1389.84605217],[2410.42753983 1347.11129878],[2412.75351116 1087.15042354]
DJI_20250613090915_0299_D:[3067.57498638 2410.25197422],[3072.08722504 2138.28706401],[3672.74523769 2187.49363965],[3667.66015839 2457.61604013]
55
DJI_20250613090539_0191_D:[2165.89480955 2152.73687418],[2169.6691922  1883.02431752],[2771.63124597 1932.18478252],[2767.85053714 2202.55783298]
DJI_20250613090537_0190_D:[2182.45079502 1832.58880811],[2186.75049551 1563.30618439],[2788.24752037 1611.35147797],[2784.7678043  1881.45058159]
DJI_20250613090541_0192_D:[2153.20219117 2462.20060683],[2156.34652257 2193.38230966],[2757.70194884 2243.27175982],[2753.77002174 2512.6038083 ]
DJI_20250613090739_0251_D:[2497.92964902 1628.9995923 ],[2496.18804116 1895.13883096],[1905.61463376 1851.76693966],[1908.04241057 1587.2260021 ]
DJI_20250613090741_0252_D:[2440.84783737 1975.76147436],[2439.23746297 2242.98669543],[1847.61081649 2197.19622158],[1849.00392537 1931.56173985]
DJI_20250613090535_0189_D:[2203.49790381 1527.35310823],[2208.31297019 1259.87982573],[2808.07784645 1306.89052955],[2804.87135907 1575.31087518]
DJI_20250613090737_0250_D:[2532.84547723 1320.95952449],[2531.01416729 1584.03996612],[1944.32493254 1542.67964672],[1947.64118646 1281.25713376]
DJI_20250613090543_0193_D:[2130.49476247 2783.94045889],[2132.69040931 2517.20591473],[2732.90497142 2567.38303669],[2729.07192553 2834.49686478]
DJI_20250613090743_0253_D:[2415.56577181 2331.32711058],[2414.45478238 2597.15286495],[1824.4359905  2549.50151228],[1824.39193091 2285.1739771 ]
DJI_20250613090359_0141_D:[3735.50706413 1640.70951791],[3736.89079545 1910.89048306],[3136.17988181 1869.94541499],[3135.30621641 1598.11257921]
56
DJI_20250613091453_0468_D:[2858.42396836 1623.95732283],[2854.81391623 1908.915155  ],[2219.07197288 1857.34147675],[2223.32662671 1572.91434069]
DJI_20250613091455_0469_D:[2836.99777273 2003.99815312],[2832.7706408  2287.64573832],[2200.59706425 2235.24547807],[2204.33957855 1951.96155785]
DJI_20250613091457_0470_D:[2817.77858257 2349.86840318],[2813.34356838 2631.2653622 ],[2184.09574287 2578.77269468],[2187.04857993 2297.56364709]
DJI_20250613091451_0467_D:[2857.2029415  1222.19996371],[2854.29948049 1504.18642321],[2221.27322663 1454.18478019],[2226.07516529 1173.04161752]
DJI_20250613091459_0471_D:[2806.54300898 2660.78389087],[2802.25479205 2937.90690338],[2178.6417515  2886.27082574],[2180.62594608 2609.17242686]
DJI_20250613091631_0517_D:[3224.96183564 2292.20222584],[3230.10962851 2011.86695248],[3845.85789612 2064.96239132],[3840.49114201 2343.06654432]
DJI_20250613091629_0516_D:[3251.70668315 1931.58912469],[3256.20484887 1651.4730952 ],[3871.39256428 1708.16369563],[3867.72715379 1986.23752798]
DJI_20250613091449_0466_D:[2848.48633114  859.38555585],[2846.15182123 1136.7523929 ],[2216.90776693 1088.44600076],[2222.22289027  812.15441186]
DJI_20250613091633_0518_D:[3202.38176156 2672.02192361],[3208.82108834 2392.49666141],[3825.66659342 2443.15416614],[3817.82992618 2720.20719848]
DJI_20250613091627_0515_D:[3273.66480864 1596.74107266],[3277.05268692 1317.899091  ],[3891.78752461 1376.89212986],[3890.19332764 1653.85485456]
57
DJI_20250613091455_0469_D:[3241.52533208 1810.60759731],[3237.49251116 2094.77385415],[2603.54740407 2042.90256752],[2607.6144884  1758.04226021]
DJI_20250613091457_0470_D:[3221.73973409 2157.51033186],[3216.82401057 2440.39025827],[2584.99917639 2389.73437963],[2588.93555541 2105.99357192]
DJI_20250613091453_0468_D:[3263.38577042 1429.95984074],[3260.73353561 1714.31648958],[2624.22143035 1661.80425753],[2628.05296385 1376.90943476]
DJI_20250613091629_0516_D:[2852.30315197 2121.27857746],[2857.71113541 1839.22502949],[3483.18083828 1894.57933194],[3478.11970737 2175.59584783]
DJI_20250613091631_0517_D:[2825.87842023 2483.51159331],[2831.23188743 2202.25577585],[3456.36394484 2255.32569011],[3450.29353668 2535.35608289]
DJI_20250613091627_0515_D:[2874.32566248 1784.73542564],[2879.25935965 1503.03943833],[3505.11499155 1559.44699845],[3501.49545736 1840.27794774]
DJI_20250613091459_0471_D:[3207.70253968 2470.59509822],[3202.37844462 2749.99375986],[2575.59765957 2701.34213542],[2579.09889739 2420.94010672]
DJI_20250613091451_0467_D:[3258.7349729  1030.48295168],[3257.59807986 1310.73017163],[2624.42282503 1258.32732314],[2627.99738251  977.87162538]
DJI_20250613091625_0514_D:[2885.13929155 1435.33639264],[2889.5712396  1155.89897684],[3514.13044498 1213.2305099 ],[3512.01214988 1491.99085987]
DJI_20250613091633_0518_D:[2802.81345149 2863.31131376],[2808.67909843 2583.98876143],[3434.03791681 2636.0167932 ],[3426.26024809 2913.88074548]
58
DJI_20250613091457_0470_D:[2722.8782841  1880.88370108],[2718.87898527 2163.06762859],[2090.96059774 2111.04606925],[2094.85491494 1829.63830139]
DJI_20250613091455_0469_D:[2741.5461724  1535.66645772],[2737.65503188 1817.86584662],[2108.44829316 1766.57709865],[2113.22797836 1485.32419935]
DJI_20250613091459_0471_D:[2712.07140361 2195.19567798],[2708.31150012 2475.02473194],[2084.62109814 2423.26942472],[2087.43984439 2144.04703307]
DJI_20250613091453_0468_D:[2761.68738222 1158.40304951],[2758.29646125 1439.42515151],[2127.35439174 1389.62301891],[2132.76116784 1109.71012971]
DJI_20250613091501_0472_D:[2731.95424496 2532.4499155 ],[2728.55838808 2809.08538007],[2108.58812876 2758.25986316],[2110.16858688 2481.978041  ]
DJI_20250613091627_0515_D:[3363.35141465 2062.69858996],[3368.01284729 1782.7029192 ],[3980.0186315  1838.30607121],[3975.7871782  2115.84409203]
DJI_20250613091629_0516_D:[3339.45046753 2395.15838156],[3345.29097662 2116.01509115],[3956.21854356 2168.7364976 ],[3949.86151774 2445.25826743]
DJI_20250613091119_0361_D:[4256.42562697 1872.57027757],[4256.23831178 2152.87512609],[3637.592783  2109.4305119],[3637.85579263 1827.43948024]
DJI_20250613091503_0473_D:[2712.19416868 2873.64088532],[2709.02837595 3147.08041417],[2090.76573738 3096.39964098],[2091.20328736 2823.14154483]
DJI_20250613091451_0467_D:[2760.25255918  766.82406715],[2757.37908204 1042.23124924],[2131.22445964  994.90570081],[2137.32941197  720.90323046]
59
DJI_20250613091627_0515_D:[2586.43942673 2223.37866834],[2591.94659886 1941.58571462],[3219.50144933 1996.43268815],[3214.06687068 2277.88900389]
DJI_20250613091625_0514_D:[2597.38494332 1874.75911536],[2602.88240318 1593.09194863],[3230.75184016 1648.14268434],[3226.31899624 1929.66476095]
DJI_20250613091629_0516_D:[2565.14385643 2556.26367439],[2570.62443318 2276.16179307],[3196.19270106 2330.65672649],[3189.83128953 2610.24607359]
DJI_20250613091457_0470_D:[3501.92651997 1716.96039932],[3498.39263573 1998.5093413 ],[2871.3372892  1946.93386915],[2875.15313042 1664.00121141]
DJI_20250613091459_0471_D:[3487.51121825 2030.55605224],[3483.14068183 2310.50969555],[2859.6751911  2261.58655626],[2863.47423153 1980.11359909]
DJI_20250613091623_0513_D:[2617.99500114 1545.29961811],[2623.60489681 1265.48671013],[3249.98943428 1321.04697702],[3246.34837024 1600.85466892]
DJI_20250613091455_0469_D:[3519.83393561 1373.41956821],[3517.68166721 1654.0891206 ],[2890.20528101 1600.57703419],[2893.64343532 1318.69080471]
DJI_20250613091501_0472_D:[3503.66550672 2366.95537464],[3498.56853008 2644.39221507],[2878.87553758 2598.91150736],[2882.50734776 2319.72696267]
DJI_20250613091833_0578_D:[2153.99565317 1773.84258207],[2150.73708574 2051.08507154],[1541.34970825 2001.86944702],[1545.03420509 1727.04011321]
DJI_20250613091631_0517_D:[2540.43180183 2913.11742307],[2545.30903465 2636.03251094],[3168.78414364 2688.99290414],[3161.97685703 2965.372149  ]
60
DJI_20250613091459_0471_D:[2838.77605986 1770.54158734],[2835.17556556 2053.27732446],[2205.05808246 2002.19567501],[2208.91569455 1720.00045423]
DJI_20250613091501_0472_D:[2857.82712024 2112.42719681],[2854.4426007  2393.78003531],[2226.85865046 2343.66405262],[2229.59106543 2062.59692556]
DJI_20250613091457_0470_D:[2850.40643042 1452.83578268],[2846.77371332 1736.15507426],[2213.66163241 1684.67749422],[2218.42639642 1402.06577902]
DJI_20250613091503_0473_D:[2837.75937741 2458.29968544],[2834.37816038 2738.33696193],[2207.11696292 2688.52570352],[2208.91899491 2408.59824622]
DJI_20250613091455_0469_D:[2868.72415148 1107.80620154],[2865.45600365 1389.04962441],[2232.60859903 1338.14812334],[2238.02640139 1057.78073471]
DJI_20250613091625_0514_D:[3252.84365101 2139.67404235],[3257.85619002 1856.5441399 ],[3878.88636347 1911.91695922],[3874.09067055 2192.78210769]
DJI_20250613091627_0515_D:[3239.71286723 2488.2591685 ],[3245.76025321 2206.2032302 ],[3865.68357085 2258.8028524 ],[3858.8471465  2538.39933362]
DJI_20250613091623_0513_D:[3273.52163597 1809.21056215],[3277.71837551 1526.88763547],[3897.75634486 1585.15248645],[3894.69977468 1865.36126615]
DJI_20250613091505_0474_D:[2802.56063334 2831.68999375],[2798.76628029 3109.55397838],[2170.80922753 3058.7635865 ],[2171.91755308 2780.84841613]
DJI_20250613091453_0468_D:[2887.93576264  732.61349832],[2885.45984689 1010.28639693],[2252.66584576  960.66311185],[2258.45503456  684.03305042]