1
DJI_20250425093926_0431_D:[2109.19656551 2210.39320917],[2108.10229322 1903.08909219],[2794.45830071 1946.34582455],[2795.97857747 2254.35356934]
DJI_20250425093924_0430_D:[2122.87100132 1830.2006789 ],[2122.56776743 1524.2447344 ],[2807.0899606  1566.16173928],[2809.05488128 1873.03200299]
DJI_20250425093928_0432_D:[2100.39592895 2586.93732001],[2098.40988044 2280.47351622],[2784.81023611 2324.72078654],[2785.97957071 2631.69122682]
DJI_20250425094050_0473_D:[2466.03784533 1615.59902982],[2469.33608682 1928.81723019],[1774.21034369 1889.59651572],[1772.03034294 1578.61193154]
DJI_20250425094052_0474_D:[2454.58706354 1974.93621607],[2457.96904226 2288.73183834],[1762.60154465 2246.65965971],[1759.1050756  1934.93138383]
DJI_20250425093922_0429_D:[2124.9761865  1480.34357846],[2125.44155724 1176.93442174],[2808.06316303 1217.48879892],[2810.39735582 1522.04507294]
DJI_20250425094048_0472_D:[2497.34424315 1244.72749177],[2500.12253744 1554.84449864],[1807.584033   1517.54367672],[1807.21585031 1209.77895727]
DJI_20250425094054_0475_D:[2447.15510363 2325.67837297],[2450.77231642 2638.4981387 ],[1755.84302261 2594.00017935],[1750.90766567 2283.08566086]
DJI_20250425093930_0433_D:[2086.72727304 2938.84421462],[2083.78652955 2635.20470889],[2768.59806033 2680.17421092],[2769.52114316 2984.15648639]
DJI_20250425093704_0360_D:[3896.39603716 1821.74058506],[3899.2528682  2110.69660171],[3258.91702364 2073.99181056],[3255.94772007 1782.67602775]
2
DJI_20250425094052_0474_D:[3284.04150573 1755.91657222],[3287.70789315 2068.41564876],[2589.15489661 2028.56448115],[2585.88884487 1715.3598963 ]
DJI_20250425094054_0475_D:[3278.50532424 2105.09635806],[3280.98334626 2417.78895935],[2581.88816347 2378.67744692],[2578.61787962 2065.09261906]
DJI_20250425094310_0543_D:[2726.64711766 1960.92835686],[2726.73223407 1636.61999103],[3447.69914427 1687.37361196],[3448.78746127 2010.57004426]
DJI_20250425094312_0544_D:[2712.67183238 2340.25439509],[2712.84506737 2015.75001721],[3434.15099526 2064.878227  ],[3433.77648642 2388.0169591 ]
DJI_20250425094050_0473_D:[3292.52526047 1399.06479352],[3297.5725846  1709.78235798],[2600.31760655 1669.56900784],[2596.89576512 1358.31765105]
DJI_20250425094308_0542_D:[2747.05170187 1580.09567239],[2746.88597281 1258.2983511 ],[3465.5091183  1310.29628856],[3468.24847474 1631.20063288]
DJI_20250425094056_0476_D:[3271.83748687 2456.53916803],[3273.1729661  2767.50171394],[2575.17484416 2729.41167223],[2571.87078423 2417.33237085]
DJI_20250425094314_0545_D:[2691.83383035 2718.22947886],[2692.05779063 2395.59400362],[3412.37150845 2442.9712709 ],[3410.57634748 2764.00029505]
DJI_20250425094048_0472_D:[3317.74170476 1034.21334677],[3323.83854172 1340.51571604],[2630.72861488 1298.87602683],[2627.54811577  992.16259242]
DJI_20250425094306_0541_D:[2772.46233013 1205.97772994],[2771.7635157   889.09935096],[3485.71597887  941.82591765],[3490.35388485 1257.97178037]
3
DJI_20250425093922_0429_D:[2392.4968226  1985.79046339],[2391.28700536 1683.97120515],[3065.12643406 1726.2295231 ],[3067.32038592 2027.98770049]
DJI_20250425093924_0430_D:[2391.24931415 2330.31731807],[2389.730878   2028.50403946],[3063.5119447  2070.74001493],[3064.9372194  2372.26850056]
DJI_20250425093920_0428_D:[2404.79120114 1632.83261757],[2403.97428448 1332.97288523],[3075.95031999 1375.27732907],[3078.84885305 1675.26443858]
DJI_20250425093926_0431_D:[2378.57336007 2702.52233499],[2376.72907066 2402.05041059],[3050.34465707 2444.19706236],[3050.90863556 2744.16875243]
DJI_20250425093706_0361_D:[3624.86821732 1680.02915487],[3628.44742028 1964.75444053],[2993.75013191 1927.62068608],[2990.58265759 1641.51740662]
DJI_20250425093708_0362_D:[3609.6751383  2009.40904686],[3611.66611894 2294.34804812],[2976.87138551 2258.68433817],[2974.34580123 1972.22337246]
DJI_20250425094054_0475_D:[2183.88154058 1811.55024077],[2186.87076094 2119.19800607],[1510.16390897 2078.52642003],[1507.73295407 1773.88715183]
DJI_20250425093918_0427_D:[2424.60160083 1282.29741213],[2424.04783226  986.0845405 ],[3092.95860908 1028.19405932],[3096.70175184 1324.69708345]
DJI_20250425094052_0474_D:[2192.46088864 1470.20093035],[2194.81086263 1776.25261314],[1519.50882123 1739.11092589],[1518.84060153 1436.21712535]
DJI_20250425093704_0360_D:[3628.43154138 1356.41510141],[3633.44830742 1639.61757564],[2999.55581354 1600.75184453],[2995.9041402  1316.31595693]
4
DJI_20250425094056_0476_D:[2693.36414441 1922.03827139],[2696.52584914 2234.64732885],[2000.62254894 2193.42569705],[1997.57828201 1882.08947502]
DJI_20250425094054_0475_D:[2699.76808179 1572.48954686],[2703.10299179 1884.09953231],[2008.11035584 1844.46906516],[2006.02207992 1534.31995744]
DJI_20250425093922_0429_D:[1879.12671123 2215.32708043],[1877.91475193 1910.63940228],[2557.79134775 1953.15309759],[2559.37513986 2259.33865839]
DJI_20250425093920_0428_D:[1891.13553052 1859.03761494],[1891.20506988 1555.18978775],[2570.04652597 1595.90102801],[2571.4922577  1901.43873984]
DJI_20250425094058_0477_D:[2689.04343379 2294.29061577],[2691.89403465 2605.85689443],[1996.91125827 2562.86232282],[1992.939579   2252.36408325]
DJI_20250425093924_0430_D:[1879.53296045 2561.42220704],[1877.15120614 2257.88261583],[2556.28416042 2302.14679048],[2557.9130073 2606.9577025]
DJI_20250425094052_0474_D:[2706.34755421 1228.39705564],[2709.88843447 1537.1365193 ],[2017.34748726 1499.27482328],[2016.20707236 1192.15721349]
DJI_20250425093918_0427_D:[1911.69824595 1503.96113901],[1912.92878118 1202.68564271],[2589.60782907 1241.32565468],[2591.04261332 1544.46558696]
DJI_20250425094100_0478_D:[2675.47353228 2686.13864452],[2678.15903601 2994.03770749],[1986.70005203 2949.58234968],[1981.56106263 2642.57056179]
DJI_20250425093926_0431_D:[1868.8466667 2934.0162987],[1865.15996568 2633.1935893 ],[2543.13876243 2679.32712907],[2544.82058061 2981.22412696]
5
DJI_20250425094056_0476_D:[3306.99184787 1729.17519351],[3310.7752229  2043.56101022],[2607.88584123 2003.13047037],[2604.71251313 1687.99737939]
DJI_20250425094058_0477_D:[3303.78503455 2103.87477985],[3306.1386405  2418.24809709],[2603.44949814 2378.48727825],[2600.43236564 2063.14399028]
DJI_20250425094306_0541_D:[2731.65549242 1954.87970345],[2731.61252618 1629.06800473],[3455.9314142  1679.80739326],[3457.09778069 2004.49324673]
DJI_20250425094308_0542_D:[2705.07483758 2334.61639095],[2705.39015024 2008.16422772],[3431.20754405 2057.93754268],[3430.62907452 2383.0541604 ]
DJI_20250425094054_0475_D:[3310.8880384  1378.86374752],[3315.86939064 1691.24768655],[2614.60006262 1650.12819789],[2611.39323251 1337.19630369]
DJI_20250425094304_0540_D:[2754.44715846 1571.83459514],[2753.96459534 1247.96292835],[3477.1357585  1299.70341292],[3480.13432165 1622.6434748 ]
DJI_20250425094310_0543_D:[2684.28165985 2715.30127011],[2684.68803378 2390.76010275],[3409.57169495 2438.92299958],[3407.46505472 2761.86669391]
DJI_20250425094100_0478_D:[3289.14877586 2499.71392886],[3290.1268314  2811.49614641],[2590.01819823 2772.90313453],[2587.00841413 2459.94487767]
DJI_20250425094052_0474_D:[3313.41607032 1035.35008937],[3319.65304096 1343.76592468],[2621.7115158  1302.15981174],[2618.44095769  993.35943727]
DJI_20250425094302_0539_D:[2758.46272032 1196.28661799],[2757.76224975  876.61165195],[3478.10320704  929.4820079 ],[3482.72470373 1248.45462737]
6
DJI_20250425094306_0541_D:[2049.21091222 2175.44767554],[2049.76180017 1850.68510391],[2775.09016128 1899.94089354],[2775.00030514 2225.99677857]
DJI_20250425094304_0540_D:[2070.91127207 1794.40637068],[2072.34361169 1470.23043032],[2797.78262568 1517.5686066 ],[2798.18188858 1843.25092164]
DJI_20250425094444_0590_D:[2554.84498139 1647.16828457],[2557.70216384 1961.96176794],[1857.98452542 1921.00773969],[1856.14063942 1608.13418879]
DJI_20250425094446_0591_D:[2547.8808426  2021.59924775],[2550.87319032 2336.60498792],[1851.29537261 2293.62633119],[1848.04909084 1980.31548804]
DJI_20250425094308_0542_D:[2023.53170464 2552.11825282],[2023.10881046 2228.08206775],[2748.62038841 2279.23773174],[2748.12667596 2604.37169769]
DJI_20250425094442_0589_D:[2556.65300622 1277.54864056],[2559.40748191 1590.3089201 ],[1860.71240041 1551.64074478],[1860.21335314 1241.02859645]
DJI_20250425094302_0539_D:[2075.62345412 1418.81177405],[2078.13588287 1097.51872235],[2801.64996136 1143.08672365],[2802.34060764 1466.15085821]
DJI_20250425094448_0592_D:[2535.91717599 2397.77385884],[2539.1945589  2710.85542121],[1841.49831121 2666.31198665],[1836.66327676 2354.7149995 ]
DJI_20250425094310_0543_D:[2006.02525493 2928.23183382],[2004.31977434 2607.48004354],[2727.74194654 2659.90370359],[2727.10036923 2981.51435602]
DJI_20250425094058_0477_D:[3947.46340853 1884.4231309 ],[3950.59198333 2195.70761687],[3261.6757213  2157.17018161],[3258.43515947 1842.69950756]
7
DJI_20250425094446_0591_D:[3066.27932209 1814.66519514],[3069.37051395 2127.68510746],[2369.88234941 2086.81900206],[2367.11316058 1773.79021076]
DJI_20250425094444_0590_D:[3071.93019187 1443.86205234],[3075.81478398 1755.55591921],[2376.96263296 1714.67377043],[2374.64341868 1403.19456939]
DJI_20250425094448_0592_D:[3054.38949743 2188.39119372],[3056.80598047 2500.67411664],[2358.28601562 2460.30982479],[2354.91619555 2147.8009636 ]
DJI_20250425094652_0654_D:[2966.94899166 2253.53249849],[2965.31821048 1941.12365526],[3656.5046121 1984.6754229],[3657.87182133 2295.03557595]
DJI_20250425094650_0653_D:[2972.78716935 1890.41039579],[2970.57409144 1578.96312177],[3660.19584048 1624.65698554],[3663.40733689 1934.32434363]
DJI_20250425094304_0540_D:[1545.37221956 2003.37881561],[1546.96391009 1682.72255764],[2259.0275421  1728.93289839],[2258.57358371 2052.92235615]
DJI_20250425094442_0589_D:[3071.64278317 1078.95455037],[3076.33018754 1387.5444772 ],[2379.19899948 1346.91709108],[2377.29918908 1038.75626287]
DJI_20250425094450_0593_D:[3038.54957455 2555.46579481],[3040.2361552  2865.22702302],[2343.73797817 2825.1721484 ],[2339.83911899 2515.00614259]
DJI_20250425094306_0541_D:[1526.34231128 2378.12308505],[1526.03191576 2058.12833935],[2236.93916476 2108.42930252],[2237.03256666 2431.54465596]
DJI_20250425094302_0539_D:[1549.12341319 1632.15356133],[1552.78500114 1313.1446383 ],[2263.70595439 1355.4414514 ],[2262.53298318 1678.05717337]
8
DJI_20250425094650_0653_D:[2464.39478378 2092.29110786],[2462.93583994 1779.23791677],[3161.62432842 1823.15362295],[3163.52806677 2136.06410107]
DJI_20250425094652_0654_D:[2458.30967737 2456.32648194],[2456.52000259 2143.38229055],[3156.13219407 2187.05501244],[3157.10374239 2499.58946777]
DJI_20250425094648_0652_D:[2471.78681635 1720.37461496],[2470.56254437 1408.66232563],[3168.03869337 1452.4621074 ],[3170.97890302 1764.26750379]
DJI_20250425094448_0592_D:[3561.23976954 1984.03331764],[3563.83732269 2296.44968969],[2867.29690087 2257.69063957],[2864.28938607 1943.37463626]
DJI_20250425094446_0591_D:[3571.80948762 1611.61656805],[3576.04289149 1923.63407347],[2879.37817523 1882.35294791],[2876.03283868 1568.6560157 ]
DJI_20250425094654_0655_D:[2451.29613131 2813.66148916],[2449.11696649 2502.95068722],[3147.78169519 2545.97510059],[3147.90128895 2856.01672772]
DJI_20250425094646_0651_D:[2486.03556592 1347.56029826],[2485.06528185 1039.27085456],[3179.70839682 1082.92937348],[3183.69734753 1391.50863025]
DJI_20250425094450_0593_D:[3546.05574695 2351.24106798],[3546.97642091 2662.26120438],[2851.49815584 2625.84266441],[2848.8898661  2312.72928798]
DJI_20250425094444_0590_D:[3574.93925711 1243.31477933],[3580.90564888 1552.87038385],[2885.64349883 1509.57156599],[2881.83703951 1198.55320615]
DJI_20250425094452_0594_D:[3533.65217351 2713.54369932],[3533.07063291 3021.20214528],[2840.14582129 2987.59842755],[2837.77465287 2677.6100699 ]
9
DJI_20250425094102_0479_D:[3178.4537852  1909.16624511],[3181.39752594 2221.11373823],[2484.32038894 2180.51178982],[2481.51184339 1868.21873412]
DJI_20250425094100_0478_D:[3183.10407749 1532.68195917],[3187.12994523 1843.50155456],[2490.66342902 1802.57395152],[2488.07648333 1491.61286277]
DJI_20250425094104_0480_D:[3181.41152837 2267.6130309 ],[3183.27857059 2578.90399472],[2486.53247218 2538.75029626],[2483.54217515 2226.86749207]
DJI_20250425094302_0539_D:[2852.48898441 2203.40557066],[2852.46825115 1878.77007776],[3572.04912433 1928.24424573],[3572.07183099 2251.11743756]
DJI_20250425094300_0538_D:[2863.9575018  1823.46876927],[2863.52446433 1500.00680376],[3581.50130216 1551.37618224],[3583.31987856 1873.33605415]
DJI_20250425094058_0477_D:[3193.81806205 1143.97785842],[3199.02062957 1451.76342496],[2504.09110063 1410.68008181],[2501.63529312 1102.91545244]
DJI_20250425094304_0540_D:[2847.56573728 2576.21477605],[2847.90647112 2253.1546629 ],[3566.02609966 2300.37382328],[3564.32937588 2621.39136065]
DJI_20250425094106_0481_D:[3169.99925504 2619.69830775],[3170.93641888 2928.42465132],[2475.96218192 2889.1561189 ],[2472.67199662 2579.60075805]
DJI_20250425094258_0537_D:[2881.35286506 1447.5584927 ],[2880.41212046 1128.12331189],[3593.4669693  1181.05186599],[3597.18016176 1499.19115989]
DJI_20250425093916_0426_D:[1428.95859541 2259.78110077],[1427.55497806 1957.54738882],[2097.09833201 2000.26244755],[2098.69999772 2305.55797685]
10
DJI_20250425094300_0538_D:[2204.67856727 2017.85084411],[2205.31080035 1692.94788579],[2931.26935606 1741.85658509],[2931.46876917 2067.5915257 ]
DJI_20250425094302_0539_D:[2193.41036052 2398.30142025],[2193.19034955 2073.3691839 ],[2919.92902717 2123.13043666],[2919.59615674 2448.63541989]
DJI_20250425094258_0537_D:[2224.79378451 1639.66021256],[2226.19065615 1317.62975334],[2948.23455522 1365.36259902],[2949.05458307 1688.42902422]
DJI_20250425094450_0593_D:[2398.25486104 1820.42188453],[2401.20885425 2134.12436084],[1706.88493351 2092.4822249 ],[1704.4996575  1781.10981849]
DJI_20250425094304_0540_D:[2191.40819745 2769.94414403],[2190.3181161 2447.7251992],[2914.86226616 2497.92284176],[2914.04157075 2820.43466035]
DJI_20250425094448_0592_D:[2414.28780508 1453.50254695],[2416.86577168 1765.77399427],[1723.20745664 1726.8235449 ],[1722.44075808 1417.03858356]
DJI_20250425094452_0594_D:[2387.14925637 2185.99401107],[2390.6344545  2499.20744828],[1696.95473375 2455.27327737],[1692.82918343 2144.2245707 ]
DJI_20250425094256_0536_D:[2236.34719449 1247.50211616],[2238.50255392  930.46306738],[2955.43219161  976.75413815],[2956.91628581 1295.06641471]
DJI_20250425094102_0479_D:[3803.52641981 1717.70966945],[3807.65706187 2028.16966916],[3117.5663943  1987.68008033],[3114.04204567 1674.75359854]
DJI_20250425094104_0480_D:[3808.60581671 2074.42179913],[3810.49162332 2385.22899962],[3120.21349208 2347.64910292],[3117.6431094 2034.109843 ]
11
DJI_20250425094104_0480_D:[2646.13377396 1790.15534364],[2648.9535567  2103.20083001],[1952.58137773 2061.53651494],[1950.46758621 1750.08399944]
DJI_20250425093912_0424_D:[1947.70642582 1999.49619184],[1946.9299041  1695.08270629],[2626.72957185 1736.40731477],[2628.40248571 2042.30499908]
DJI_20250425093914_0425_D:[1939.72813746 2368.32051696],[1937.78863358 2063.48424171],[2619.01835375 2106.70701605],[2620.65266807 2412.81324947]
DJI_20250425094106_0481_D:[2635.1427549  2143.86982318],[2637.96079694 2456.89122213],[1941.49152206 2413.64875669],[1938.17743715 2102.01954367]
DJI_20250425094102_0479_D:[2643.7038682  1433.18216541],[2646.62052696 1744.30394746],[1951.96973364 1704.67840688],[1950.99649378 1395.36748681]
DJI_20250425093910_0423_D:[1965.86516234 1645.59700413],[1966.10772927 1343.19377254],[2643.74276108 1382.46365521],[2645.54498442 1686.52901489]
DJI_20250425093916_0426_D:[1940.65699032 2728.5669635 ],[1937.59535217 2425.33411375],[2618.59018784 2470.18664054],[2620.16125359 2774.44287515]
DJI_20250425094108_0482_D:[2633.15196248 2509.03679833],[2635.93153135 2820.22031695],[1940.39582703 2775.50781487],[1935.84394541 2465.47548427]
DJI_20250425094100_0478_D:[2649.68426891 1060.83504844],[2652.68682535 1368.17574075],[1960.59518898 1330.74962852],[1960.83302623 1025.41428517]
DJI_20250425093908_0422_D:[1973.38597273 1296.5932322 ],[1974.77254783  997.84009625],[2649.13315789 1035.10911701],[2650.92933713 1335.74741445]
12
DJI_20250425093718_0367_D:[2940.85732695 1709.34437091],[2943.35751894 2001.78714002],[2290.08931428 1962.28141367],[2288.34449284 1670.42627967]
DJI_20250425093720_0368_D:[2919.71217124 2044.07131256],[2921.72872522 2336.81782825],[2268.29333577 2296.75647273],[2266.03127138 2004.44924888]
DJI_20250425093716_0366_D:[2965.40540063 1354.43218367],[2968.60600242 1645.30230876],[2315.79465896 1606.71971471],[2314.39167963 1316.5872027 ]
DJI_20250425093722_0369_D:[2907.47247212 2388.76947438],[2909.12235068 2680.14858426],[2256.8065808  2639.89209433],[2253.88519354 2348.76957818]
DJI_20250425093524_0310_D:[1712.44321187 1976.24297518],[1712.33054175 1687.70381571],[2355.03136132 1726.95782779],[2356.06969987 2017.3392194 ]
DJI_20250425093526_0311_D:[1697.65295815 2311.03606915],[1696.01876073 2022.22227953],[2339.42763613 2063.25937501],[2341.02466776 2353.78840137]
DJI_20250425093522_0309_D:[1722.76810944 1643.30106075],[1723.99961817 1356.93904606],[2363.93881587 1393.82671281],[2364.61077734 1682.19505673]
DJI_20250425093912_0424_D:[3107.37067449 2298.35205625],[3105.77286349 1989.87118742],[3785.17487772 2032.25453523],[3786.33197429 2338.07123273]
DJI_20250425093910_0423_D:[3124.63900763 1939.32362947],[3122.09983113 1631.41234787],[3800.19420057 1676.47818191],[3803.50389192 1981.93229351]
DJI_20250425093714_0365_D:[2976.28047518 1016.37306796],[2980.19451599 1304.08431806],[2329.16265798 1266.64298424],[2328.04182603  979.83865418]
13
DJI_20250425093910_0423_D:[2578.75632957 2109.63398525],[2577.03303237 1802.12876412],[3262.19726198 1845.02211045],[3264.26872812 2151.83858025]
DJI_20250425093908_0422_D:[2584.19244834 1754.89682475],[2582.59494847 1448.7094254 ],[3266.30942167 1492.30349814],[3269.41626693 1798.03039245]
DJI_20250425093912_0424_D:[2561.4452222 2467.0963024],[2559.70598763 2159.93125122],[3245.41714124 2202.22298556],[3246.32298777 2508.49994156]
DJI_20250425093720_0368_D:[3431.93419724 1881.61941282],[3434.27798798 2172.36616387],[2785.38453956 2133.7474565 ],[2783.15573587 1841.96067299]
DJI_20250425093718_0367_D:[3451.19373831 1550.12528852],[3454.8221631  1839.79879015],[2806.79285237 1800.02071672],[2804.27619442 1509.45691384]
DJI_20250425093722_0369_D:[3420.3564555 2223.8237166],[3421.52242813 2513.98759655],[2773.16605249 2476.93687726],[2771.09464179 2185.54385266]
DJI_20250425093906_0421_D:[2599.63344031 1403.55397214],[2598.01119758 1100.65437915],[3278.52344586 1144.55998093],[3282.86074216 1447.18158831]
DJI_20250425093914_0425_D:[2553.77713764 2836.95106005],[2551.94298173 2531.89254507],[3237.17900858 2573.23772201],[3236.93067741 2877.15372746]
DJI_20250425093716_0366_D:[3473.38019351 1199.20552386],[3478.55227102 1486.49556817],[2831.73592482 1445.80543607],[2828.72081323 1157.76116211]
DJI_20250425093724_0370_D:[3400.08565947 2560.62631351],[3400.1196987  2848.72634437],[2753.17735843 2813.36716966],[2751.20881106 2523.85058515]
14
DJI_20250425093522_0309_D:[2175.02682295 2094.02090297],[2174.00711591 1805.95366261],[2817.39838577 1846.3916166 ],[2818.85765262 2134.83023722]
DJI_20250425093520_0308_D:[2181.39887584 1730.75397549],[2181.01056899 1444.05494873],[2822.85327941 1483.61873374],[2824.73548234 1770.88162469]
DJI_20250425093524_0310_D:[2166.99155944 2427.28599483],[2165.3080138  2139.09676573],[2809.9432158  2180.06210162],[2811.10014561 2468.45520709]
DJI_20250425093722_0369_D:[2447.50306303 1932.04188195],[2449.71386003 2223.05178272],[1804.97959811 2182.51015695],[1803.00711525 1893.39571772]
DJI_20250425093720_0368_D:[2460.08412052 1590.21228047],[2461.96549089 1880.43704972],[1817.6695686  1841.96946309],[1817.01822805 1553.80205713]
DJI_20250425093518_0307_D:[2193.19811028 1405.53359853],[2193.07786699 1121.46575013],[2832.67863332 1159.54355222],[2835.22228506 1444.33372354]
DJI_20250425093724_0370_D:[2427.54409412 2269.8536582 ],[2430.13281619 2560.18051453],[1786.00321459 2517.70493123],[1782.6565349  2229.13041134]
DJI_20250425093526_0311_D:[2153.36339765 2759.31952377],[2150.81461214 2472.85118123],[2794.82768754 2513.80642205],[2795.8969846  2800.34738932]
DJI_20250425093718_0367_D:[2482.192243   1260.83117566],[2483.89475029 1548.71154436],[1841.14405269 1512.56221907],[1841.64392201 1226.87281993]
DJI_20250425093335_0256_D:[3795.48567278 1949.5384305 ],[3797.08643036 2240.11204431],[3151.90739671 2201.06825144],[3150.24959315 1908.4285084 ]
15
DJI_20250425093335_0256_D:[3036.80689902 1685.3864309 ],[3038.86709278 1979.18685299],[2382.14737158 1937.96157245],[2381.05955822 1644.63608989]
DJI_20250425093338_0257_D:[3038.05313557 2046.9431203 ],[3039.53307548 2341.08583656],[2382.80415526 2299.74081877],[2381.20398766 2005.87482938]
DJI_20250425093334_0255_D:[3051.3601308  1360.35445521],[3054.06398738 1652.29181644],[2398.4515355  1611.49793673],[2397.6983563  1320.16925373]
DJI_20250425093340_0258_D:[3021.29583639 2392.16283177],[3022.24830336 2684.78566357],[2367.17252528 2643.45419897],[2365.06060797 2350.95562516]
DJI_20250425093133_0195_D:[1653.67145399 2054.81572289],[1652.51298379 1765.10925146],[2297.26506512 1803.43634934],[2299.06283025 2095.10266891]
DJI_20250425093520_0308_D:[2939.68027781 1989.76012158],[2937.8535249  1700.30129678],[3578.00434747 1742.32291167],[3580.38187777 2029.93058259]
DJI_20250425093522_0309_D:[2933.39163784 2355.24104249],[2932.179052   2065.68923866],[3572.86398053 2105.55676712],[3573.54734327 2393.05049228]
DJI_20250425093135_0196_D:[1641.8446398  2393.52251087],[1639.13779294 2103.87888345],[2284.50680432 2144.35696908],[2286.87168437 2435.81352207]
DJI_20250425093131_0194_D:[1657.11455784 1709.64339453],[1657.52621213 1421.29293528],[2300.74520499 1457.15014172],[2302.00334195 1747.66864156]
DJI_20250425093518_0307_D:[2950.59259502 1660.65812973],[2947.93980529 1372.73698656],[3586.60221284 1415.98689022],[3590.75297432 1702.21560864]
16
DJI_20250425093446_0291_D:[2397.9685984  2035.79285729],[2395.86363582 1745.37399542],[3044.26622613 1784.63884901],[3046.4752231  2074.82958439]
DJI_20250425093448_0292_D:[2391.4028476  2377.56190779],[2388.95981656 2087.19717376],[3038.42340549 2126.31450212],[3039.97269034 2416.30710872]
DJI_20250425093444_0290_D:[2413.97123365 1695.66116075],[2412.37446434 1406.43430495],[3059.19422331 1446.29544082],[3061.88266288 1735.4127641 ]
DJI_20250425093410_0273_D:[3580.11909731 1713.76195053],[3583.72526128 2005.06441257],[2933.44217753 1965.02441983],[2930.96522401 1672.56663384]
DJI_20250425093412_0274_D:[3563.98491215 2054.60172724],[3566.06348209 2345.90960507],[2916.83967378 2307.32045936],[2914.91095728 2014.68148013]
DJI_20250425093450_0293_D:[2383.63042293 2726.70316765],[2380.80079544 2438.17568702],[3029.8732245  2476.98975309],[3030.76331834 2764.99026468]
DJI_20250425093442_0289_D:[2420.73139442 1348.15361243],[2419.26354075 1061.79177119],[3063.32725023 1101.23264877],[3066.89430698 1387.65147718]
DJI_20250425093408_0272_D:[3580.44297469 1377.12095855],[3585.60904766 1666.98795322],[2935.02790984 1625.69076926],[2932.00371589 1334.87285118]
DJI_20250425093414_0275_D:[3547.2123559  2397.50038175],[3547.86179576 2686.95031572],[2901.49236332 2650.29285055],[2899.97181448 2359.3161562 ]
DJI_20250425093758_0387_D:[2134.49996295 1952.92691201],[2137.30591776 2250.19477992],[1484.92602814 2209.81346412],[1482.90435168 1915.63574561]
17
DJI_20250425093758_0387_D:[3329.74275871 1802.13326424],[3334.01322861 2099.40796028],[2669.40376335 2061.80408058],[2666.10568573 1763.92726857]
DJI_20250425093832_0404_D:[2638.17201771 2170.30128752],[2636.52238349 1864.21858878],[3318.03863192 1907.09021351],[3319.22221995 2212.05997338]
DJI_20250425093830_0403_D:[2649.15236124 1810.91382613],[2647.42658537 1505.97867064],[3326.65055366 1549.77607189],[3329.05970278 1853.78710518]
DJI_20250425093800_0388_D:[3321.9882365  2157.26475692],[3325.00692148 2455.13309158],[2659.51235066 2418.2822272 ],[2656.35072539 2119.58580623]
DJI_20250425093756_0386_D:[3334.57101292 1450.35350271],[3339.9375671  1745.59410457],[2676.8034364  1707.06783849],[2673.51664439 1411.42337936]
DJI_20250425093834_0405_D:[2618.30003359 2525.36921572],[2616.68987368 2219.98901631],[3299.13815657 2261.83719379],[3299.13440716 2565.94025142]
DJI_20250425093828_0402_D:[2665.42386705 1431.1101175 ],[2663.45506899 1129.11237501],[3339.36639277 1173.59688021],[3343.29029988 1474.83332433]
DJI_20250425093802_0389_D:[3316.3280533  2495.91445226],[3318.1592551  2792.24550436],[2653.96974813 2756.51609858],[2650.89027542 2459.11790256]
DJI_20250425093754_0385_D:[3333.49492665 1122.21214439],[3339.87719519 1413.69838633],[2679.87511236 1374.6104443 ],[2676.58956649 1082.91364355]
DJI_20250425093836_0406_D:[2596.63448195 2889.79016805],[2594.95793962 2586.97208841],[3277.23568399 2627.66681118],[3276.07793367 2929.05607661]
18
DJI_20250425093444_0290_D:[2587.56662761 2150.95590297],[2585.57205607 1860.53950654],[3232.68223228 1900.27551791],[3234.35973321 2189.80331168]
DJI_20250425093442_0289_D:[2594.06186463 1801.49230534],[2591.93280765 1511.79387364],[3237.86095915 1551.98596461],[3240.67613365 1840.96366892]
DJI_20250425093414_0275_D:[3374.56780407 1942.02805338],[3377.08479188 2232.8942022 ],[2727.64511735 2193.44599668],[2725.73755404 1901.90289164]
DJI_20250425093412_0274_D:[3389.07123696 1598.35086329],[3392.75367233 1888.90834721],[2742.02965913 1848.44884391],[2739.95843158 1557.38294928]
DJI_20250425093446_0291_D:[2572.11551636 2490.29462826],[2569.84961014 2200.77631743],[3217.06769407 2239.13340396],[3218.02585243 2527.64158964]
DJI_20250425093416_0276_D:[3355.53343864 2266.42890537],[3356.82229678 2556.8320094 ],[2708.08734134 2517.99038911],[2706.44824186 2226.76551483]
DJI_20250425093440_0288_D:[2602.63206848 1463.06668136],[2600.49083668 1175.58845526],[3244.14269998 1216.38452985],[3247.93543067 1503.30213415]
DJI_20250425093410_0273_D:[3403.22071675 1259.61181001],[3408.18710664 1548.07224019],[2757.90543005 1507.05151586],[2755.51643305 1218.23234343]
DJI_20250425093448_0292_D:[2565.6896484 2829.433507 ],[2563.34348385 2542.09314954],[3210.0816214  2579.46782871],[3210.10829988 2865.64122432]
DJI_20250425093418_0277_D:[3337.13120007 2621.84595233],[3337.35641    2910.51747483],[2689.63107877 2872.84615443],[2688.00343919 2583.19039198]
19
DJI_20250425093800_0388_D:[2886.70434886 1681.93072063],[2890.42389076 1980.09174266],[2223.87337044 1941.98208632],[2221.6577084  1644.66478524]
DJI_20250425093802_0389_D:[2881.90259835 2021.01494096],[2885.16506511 2320.01259118],[2218.05874671 2281.0851585 ],[2215.22919117 1982.72942127]
DJI_20250425093758_0387_D:[2894.93412654 1329.81765025],[2899.17629721 1624.99147622],[2235.34896139 1588.10153376],[2233.6904902  1293.95892841]
DJI_20250425093804_0390_D:[2869.30100725 2383.61472366],[2872.18541545 2681.74260402],[2205.73798541 2642.34097237],[2202.12774224 2344.65927427]
DJI_20250425093442_0289_D:[1680.01764935 1954.03726366],[1678.42716104 1665.67095367],[2320.59862426 1702.79796105],[2322.65235606 1993.12382184]
DJI_20250425093444_0290_D:[1673.99585187 2300.57858625],[1671.10008705 2012.23756249],[2313.90162395 2052.14513252],[2316.24578553 2342.27910411]
DJI_20250425093440_0288_D:[1689.67458782 1617.12572722],[1689.45557607 1330.27925241],[2329.87691193 1364.85631423],[2331.53364898 1653.83452111]
DJI_20250425093828_0402_D:[3108.86848161 1918.85865379],[3106.67790878 1614.17626033],[3777.48389302 1658.80092157],[3779.89459242 1960.9366082 ]
DJI_20250425093830_0403_D:[3092.3197793  2299.80073913],[3091.16706081 1994.86725517],[3763.41226578 2036.69772312],[3763.49966374 2338.90702436]
DJI_20250425093806_0391_D:[2857.52479435 2727.69050367],[2860.26069104 3023.37438148],[2195.37561112 2984.0344099 ],[2190.79273106 2688.62259693]
20
DJI_20250425093442_0289_D:[2152.30789781 2209.65011029],[2149.85213604 1919.88329102],[2797.78457605 1958.94781044],[2799.81051608 2249.09044149]
DJI_20250425093440_0288_D:[2160.86478604 1870.83630046],[2159.06540061 1581.42510842],[2806.09170437 1619.76200237],[2808.42284156 1909.71311015]
DJI_20250425093438_0287_D:[2192.5803959  1524.12521166],[2191.35524212 1236.64511535],[2836.29459796 1274.15513369],[2839.02766079 1562.29315369]
DJI_20250425093444_0290_D:[2146.45749188 2557.02654305],[2143.44024571 2268.4804201 ],[2791.13221257 2308.45901341],[2792.7135518  2597.21333935]
DJI_20250425093802_0389_D:[2390.78435269 1759.49309359],[2393.49494017 2057.51510805],[1733.52052076 2018.90499851],[1732.1809136 1723.2157563]
DJI_20250425093804_0390_D:[2377.47532093 2121.07697951],[2380.64637054 2419.59541567],[1720.36549142 2378.45672823],[1717.42705268 2082.10412728]
DJI_20250425093800_0388_D:[2397.00518219 1422.92953156],[2399.38916035 1718.84937648],[1740.98484141 1682.97603824],[1741.0268135  1389.57046053]
DJI_20250425093416_0276_D:[3791.59658032 1858.66311867],[3794.87131642 2147.67668077],[3152.72112136 2108.63921364],[3150.20352714 1817.694652  ]
DJI_20250425093806_0391_D:[2365.51436073 2465.81940125],[2369.34703808 2763.22248995],[1709.7637961  2720.16023025],[1705.06667686 2424.78706099]
DJI_20250425093446_0291_D:[2133.1536785  2892.46398215],[2129.15802072 2606.76880349],[2775.36811627 2646.76369622],[2776.93065533 2932.5508214 ]
21
DJI_20250425093826_0401_D:[2614.74117558 1990.95347166],[2612.61530552 1685.47168301],[3292.87552896 1727.73382647],[3295.07882987 2032.24666465]
DJI_20250425093804_0390_D:[3361.99675339 1945.0082209 ],[3365.80476679 2243.791908  ],[2698.44533506 2206.44460173],[2695.16946836 1906.78177911]
DJI_20250425093828_0402_D:[2603.06184362 2364.72523383],[2601.17850068 2059.25790776],[3282.6938014  2101.03496251],[3283.43250973 2405.35934131]
DJI_20250425093802_0389_D:[3372.40347484 1584.3448344 ],[3377.45515135 1881.72006143],[2711.13786898 1843.19901123],[2707.76948461 1545.14617023]
DJI_20250425093824_0400_D:[2627.56602211 1622.83243948],[2625.23635703 1319.54267962],[3302.22141017 1362.28438997],[3305.80090971 1664.77297989]
DJI_20250425093806_0391_D:[3351.33134248 2289.27392931],[3354.16524297 2587.82874857],[2686.68308461 2552.15964181],[2683.27575646 2252.53751221]
DJI_20250425093800_0388_D:[3374.22541117 1249.29889372],[3380.52662294 1543.74173577],[2716.23099047 1504.53729948],[2712.68381682 1209.61681169]
DJI_20250425093830_0403_D:[2586.29041048 2744.03207171],[2584.46788958 2440.86590003],[3265.37863498 2481.70758406],[3264.77184788 2783.54547202]
DJI_20250425093822_0399_D:[2630.16238291 1249.0463077 ],[2627.60049168  949.89429884],[3300.06340434  992.83989364],[3305.0803937  1291.39155044]
DJI_20250425093808_0392_D:[3341.42748974 2634.94529422],[3343.16446875 2931.43476156],[2677.05637348 2897.38121586],[2673.60746894 2599.6182585 ]
22
DJI_20250425093804_0390_D:[2923.28303883 1688.43743477],[2927.11073448 1987.46100283],[2258.3868599  1949.27958594],[2256.04485344 1650.93614213]
DJI_20250425093806_0391_D:[2912.00957216 2033.19045385],[2915.59021295 2333.2581031 ],[2245.84464276 2294.97047556],[2242.669327   1995.42429928]
DJI_20250425093802_0389_D:[2934.73411647 1328.91847731],[2939.05100417 1625.21106741],[2272.3510024  1587.71553722],[2270.65040885 1292.28193352]
DJI_20250425093808_0392_D:[2902.53310014 2380.68164824],[2905.77084165 2680.00765007],[2236.45888751 2641.49974688],[2232.51875037 2342.52854639]
DJI_20250425093438_0287_D:[1664.53880216 1941.48043837],[1662.74769899 1652.90640428],[2305.245744  1689.6835742],[2307.43500878 1980.28857745]
DJI_20250425093440_0288_D:[1634.24285672 2287.43587733],[1630.99976352 1998.92830807],[2273.84146692 2038.29768509],[2276.49123563 2328.7212593 ]
DJI_20250425093826_0401_D:[3062.48011074 2254.34603386],[3060.7721867  1949.29439225],[3733.60972318 1990.55479561],[3734.39599009 2292.97201   ]
DJI_20250425093824_0400_D:[3074.67788041 1885.64462237],[3072.00606774 1581.43834332],[3742.4972153  1625.11805709],[3745.43764239 1926.87190686]
DJI_20250425093436_0286_D:[1674.62997911 1600.59042779],[1674.11372948 1313.27052984],[2315.43757998 1347.15055289],[2317.32221476 1636.68984076]
DJI_20250425093800_0388_D:[2938.12959862  996.47443783],[2942.98790939 1288.59947487],[2279.32347559 1252.16605579],[2278.13602231  961.08573204]
23
DJI_20250425093438_0287_D:[2413.1087814  2185.30525237],[2410.68500396 1894.19201604],[3060.92323118 1933.24650121],[3062.81033213 2223.9731578 ]
DJI_20250425093436_0286_D:[2422.88565226 1841.03164918],[2420.61641738 1550.05365063],[3070.51833121 1589.05704648],[3073.20879463 1879.82047242]
DJI_20250425093440_0288_D:[2382.27304127 2533.51351209],[2379.52078217 2243.53107901],[3029.75422952 2282.36452489],[3030.98152646 2571.84072168]
DJI_20250425093434_0285_D:[2425.51239625 1484.98352982],[2424.08211728 1195.59492755],[3072.72315181 1235.87375762],[3075.5699041  1525.24566129]
DJI_20250425093420_0278_D:[3560.16910031 1891.46783378],[3563.34224785 2183.0956042 ],[2912.98419064 2143.90687688],[2910.65032795 1851.10679009]
DJI_20250425093418_0277_D:[3557.81240016 1550.35484608],[3562.34806974 1840.31649315],[2913.15645505 1799.52240583],[2910.4849667  1508.58047936]
DJI_20250425093422_0279_D:[3553.78283747 2234.83517475],[3555.59398869 2526.16804608],[2905.98368498 2488.86884594],[2903.96914152 2196.17893234]
DJI_20250425093806_0391_D:[2133.13881091 1785.19030002],[2135.74289463 2084.48999641],[1478.10764548 2045.9591541 ],[1476.87667467 1749.81154451]
DJI_20250425093442_0289_D:[2374.44894474 2870.22680053],[2371.34385777 2582.93445022],[3020.2756092  2621.35199983],[3020.87318463 2907.96730008]
DJI_20250425093808_0392_D:[2122.22668799 2132.05110615],[2125.76538827 2431.81803018],[1467.84323978 2390.02133876],[1464.57708448 2093.28086378]
24
DJI_20250425093808_0392_D:[2906.80802054 1915.98888193],[2910.69479891 2217.22865754],[2238.20329289 2179.23114692],[2235.12020865 1878.61183355]
DJI_20250425093806_0391_D:[2915.76046381 1569.03637763],[2920.0020391  1868.70265741],[2248.79296222 1831.15087018],[2246.44694451 1532.26034903]
DJI_20250425093810_0393_D:[2890.42437218 2270.22493395],[2893.8419939  2571.37261268],[2221.29809626 2532.67714741],[2217.58494873 2232.01313959]
DJI_20250425093804_0390_D:[2926.62826671 1227.54972101],[2931.13765867 1523.90182913],[2262.64051677 1486.67083758],[2261.09555955 1191.2437586 ]
DJI_20250425093436_0286_D:[1665.97286389 2047.64818189],[1663.43124709 1757.92475439],[2308.56630298 1795.26351452],[2311.10793578 2086.97166064]
DJI_20250425093434_0285_D:[1667.56745578 1691.8056978 ],[1667.03736861 1402.7370704 ],[2311.40871427 1438.62142902],[2312.93984995 1729.89337559]
DJI_20250425093438_0287_D:[1657.85588411 2388.98458782],[1654.0138482  2100.07003582],[2298.82319557 2140.07590698],[2301.69361458 2430.79819529]
DJI_20250425093812_0394_D:[2877.77335739 2628.34244526],[2880.79862323 2927.6914688 ],[2209.2507835  2888.53165243],[2204.78549679 2589.49771489]
DJI_20250425093822_0399_D:[3072.71584632 1979.34129991],[3070.04137088 1674.5603924 ],[3741.63114824 1717.0476469 ],[3744.21684002 2019.30591818]
DJI_20250425093824_0400_D:[3069.91307048 2357.76282324],[3068.26307452 2052.77437648],[3741.40935228 2092.73424994],[3741.73866485 2394.97094419]
25
DJI_20250425093810_0393_D:[3233.93635348 2032.60123063],[3237.83440376 2333.66448845],[2565.11032609 2296.6465176 ],[2561.58287151 1995.08584349]
DJI_20250425093808_0392_D:[3248.79957416 1679.91307758],[3253.73682494 1979.86785235],[2582.06432244 1942.33471512],[2578.58865759 1642.02703273]
DJI_20250425093822_0399_D:[2723.30021609 2218.42466611],[2720.82352544 1913.28631402],[3399.48938901 1953.84741053],[3401.17003442 2257.48528637]
DJI_20250425093820_0398_D:[2716.3623728  1846.85458925],[2714.45094723 1543.26743121],[3389.54908533 1586.77561351],[3391.86219658 1889.12232218]
DJI_20250425093812_0394_D:[3222.18037236 2390.4503567 ],[3225.1018089  2690.95362027],[2552.40518282 2654.70320685],[2548.72281512 2353.52032344]
DJI_20250425093806_0391_D:[3255.76478198 1335.99398812],[3261.61855039 1633.20732317],[2592.13948879 1594.95738312],[2588.83501208 1297.55046764]
DJI_20250425093824_0400_D:[2719.86581545 2596.18620657],[2717.78948276 2292.13708593],[3397.12715008 2331.46047695],[3397.18153537 2633.78105354]
DJI_20250425093818_0397_D:[2835.11581462 1530.07833385],[2903.81127356 1236.9535271 ],[3546.46919498 1438.07631954],[3479.38015407 1730.55371875]
DJI_20250425093814_0395_D:[3437.46575627 2168.90676363],[3648.55722204 2380.46000672],[3143.48626706 2825.53463469],[2930.74086771 2614.68647173]
DJI_20250425093816_0396_D:[3353.43277003 1866.95323538],[3652.91669562 1866.08218964],[3608.52325363 2538.9638731 ],[3309.18895066 2541.67596769]
26
DJI_20250425093810_0393_D:[2865.09383585 1791.00600516],[2869.08996163 2092.3638996 ],[2196.10177215 2054.47492721],[2193.37219239 1753.9596692 ]
DJI_20250425093812_0394_D:[2852.99421434 2149.07542099],[2856.63361851 2451.10607283],[2182.8389551 2412.4135244],[2179.35847205 2111.07403332]
DJI_20250425093808_0392_D:[2880.81845109 1439.40168639],[2885.26226284 1738.48129329],[2214.06005111 1701.57786683],[2211.95627829 1403.46344547]
DJI_20250425093814_0395_D:[3005.21753573 2256.20436851],[3218.78611042 2468.78936471],[2710.66336074 2911.83601461],[2497.07103613 2700.3001215 ]
DJI_20250425093434_0285_D:[1688.70742559 2152.93762425],[1686.0925945  1862.86268586],[2332.50292029 1902.21584388],[2334.68955334 2194.14607671]
DJI_20250425093432_0284_D:[1703.77450392 1695.64757843],[1728.25525804 1407.27778765],[2367.2902857  1500.73171887],[2343.23475418 1791.26146332]
DJI_20250425093806_0391_D:[2889.33498282 1097.67105679],[2894.10006163 1392.84718737],[2225.91191979 1356.70551388],[2224.56026183 1062.63914295]
DJI_20250425093820_0398_D:[3087.16712643 2092.78818328],[3085.49841942 1789.18303385],[3754.14037816 1832.19212387],[3755.31140871 2133.17466988]
DJI_20250425093436_0286_D:[1690.23241639 2507.3131205 ],[1685.65301252 2218.78111735],[2331.2323087  2259.18052075],[2334.39088516 2549.3664319 ]
DJI_20250425093816_0396_D:[3108.58491278 2236.55589709],[3410.27746086 2234.94643259],[3362.9532758  2905.33132248],[3062.80071424 2907.89593352]
27
DJI_20250425093432_0284_D:[2457.11214837 2001.92463394],[2480.93270513 1711.45026181],[3125.33245795 1808.97735044],[3101.22362006 2099.01326009]
DJI_20250425093430_0283_D:[2816.34606364 1631.79321025],[3104.51516015 1593.11866005],[3147.84958844 2242.81763061],[2859.44215708 2281.60861514]
DJI_20250425093434_0285_D:[2466.95062401 2392.9746944 ],[2464.75225896 2102.11102624],[3115.54292136 2141.75733751],[3116.38956348 2431.95848028]
DJI_20250425093428_0282_D:[3187.93606428 1518.76648763],[3440.49253203 1661.25343092],[3085.90018253 2204.68036024],[2832.37565906 2061.7306011 ]
DJI_20250425093426_0281_D:[3494.19379408 2013.70450209],[3497.04899554 2304.03416841],[2849.45292546 2265.78303377],[2847.14674129 1974.44715224]
DJI_20250425093424_0280_D:[3498.34323706 1667.1598983 ],[3502.54376765 1957.23651514],[2853.69801696 1917.48380228],[2851.1047385  1626.59787749]
DJI_20250425093436_0286_D:[2466.75322774 2745.61044792],[2463.78723611 2457.41553709],[3112.7472446  2495.03917269],[3113.3789808  2782.37510491]
DJI_20250425093422_0279_D:[3506.10726534 1330.21222326],[3511.733848  1618.3036738],[2863.19985169 1577.50369047],[2860.18998288 1288.74568239]
DJI_20250425093812_0394_D:[2044.54258759 1905.6872503 ],[2047.39508357 2205.99441242],[1390.19646011 2166.26354965],[1388.45474655 1869.38961053]
DJI_20250425093810_0393_D:[2059.52721453 1551.0222675 ],[2061.42784164 1849.49830157],[1405.6151248  1813.75995023],[1405.92205103 1518.82879916]
28
DJI_20250425093814_0395_D:[2922.01264604 1724.99093717],[3136.60133915 1938.05287393],[2628.06609353 2384.53953349],[2413.87722523 2171.0225857 ]
DJI_20250425093812_0394_D:[3163.94000738 1712.99758242],[3168.72722864 2014.1736382 ],[2494.45946818 1976.60684517],[2491.15555508 1675.36109173]
DJI_20250425093816_0396_D:[2672.88345236 1919.23088359],[2976.34258129 1918.05793714],[2932.30707856 2594.32469314],[2629.58787756 2595.05229521]
DJI_20250425093818_0397_D:[2727.65671515 2205.44770319],[2797.26807081 1910.19114273],[3442.50835167 2109.43345981],[3372.44271346 2402.93795766]
DJI_20250425093810_0393_D:[3173.82518981 1358.78902305],[3179.48624585 1657.10610547],[2507.7025786  1619.34947005],[2504.6141156  1321.11386636]
DJI_20250425093820_0398_D:[2770.19961702 2529.57507861],[2768.7262694  2226.89800583],[3443.61111311 2267.23238993],[3443.2160154 2568.0583154]
DJI_20250425093808_0392_D:[3186.71312432 1013.32329898],[3193.33915391 1307.22098257],[2525.03225239 1269.44164949],[2522.04371862  975.74285611]
DJI_20250425093432_0284_D:[1373.18041404 2084.09069038],[1395.38179689 1796.79059876],[2027.73595899 1892.40676964],[2004.71030443 2182.43502885]
DJI_20250425093822_0399_D:[2778.33057038 2899.10941829],[2776.43192936 2598.552077  ],[3452.13729898 2635.12837586],[3450.92603591 2933.54995348]
DJI_20250425093430_0283_D:[2501.82438401  598.18535152],[2786.12362291  559.27250751],[2831.00270879 1190.84930876],[2543.25556668 1230.10400216]
29
DJI_20250425093430_0283_D:[2344.99308438 1343.27847249],[2634.74196878 1303.16222632],[2678.23448752 1957.21143216],[2387.2857441  1996.32660033]
DJI_20250425093432_0284_D:[2074.05235173 2402.80256448],[2096.79913761 2111.26467013],[2746.75423084 2209.79735604],[2722.40007161 2501.58183465]
DJI_20250425093428_0282_D:[2986.76162471 1006.30867608],[3241.38353062 1147.67762023],[2885.12609039 1691.22446889],[2629.42108544 1547.93191249]
DJI_20250425093812_0394_D:[2393.44202813 1456.13423278],[2396.28530985 1758.1230332 ],[1724.64094666 1722.1754623 ],[1724.33930815 1422.78547167]
DJI_20250425093814_0395_D:[2189.86059042 2084.408537  ],[2404.83987358 2299.44425144],[1898.76987439 2742.44510513],[1686.83692097 2528.16213826]
DJI_20250425093434_0285_D:[2122.30615449 2825.67176017],[2118.39137808 2536.00552012],[2773.46078708 2577.16365726],[2774.73499885 2866.96170373]
DJI_20250425093426_0281_D:[3837.11762666 1584.55476298],[3842.77677698 1874.70435315],[3196.20490069 1834.33152181],[3192.32909733 1542.3242382 ]
DJI_20250425093810_0393_D:[2407.78083966 1102.36946603],[2410.25733791 1400.21338597],[1741.84647442 1367.16809559],[1743.01452444 1072.05398304]
DJI_20250425093816_0396_D:[2409.73948824 2694.42859634],[2714.13208696 2694.55067262],[2670.11578133 3359.43619148],[2369.26610972 3357.85326234]
DJI_20250425093424_0280_D:[3838.41876473 1239.3473783 ],[3846.04614073 1527.08301163],[3199.79920961 1484.13234268],[3195.05997911 1194.71027611]
30
DJI_20250425093816_0396_D:[2215.97108691 1689.03951853],[2519.38997627 1687.15308126],[2475.9675281  2367.23771639],[2172.82830338 2367.21989285]
DJI_20250425093814_0395_D:[2763.02269435 1241.63297303],[2978.23747439 1453.16483604],[2468.26858955 1900.32741873],[2254.14446525 1687.0022071 ]
DJI_20250425093818_0397_D:[2397.57327455 2596.61720268],[2466.60522848 2302.10051693],[3116.86209614 2501.27835244],[3045.84086874 2794.13098814]
DJI_20250425093812_0394_D:[3386.45513213 1259.97277132],[3393.41812056 1558.53376567],[2719.68818295 1519.68179887],[2715.63836601 1220.56837299]
DJI_20250425093820_0398_D:[2541.32039888 2985.54367051],[2539.09022497 2685.92389261],[3217.38620845 2725.51629514],[3216.24507169 3023.71984199]
DJI_20250425093810_0393_D:[3393.1695542   911.83763002],[3401.39803942 1205.22264325],[2731.90315561 1165.51363439],[2727.6872879  871.712138 ]
DJI_20250425094200_0508_D:[1690.82428292 1779.25881188],[1829.81145209 2068.75396388],[1180.50748344 2338.80760378],[1046.70693901 2052.17162136]
DJI_20250425094158_0507_D:[1961.97879371 1073.51038195],[1961.4359732  1391.10266006],[1258.95961711 1358.08887824],[1264.09300591 1045.34514144]
DJI_20250425093822_0399_D:[2550.77902562 3351.22243807],[2547.73587521 3056.35346611],[3225.09943253 3092.69712185],[3223.47109474 3385.85063837]
DJI_20250425093432_0284_D:[1124.7865718  2495.01207459],[1143.44924412 2209.92683456],[1769.99268526 2310.27027405],[1749.13724103 2598.44418182]
31
DJI_20250425093406_0271_D:[2789.59641619 1933.25029214],[2791.61040429 2226.54144018],[2138.40606236 2185.49724912],[2136.97954234 1893.39736069]
DJI_20250425093404_0270_D:[2801.39210372 1581.68924717],[2803.53520112 1873.93554343],[2150.75843762 1833.94530623],[2150.2372096  1543.05136814]
DJI_20250425093105_0181_D:[1842.96789654 2142.37350009],[1841.07760955 1849.33526627],[2495.11004948 1889.29927659],[2496.98412611 2183.54944516]
DJI_20250425093408_0272_D:[2776.40945098 2268.00831154],[2778.20750025 2561.2728096 ],[2124.57295142 2519.00420208],[2122.37100333 2226.77451303]
DJI_20250425093103_0180_D:[1876.30249839 1797.98283069],[1875.69486838 1505.69484716],[2528.70378497 1544.48699126],[2530.29102638 1838.05675527]
DJI_20250425093107_0182_D:[1827.74212599 2493.32090307],[1824.51228932 2201.42510004],[2477.86236212 2242.7115208 ],[2480.04292115 2535.70118988]
DJI_20250425093402_0269_D:[2803.22039496 1238.71351501],[2805.61234397 1528.37308497],[2154.39042055 1489.90323437],[2154.63636585 1201.78878774]
DJI_20250425093101_0179_D:[1900.44118788 1448.77220558],[1900.9143822  1158.99278498],[2551.38673746 1196.08478696],[2552.92831947 1487.29283017]
DJI_20250425093410_0273_D:[2774.16289662 2605.90068164],[2775.64572597 2896.45978341],[2125.07526353 2853.22392448],[2122.17992025 2563.4645471 ]
DJI_20250425093452_0294_D:[3177.93356283 2162.83778199],[3176.01240681 1872.44512119],[3814.26730028 1912.33671279],[3815.7876148  2200.12911046]
32
DJI_20250425093452_0294_D:[2477.08456037 1909.72245457],[2475.1948432  1618.84183934],[3124.43899108 1658.75053673],[3126.87248999 1949.30265966]
DJI_20250425093454_0295_D:[2473.93887003 2262.4238631 ],[2471.71541766 1971.64745744],[3120.93435543 2010.87771747],[3122.67165848 2301.14090805]
DJI_20250425093450_0293_D:[2485.96062911 1587.50166196],[2484.1586882  1298.16847241],[3131.92735401 1338.10758717],[3135.21904735 1627.25483027]
DJI_20250425093404_0270_D:[3505.81394785 1837.30023805],[3508.5189178  2129.73246006],[2855.91468481 2089.75773724],[2853.87740177 1796.36627954]
DJI_20250425093456_0296_D:[2461.73678332 2592.64634061],[2459.21116833 2302.90262767],[3108.6826334  2341.53476695],[3109.73719049 2630.61295801]
DJI_20250425093406_0271_D:[3494.60162613 2188.48927003],[3496.03155841 2480.73010181],[2843.86318282 2442.47337492],[2842.03140018 2149.08064073]
DJI_20250425093402_0269_D:[3506.19176186 1493.0332426 ],[3510.27566375 1784.10682936],[2858.12550709 1742.9115981 ],[2855.75601833 1451.09204782]
DJI_20250425093408_0272_D:[3481.91664811 2522.35855624],[3482.02207722 2813.34377344],[2830.27272986 2776.56324064],[2828.7303234  2484.21369372]
DJI_20250425093448_0292_D:[2494.76597414 1239.13838161],[2493.15308403  953.49369936],[3137.21807936  993.56098051],[3141.35985976 1279.16413499]
DJI_20250425093400_0268_D:[3505.1198217  1143.68707316],[3510.63965348 1431.8968679 ],[2859.67946795 1389.63111941],[2856.95942119 1100.84437679]
33
DJI_20250425093402_0269_D:[2736.4617634  1685.13020452],[2738.35636581 1977.3348727 ],[2087.16106572 1936.92323886],[2086.5578334 1646.2230777]
DJI_20250425093404_0270_D:[2734.1572643  2030.62075729],[2735.90871847 2323.28199438],[2084.71148639 2281.42175955],[2083.23273483 1990.06006455]
DJI_20250425093107_0182_D:[1894.5832427  2044.60059853],[1893.02271519 1752.32231862],[2545.49364881 1791.6552067 ],[2547.38351943 2085.06798421]
DJI_20250425093109_0183_D:[1887.52805505 2389.18536477],[1884.72473959 2097.94143055],[2535.98244288 2138.30479592],[2538.1069854  2430.54233415]
DJI_20250425093105_0181_D:[1911.85001196 1693.0953017 ],[1911.4812399  1401.84824983],[2563.02415638 1439.93497596],[2564.74652713 1732.44475394]
DJI_20250425093400_0268_D:[2738.22508299 1333.5016987 ],[2740.27384416 1623.84140605],[2089.63051443 1585.10705342],[2089.92470636 1296.45095216]
DJI_20250425093406_0271_D:[2722.21365235 2382.32672817],[2723.96212008 2673.8486432 ],[2073.9452336 2630.9504184],[2071.42557029 2340.55474012]
DJI_20250425093103_0180_D:[1946.91240838 1351.0536832 ],[1947.65208813 1062.66678125],[2596.5878938 1099.7200757],[2598.19322022 1389.45383089]
DJI_20250425093111_0184_D:[1883.41617939 2740.99110391],[1879.39032142 2451.90037559],[2529.58604751 2493.58216987],[2531.84716723 2783.51167384]
DJI_20250425093357_0267_D:[2735.06120171  990.9490664 ],[2737.17247939 1278.24148113],[2087.30622484 1241.15898264],[2088.59311503  955.74060818]
34
DJI_20250425093456_0296_D:[2413.68988928 2136.23969491],[2411.51547426 1845.80956949],[3059.96614796 1884.98754226],[3062.06724285 2175.16483168]
DJI_20250425093454_0295_D:[2426.37992197 1805.8998406 ],[2424.55427884 1516.51038062],[3071.23641855 1555.90058131],[3073.95718931 1845.18212886]
DJI_20250425093458_0297_D:[2400.80645026 2479.28068929],[2398.31371864 2189.59609998],[3046.79290113 2228.54203661],[3048.22180917 2517.80286569]
DJI_20250425093402_0269_D:[3554.23047783 1951.16814313],[3556.4053537  2243.01979052],[2905.72965216 2203.59492762],[2903.82577982 1910.5813891 ]
DJI_20250425093452_0294_D:[2430.08223416 1454.61176359],[2428.66294451 1167.30241435],[3073.75554652 1206.91893595],[3077.09734783 1494.30179433]
DJI_20250425093400_0268_D:[3555.37205973 1599.08038091],[3559.05819635 1890.36134757],[2907.85947519 1849.40544462],[2905.5279534  1557.15964822]
DJI_20250425093404_0270_D:[3551.67544368 2295.85290629],[3552.38259162 2586.83108522],[2902.92590659 2549.15252257],[2901.43187122 2256.7702    ]
DJI_20250425093500_0298_D:[2371.5827171  2812.67326713],[2368.57499331 2525.37398624],[3015.88527934 2563.81076359],[3016.82520764 2850.56958052]
DJI_20250425093357_0267_D:[3551.3075283 1255.2211182],[3556.40998796 1544.72181692],[2904.85687953 1502.24113272],[2902.18757838 1211.95498891]
DJI_20250425093748_0382_D:[2086.66729432 1822.54551989],[2088.68472659 2117.5734943 ],[1442.20788121 2077.63526863],[1441.25770137 1785.89879279]
35
DJI_20250425093400_0268_D:[2693.00474069 1777.96656187],[2694.75907038 2071.19285851],[2042.28994722 2030.12958594],[2041.54449789 1738.49160289]
DJI_20250425093109_0183_D:[1930.86379261 1943.80466506],[1929.56156605 1652.02326786],[2581.21122645 1690.72147003],[2583.19417226 1983.61579952]
DJI_20250425093402_0269_D:[2691.01011051 2132.12450051],[2692.68314896 2425.02907924],[2041.27489678 2382.4000652 ],[2039.54856864 2090.89059571]
DJI_20250425093111_0184_D:[1924.83706029 2298.78717235],[1922.40220813 2006.92568213],[2574.64611343 2047.01297666],[2576.68168668 2339.82426386]
DJI_20250425093357_0267_D:[2689.9427792  1431.06750977],[2691.69455792 1723.40855979],[2038.41099952 1683.87494427],[2038.72020693 1393.32124815]
DJI_20250425093107_0182_D:[1939.88677731 1597.76211752],[1939.7526921  1307.06730938],[2591.05396389 1344.67854588],[2592.88701289 1636.63822386]
DJI_20250425093113_0185_D:[1917.72808128 2645.8907759 ],[1914.04417594 2355.49386124],[2566.00294749 2396.59925422],[2568.2224983  2687.79603134]
DJI_20250425093404_0270_D:[2688.53480724 2477.99835783],[2690.13528537 2769.2097175 ],[2040.29501649 2725.28737541],[2037.60202445 2435.25176063]
DJI_20250425093356_0266_D:[2710.98835275 1095.2291904 ],[2712.85537996 1384.55659229],[2060.8224198  1346.68628794],[2062.04826086 1059.24788382]
DJI_20250425093105_0181_D:[1958.89596512 1247.97168761],[1959.86372339  960.48536404],[2608.63112395  996.80966455],[2610.39980484 1285.70620998]
36
DJI_20250425094230_0523_D:[2540.08116904 2011.64331307],[2539.86581252 1686.93932334],[3263.70764024 1735.92058863],[3264.25547036 2060.08188798]
DJI_20250425094232_0524_D:[2519.62482348 2399.72187001],[2519.213854   2074.52905819],[3245.4513736  2122.98741929],[3244.78631617 2447.42463415]
DJI_20250425094228_0522_D:[2556.42640421 1641.88276954],[2556.54558481 1319.61284883],[3276.82448143 1369.42021214],[3278.34962121 1691.3612568 ]
DJI_20250425094132_0494_D:[3508.82122736 1686.16243821],[3513.48803089 2002.5374614 ],[2806.48752612 1961.26416203],[2803.08441102 1643.37577412]
DJI_20250425094134_0495_D:[3486.96951498 2059.6522575 ],[3489.91706342 2376.79531249],[2782.23450409 2337.32539507],[2779.2289932  2018.49670471]
DJI_20250425094130_0493_D:[3525.9708638  1315.14717389],[3532.56005373 1628.5974441 ],[2827.81016273 1585.81430108],[2823.84192151 1271.03334794]
DJI_20250425094136_0496_D:[3481.21773143 2420.80513707],[3482.66970067 2736.42138639],[2776.46492505 2699.27750464],[2773.6344878  2381.75108557]
DJI_20250425094234_0525_D:[2521.18704333 2870.28771737],[2520.45889725 2548.02186798],[3246.13096382 2595.19634883],[3244.01237717 2916.29807291]
DJI_20250425094226_0521_D:[2561.55828736 1258.36977666],[2561.88437242  940.41013067],[3277.83300284  990.56924119],[3280.55042902 1308.44039973]
DJI_20250425094520_0608_D:[2089.29035273 1816.901826  ],[2091.82537216 2127.67868398],[1410.01213635 2086.61287201],[1408.731034   1779.22360365]
37
DJI_20250425094522_0609_D:[2710.91773635 1965.90085901],[2714.39875756 2279.96245734],[2014.89565713 2239.05701866],[2012.02453241 1926.16057392]
DJI_20250425094520_0608_D:[2714.21294585 1591.50261476],[2717.75983171 1903.93445678],[2019.9226521  1864.27277379],[2018.28171716 1553.22110751]
DJI_20250425094228_0522_D:[1901.83853719 1867.55344629],[1902.76211141 1543.83862515],[2625.82818798 1590.65008692],[2625.87934066 1916.34300609]
DJI_20250425094230_0523_D:[1884.6411713  2238.52727082],[1884.00212406 1913.67253094],[2609.57028401 1962.32108744],[2609.85484088 2288.9450628 ]
DJI_20250425094524_0610_D:[2690.20851895 2359.90123457],[2693.3509518  2672.70656551],[1995.53281342 2630.07892265],[1991.59571989 2318.26189583]
DJI_20250425094232_0524_D:[1864.57144018 2625.73698729],[1862.40619831 2301.84817667],[2589.06949318 2352.80451852],[2589.44503884 2678.26867802]
DJI_20250425094226_0521_D:[1908.6692927 1481.7535189],[1911.08462794 1161.04911737],[2630.71091735 1205.43221571],[2630.68115767 1528.3747629 ]
DJI_20250425094518_0607_D:[2733.54819638 1216.64182146],[2737.58401896 1525.69022639],[2041.99095227 1488.19676371],[2041.16597156 1180.71736789]
DJI_20250425094526_0611_D:[2683.08760726 2705.30362639],[2686.14172607 3014.72256425],[1991.75147707 2971.2859981 ],[1986.64355133 2662.64936962]
DJI_20250425094224_0520_D:[1916.37661944 1112.82302452],[1920.0588946   796.88457215],[2635.48342089  838.3779102 ],[2635.56679189 1156.80146576]
38
DJI_20250425094228_0522_D:[2594.97004328 2143.93272886],[2594.91883566 1820.75884397],[3314.86179126 1869.85819842],[3314.66453263 2192.19430799]
DJI_20250425094226_0521_D:[2599.70348964 1758.55371891],[2599.79748309 1436.74467777],[3317.59700823 1486.73714914],[3318.6370608 1807.9652927]
DJI_20250425094136_0496_D:[3436.75931161 1929.31537929],[3440.38354104 2245.71628965],[2733.95314137 2205.70181086],[2730.78796039 1887.9323411 ]
DJI_20250425094230_0523_D:[2579.25184581 2512.88567271],[2578.895188   2190.05534417],[3300.36184433 2237.83739992],[3299.15475143 2559.59770243]
DJI_20250425094134_0495_D:[3440.34248621 1570.10485664],[3445.3427238  1885.30436963],[2739.4676368  1843.47556744],[2736.2047449  1527.10466813]
DJI_20250425094138_0497_D:[3433.98106879 2305.47968093],[3436.01547449 2621.59342327],[2729.35318699 2583.32891751],[2726.41554086 2265.5866459 ]
DJI_20250425094224_0520_D:[2604.68559852 1388.15118255],[2604.73036678 1069.45655083],[3319.52725238 1119.79004955],[3321.95026709 1438.11289327]
DJI_20250425094132_0494_D:[3459.70642981 1202.1484557 ],[3466.35987349 1513.85034669],[2763.16865834 1470.65269624],[2759.54172542 1157.92661697]
DJI_20250425094232_0524_D:[2559.15809716 2896.88311935],[2558.62822737 2576.53201075],[3280.31709356 2623.2894683 ],[3277.85687466 2942.32925136]
DJI_20250425094140_0498_D:[3428.45742435 2685.63071095],[3428.9476131  2999.26833293],[2723.5566009  2963.18709579],[2720.75414667 2647.65134849]
39
DJI_20250425094524_0610_D:[3096.60834639 1881.40690494],[3100.32129918 2194.05067022],[2401.47285818 2154.03819006],[2398.53011026 1841.25240121]
DJI_20250425094522_0609_D:[3115.50411692 1490.24489957],[3120.39252936 1801.26561166],[2422.17254571 1761.43841923],[2419.42717265 1450.45457448]
DJI_20250425094526_0611_D:[3089.44109768 2227.53368051],[3092.34350328 2539.36086081],[2395.0194154  2499.82641283],[2391.65908512 2187.64579257]
DJI_20250425094614_0635_D:[2992.094689   2238.54521433],[2991.25791089 1925.13463873],[3684.95655343 1970.14057848],[3684.98441902 2281.46832759]
DJI_20250425094612_0634_D:[2996.65070981 1866.98674224],[2995.12300219 1554.23747405],[3687.42932018 1601.33992764],[3689.47072889 1912.28641753]
DJI_20250425094520_0608_D:[3115.88508793 1123.07675796],[3121.57394985 1429.86330639],[2426.9249682  1389.90054784],[2424.64517309 1083.37054388]
DJI_20250425094528_0612_D:[3077.56595223 2591.24402854],[3079.80109226 2900.972651  ],[2383.96750411 2862.30115893],[2380.02377678 2552.00764024]
DJI_20250425094226_0521_D:[1491.15235314 1970.63221209],[1492.04004303 1649.91360368],[2203.65517814 1695.82684728],[2203.40578032 2019.99378026]
DJI_20250425094228_0522_D:[1486.77200602 2353.87914063],[1485.32882222 2033.07917101],[2198.25142786 2082.92496578],[2198.92289201 2406.92085784]
DJI_20250425094616_0636_D:[2971.38805811 2601.37229238],[2971.2084605  2289.44958446],[3664.73605049 2332.19158668],[3662.8284873  2641.79425969]
40
DJI_20250425094224_0520_D:[2031.33393534 1899.32846467],[2031.91872634 1575.14965878],[2756.43035259 1622.8317718 ],[2756.5577086  1948.41960899]
DJI_20250425094226_0521_D:[2026.59862895 2272.8899276 ],[2026.14643269 1948.49419818],[2751.52698656 1997.96508058],[2751.33527961 2323.53693452]
DJI_20250425094526_0611_D:[2559.016906   1942.27370899],[2562.2293247 2255.7463872],[1865.8372459  2214.22684031],[1863.32014381 1902.44566725]
DJI_20250425094524_0610_D:[2566.05844612 1595.41970081],[2569.15138798 1908.20860579],[1872.37611836 1868.44978618],[1871.20485825 1557.55135336]
DJI_20250425094222_0519_D:[2042.25394325 1522.95667148],[2043.82253974 1201.20618562],[2765.73906377 1246.80496323],[2766.27216297 1570.17590655]
DJI_20250425094228_0522_D:[2023.19796037 2658.7904494 ],[2021.46131742 2336.08150059],[2746.83036789 2386.80583005],[2746.50239061 2710.4229262 ]
DJI_20250425094528_0612_D:[2547.07754063 2308.05976136],[2550.56399721 2620.9789849 ],[1854.60944525 2577.94836558],[1850.58092116 2266.54463093]
DJI_20250425094522_0609_D:[2586.41051855 1205.98956602],[2589.65490362 1515.50346916],[1894.54236758 1478.39997552],[1894.59424966 1170.94404143]
DJI_20250425094220_0518_D:[2075.08875554 1160.078217  ],[2077.63610773  842.91747142],[2795.27060699  886.78848922],[2796.19952338 1205.73111957]
DJI_20250425094230_0523_D:[2009.58725886 3025.56603076],[2006.41029091 2706.23692408],[2731.04908637 2757.75557782],[2730.78856291 3077.76876806]
41
DJI_20250425094234_0525_D:[1977.96219639 2119.75054222],[1977.79325972 1792.92640283],[2707.83618527 1841.08500606],[2708.192262   2169.42984361]
DJI_20250425094516_0606_D:[2640.60224716 1784.38537086],[2644.04301843 2097.81302312],[1946.31598124 2057.49827568],[1944.11396844 1745.64036674]
DJI_20250425094236_0526_D:[1969.22873807 2414.43592563],[1967.96205133 2088.1549509 ],[2698.08593269 2137.44273258],[2698.4433103  2465.03741725]
DJI_20250425094518_0607_D:[2631.90282727 2157.36579159],[2635.46417169 2470.84969646],[1937.99854925 2429.22537846],[1934.40057044 2117.10742783]
DJI_20250425094232_0524_D:[1978.64357043 1645.15545344],[1980.10473485 1320.92901804],[2706.37593797 1366.49883468],[2706.86019512 1692.60992105]
DJI_20250425094514_0605_D:[2653.95630094 1408.06501534],[2657.49395189 1720.38831135],[1958.74111188 1681.85133537],[1957.71642869 1371.30710071]
DJI_20250425094238_0527_D:[1954.13792728 2798.20511685],[1951.43232432 2474.70116014],[2680.10466683 2525.46021935],[2680.43905073 2850.03695874]
DJI_20250425094520_0608_D:[2611.20376806 2536.93659258],[2614.54360288 2848.39372388],[1918.90540298 2804.71382291],[1914.16861061 2494.4251757 ]
DJI_20250425094230_0523_D:[2002.57902286 1260.3915146 ],[2005.21061585  941.06846768],[2726.05092436  984.28936708],[2726.77618068 1305.68688906]
DJI_20250425094512_0604_D:[2652.23987419 1035.73219247],[2655.81244497 1344.34769698],[1958.99070329 1307.91576927],[1959.19244827 1001.32796065]
42
DJI_20250425094128_0492_D:[3223.48158808 1856.18583326],[3227.28453873 2174.55734757],[2515.52605491 2133.77294803],[2512.49208658 1814.82907551]
DJI_20250425094126_0491_D:[3231.55485902 1470.28127172],[3236.54550468 1786.57340036],[2526.39682375 1745.09034135],[2523.57209801 1428.47203397]
DJI_20250425094130_0493_D:[3205.34560945 2237.79330821],[3207.97406909 2555.64759725],[2497.00892152 2515.70907003],[2493.75551627 2197.08475425]
DJI_20250425094236_0526_D:[2859.01684094 2220.21392806],[2858.59759854 1893.4683322 ],[3582.8280748  1942.05853757],[3582.84086397 2266.85993607]
DJI_20250425094234_0525_D:[2868.78569168 1925.34295384],[2868.11777178 1598.9576233 ],[3591.62337626 1649.36894526],[3592.98160952 1974.01552136]
DJI_20250425094238_0527_D:[2840.71724163 2605.84681027],[2840.65917298 2280.60807915],[3564.52964327 2326.78287091],[3562.72463769 2649.82064445]
DJI_20250425094124_0490_D:[3232.12623021 1108.89189096],[3238.137516   1421.10094357],[2531.21368248 1379.11281114],[2528.64462953 1066.82470732]
DJI_20250425094132_0494_D:[3182.66689952 2613.88088656],[3184.04620009 2929.20751161],[2475.01527025 2889.90820213],[2471.60054842 2573.60137405]
DJI_20250425094232_0524_D:[2866.70426063 1452.19304117],[2865.52942957 1129.76768321],[3584.67401478 1182.3156161 ],[3588.30216553 1503.35997634]
DJI_20250425093848_0412_D:[1394.48937082 1929.04191142],[1394.55449786 1626.00743248],[2065.25682284 1665.57155418],[2066.13005643 1972.04248008]
43
DJI_20250425094236_0526_D:[2053.35388262 1912.74486617],[2053.69302685 1587.38413602],[2780.96332586 1634.35881942],[2781.61084448 1961.08519028]
DJI_20250425094238_0527_D:[2036.02989311 2298.8606361 ],[2035.16668691 1973.23179383],[2763.22934166 2021.64559591],[2763.64625426 2348.40640325]
DJI_20250425094514_0605_D:[2578.84156364 1890.06602096],[2582.22911478 2203.65087382],[1885.4044209  2162.74404762],[1882.8576765  1850.89695573]
DJI_20250425094234_0525_D:[2063.65833846 1618.70118239],[2064.93337192 1295.0707075 ],[2790.46010338 1340.90707655],[2791.25415643 1666.10389709]
DJI_20250425094512_0604_D:[2577.31365496 1514.15193083],[2580.61504714 1826.67587345],[1883.80636541 1787.81366733],[1882.59755114 1477.27165842]
DJI_20250425094516_0606_D:[2565.59119248 2265.94317913],[2569.04109362 2577.97411731],[1875.18501541 2535.29457868],[1871.308      2224.79226949]
DJI_20250425094240_0528_D:[2026.72166135 2685.60404501],[2024.5675392  2361.86260225],[2752.10415155 2411.45460997],[2752.35261106 2736.05047127]
DJI_20250425094510_0603_D:[2579.79978322 1144.06158347],[2582.97642003 1453.13978532],[1888.50597923 1416.51638638],[1888.64351149 1109.62963713]
DJI_20250425094518_0607_D:[2557.22678855 2636.92519764],[2560.94603342 2946.32958995],[1869.33298568 2902.33063677],[1863.89042498 2594.25508852]
DJI_20250425094232_0524_D:[2066.26851415 1150.3874579 ],[2068.96365411  832.96690167],[2788.11540199  876.14974324],[2789.23134878 1195.4969849 ]
44
DJI_20250425094126_0491_D:[3201.10030574 1942.70833257],[3204.58482274 2258.62232313],[2498.539338   2218.23358601],[2495.51686705 1901.79403128]
DJI_20250425094124_0490_D:[3203.33218874 1578.52734381],[3207.77636245 1892.9723935 ],[2503.02264048 1851.84608372],[2500.30750101 1537.13308905]
DJI_20250425094128_0492_D:[3191.27468083 2328.16979372],[3193.64614477 2643.35650073],[2488.08270808 2603.8812396 ],[2484.77951705 2287.91286906]
DJI_20250425094238_0527_D:[2872.91428661 2119.26430582],[2872.29722732 1795.12433937],[3590.39643507 1843.72861897],[3591.01739373 2165.98299013]
DJI_20250425094122_0489_D:[3194.93632953 1213.24163428],[3200.47144698 1524.43411184],[2497.95169369 1483.20649117],[2495.4270141  1172.01202781]
DJI_20250425094236_0526_D:[2890.51233561 1735.16033063],[2889.43776522 1412.38783437],[3605.76806241 1463.16171686],[3608.26296711 1784.27278499]
DJI_20250425094240_0528_D:[2861.66985881 2505.2295364 ],[2861.44314376 2181.84975791],[3579.75309809 2228.02207381],[3578.54634634 2549.22920712]
DJI_20250425094234_0525_D:[2899.78182386 1443.67794781],[2898.39227335 1123.40514066],[3612.41043963 1175.80260668],[3616.297843   1494.59266547]
DJI_20250425094130_0493_D:[3171.62496439 2705.54140102],[3172.91317445 3017.43676123],[2470.19968542 2978.95209054],[2466.58562035 2666.06332653]
DJI_20250425093852_0414_D:[1411.36006784 2177.24414828],[1409.95734276 1876.06366798],[2076.71160996 1917.90325933],[2078.29195559 2222.29911106]
45
DJI_20250425094240_0528_D:[2176.46247396 2180.51640881],[2175.89082109 1853.78683536],[2906.04164853 1901.78198105],[2906.61002947 2229.17569622]
DJI_20250425094238_0527_D:[2187.73504023 1790.65735696],[2188.11551474 1465.11828084],[2916.53341767 1512.20569073],[2917.6037508  1838.68126146]
DJI_20250425094242_0529_D:[2164.93426436 2571.70649934],[2163.49832457 2245.98170431],[2893.93878491 2294.90968799],[2893.9250715  2621.03153284]
DJI_20250425094512_0604_D:[2434.02187791 2003.56896356],[2437.40067681 2317.91067414],[1741.28600523 2275.7876817 ],[1738.32637423 1963.64525129]
DJI_20250425094510_0603_D:[2436.63951052 1628.5450191 ],[2439.64339607 1942.06224154],[1743.95446234 1902.48191762],[1742.61002589 1591.36958422]
DJI_20250425094236_0526_D:[2206.63415701 1404.80124452],[2207.87241066 1082.5872495 ],[2933.20991558 1128.56837053],[2934.86310945 1451.94606359]
DJI_20250425094514_0605_D:[2435.8730555  2380.65617468],[2439.58552677 2693.3673954 ],[1745.38971252 2648.94942689],[1740.81908872 2338.1945793 ]
DJI_20250425094508_0602_D:[2450.26404235 1270.86870409],[2452.88514928 1582.19563739],[1757.78119352 1545.017738  ],[1758.02629186 1236.27738808]
DJI_20250425094244_0530_D:[2148.86536841 2938.34045284],[2146.39478919 2615.51631359],[2876.15744098 2664.9690519 ],[2875.75750876 2987.97988803]
DJI_20250425094124_0490_D:[3870.90111181 1890.79011338],[3874.90960648 2206.47234548],[3174.76297843 2167.41696071],[3171.11204714 1848.76879493]
46
DJI_20250425093506_0301_D:[2434.45370514 2041.2134516 ],[2432.52718124 1752.27325899],[3077.48178265 1791.65152512],[3079.65112837 2080.34843193]
DJI_20250425093508_0302_D:[2434.20222399 2379.4533674 ],[2431.99068291 2090.45760571],[3077.96876875 2129.59220594],[3079.44085206 2418.13859742]
DJI_20250425093504_0300_D:[2430.26720943 1711.15387199],[2428.74932455 1423.45165571],[3072.26484108 1463.13502133],[3075.0065628  1750.78766759]
DJI_20250425093352_0264_D:[3527.40498722 1989.30654012],[3529.06999694 2282.1863784 ],[2876.02528569 2242.14852928],[2874.4730088  1948.10268287]
DJI_20250425093350_0263_D:[3540.59536981 1642.42443198],[3543.72974181 1934.55542267],[2891.0541744  1893.13284131],[2889.07816328 1599.99008286]
DJI_20250425093510_0303_D:[2426.67149063 2724.91334346],[2424.25581272 2437.78318826],[3069.41679498 2476.62050133],[3070.07485311 2763.0949516 ]
DJI_20250425093502_0299_D:[2433.12320543 1374.56535569],[2431.69669043 1089.50858655],[3073.00970089 1128.65706774],[3076.67820083 1413.83303699]
DJI_20250425093354_0265_D:[3514.55274065 2361.94041172],[3514.63864523 2653.63065019],[2862.87464746 2615.26310734],[2861.74355565 2322.20309298]
DJI_20250425093348_0262_D:[3555.38634149 1297.30750242],[3560.10413909 1587.7502117 ],[2907.38927508 1545.02763114],[2904.89220607 1253.70730186]
DJI_20250425093738_0377_D:[2098.63083433 1916.98666182],[2100.55594656 2209.95175731],[1458.45587133 2168.40532587],[1457.15707557 1878.55539493]
47
DJI_20250425093352_0264_D:[2888.14030221 1734.66091864],[2889.96294689 2028.17357036],[2234.85130806 1986.79898754],[2234.09399255 1694.2585823 ]
DJI_20250425093354_0265_D:[2875.74612556 2108.34615881],[2877.11601242 2401.99332102],[2222.39822427 2359.58919611],[2220.97040265 2066.7451946 ]
DJI_20250425093350_0263_D:[2902.37254375 1388.2378338 ],[2904.65150956 1679.83240062],[2250.60738272 1639.54313007],[2250.41148545 1349.0519967 ]
DJI_20250425093117_0187_D:[1757.88764589 2008.21069505],[1756.3863634  1717.93002775],[2403.5223077  1756.13247942],[2405.49880348 2048.04397138]
DJI_20250425093119_0188_D:[1753.11224192 2346.17069945],[1750.28052151 2055.77113845],[2398.56831762 2096.00175108],[2400.84828546 2387.83690832]
DJI_20250425093356_0266_D:[2860.78387303 2454.70964859],[2861.80794559 2746.41998495],[2209.45956738 2703.31776232],[2207.31806158 2412.24869013]
DJI_20250425093115_0186_D:[1763.50398586 1650.25487629],[1763.52650505 1361.60885813],[2408.70634963 1397.63775314],[2410.28335431 1688.12150401]
DJI_20250425093504_0300_D:[3061.61807841 1960.74853909],[3059.32323068 1672.37878575],[3695.59843734 1713.60605642],[3698.2216815  1999.90322222]
DJI_20250425093348_0262_D:[2917.74837342 1044.32533168],[2920.58551551 1333.0687055 ],[2267.19384957 1293.95650923],[2267.48384121 1006.45502321]
DJI_20250425093506_0301_D:[3065.84467206 2290.13890511],[3064.10802235 2001.68266927],[3700.77069149 2040.29425419],[3701.84190639 2326.47715061]
48
DJI_20250425093504_0300_D:[2370.61742854 2159.41820573],[2368.69487682 1870.40296966],[3014.17616092 1909.9123628 ],[3016.00554466 2198.80264717]
DJI_20250425093502_0299_D:[2373.3114025  1821.39536103],[2371.57192548 1532.91541357],[3016.42466017 1571.93532549],[3019.08696779 1860.46320483]
DJI_20250425093506_0301_D:[2375.51024578 2488.88306154],[2373.10074071 2200.67190023],[3018.51779749 2239.78646007],[3019.84843356 2527.67548327]
DJI_20250425093500_0298_D:[2385.07466785 1489.07215648],[2383.59508264 1202.79068982],[3026.32881817 1241.50150106],[3029.71953181 1527.95721535]
DJI_20250425093354_0265_D:[3574.8962219  1907.88768769],[3576.96757697 2200.55914204],[2924.61053717 2160.30503649],[2922.91005036 1866.38051235]
DJI_20250425093352_0264_D:[3585.12852305 1536.59321329],[3588.88776503 1828.04543174],[2937.05207856 1786.17304434],[2934.80728822 1493.64237566]
DJI_20250425093356_0266_D:[3559.809646   2253.46268476],[3560.36756222 2545.2136566 ],[2909.46677439 2506.72191564],[2908.20136327 2213.54878237]
DJI_20250425093508_0302_D:[2375.82729138 2824.62632251],[2373.04135641 2538.43893768],[3017.97432976 2577.20755168],[3018.68467732 2862.86119029]
DJI_20250425093740_0378_D:[2149.86664731 1800.38680532],[2151.57162456 2093.5097525 ],[1507.7339487  2053.21137513],[1507.01454891 1763.12077345]
DJI_20250425093742_0379_D:[2142.66485567 2136.57988366],[2145.31172289 2429.70207588],[1501.65685413 2386.5841383 ],[1499.0043862  2096.34105532]
49
DJI_20250425093356_0266_D:[2861.69954985 1987.15320652],[2863.25384385 2280.85328631],[2208.65619985 2238.81438408],[2207.42642301 1946.04464526]
DJI_20250425093354_0265_D:[2876.1029495  1640.20182321],[2878.02880275 1933.55482118],[2222.74552624 1892.45951832],[2222.19491803 1600.18240837]
DJI_20250425093357_0267_D:[2840.31642036 2326.41251172],[2841.59721049 2618.86730275],[2188.82524467 2576.04479581],[2186.83227114 2284.39455359]
DJI_20250425093115_0186_D:[1761.88105077 2113.28877544],[1760.01564185 1822.58581034],[2408.13029582 1861.50641168],[2410.17706646 2153.78126269]
DJI_20250425093352_0264_D:[2887.75899251 1269.38046265],[2890.15883841 1560.1731751 ],[2236.27445555 1520.36439751],[2236.36456673 1230.80005809]
DJI_20250425093113_0185_D:[1769.73268819 1757.05579557],[1769.32408826 1467.67765323],[2415.44006224 1504.37593115],[2417.15766239 1795.50742201]
DJI_20250425093117_0187_D:[1758.70295287 2471.21277379],[1755.30004397 2181.26706143],[2403.5779603  2222.05323588],[2406.03065389 2513.37303708]
DJI_20250425093502_0299_D:[3065.54218959 2083.32676701],[3063.2687533  1794.23879334],[3700.87262796 1834.21846279],[3703.11300195 2121.13442572]
DJI_20250425093111_0184_D:[1780.93341839 1411.94061266],[1781.96795378 1125.4254925 ],[2425.196449   1160.11139272],[2426.51825923 1448.54683565]
DJI_20250425093400_0268_D:[2842.65104607 2670.13275108],[2843.66876749 2959.12738492],[2194.95147329 2915.96882478],[2192.16624997 2627.55283346]
50
DJI_20250425093500_0298_D:[2375.51417597 1917.67808116],[2373.56273999 1628.72295348],[3019.04867428 1667.60559624],[3021.6359401  1956.52357477]
DJI_20250425093502_0299_D:[2364.15567611 2250.89457123],[2361.91309312 1961.71680552],[3008.04714993 2000.76244795],[3009.93614854 2289.77420949]
DJI_20250425093458_0297_D:[2406.07995451 1582.65942858],[2404.51354296 1295.48573783],[3048.10045063 1334.56790737],[3051.28492103 1621.8133271 ]
DJI_20250425093504_0300_D:[2361.76413558 2587.27847923],[2359.321753   2299.58751663],[3004.57515491 2338.90760093],[3005.64514948 2626.25522641]
DJI_20250425093356_0266_D:[3569.11718363 1819.46450298],[3571.63496928 2111.657218  ],[2919.99971027 2071.13610023],[2918.13734345 1777.7780086 ]
DJI_20250425093357_0267_D:[3548.16302575 2157.13546185],[3549.24762058 2448.9606982 ],[2898.45815455 2410.11628676],[2896.97635766 2116.99374621]
DJI_20250425093354_0265_D:[3581.92241472 1475.13112407],[3585.98335506 1766.10199352],[2934.49444562 1724.01544064],[2932.15799807 1432.02234888]
DJI_20250425093742_0379_D:[2152.18619287 1701.36776988],[2153.86565115 1994.24498615],[1509.97553957 1955.44175762],[1509.6308834  1665.64071656]
DJI_20250425093456_0296_D:[2419.81780449 1243.0340809 ],[2418.51588497  959.25303113],[3059.04758798  998.09532125],[3062.9475314  1282.10969543]
DJI_20250425093400_0268_D:[3547.87977748 2500.48275771],[3547.54066934 2789.63942572],[2900.41504077 2752.9189631 ],[2899.28016534 2462.23159381]
51
DJI_20250425093348_0262_D:[2876.31712312 1916.64043301],[2877.92223213 2211.45170316],[2220.64573631 2169.4789235 ],[2219.49242043 1875.56369222]
DJI_20250425093346_0261_D:[2886.76785422 1574.16822707],[2888.89970247 1868.76497529],[2230.35107951 1827.96879364],[2229.6794996  1534.43587267]
DJI_20250425093350_0263_D:[2859.42037544 2264.96350706],[2860.59700501 2558.38039927],[2205.79995553 2515.51760367],[2204.03036408 2222.83237608]
DJI_20250425093123_0190_D:[1761.25578988 2171.65852054],[1759.16361966 1880.79875604],[2407.72058386 1919.93925102],[2409.86722486 2212.31994945]
DJI_20250425093121_0189_D:[1773.20317297 1825.537546  ],[1772.48606803 1535.39951915],[2419.95597876 1572.68144003],[2421.73958549 1864.48822927]
DJI_20250425093344_0260_D:[2898.11367568 1249.78891072],[2900.87013988 1541.56834902],[2244.58610955 1502.3404056 ],[2244.29324504 1211.75900804]
DJI_20250425093126_0191_D:[1752.95198063 2530.09868386],[1749.46239497 2240.32724153],[2397.66525782 2281.50844145],[2400.12254228 2572.64707069]
DJI_20250425093119_0188_D:[1795.55698729 1477.08261433],[1796.18416317 1189.18274007],[2441.73351192 1224.47714629],[2443.22167971 1514.19697917]
DJI_20250425093352_0264_D:[2843.92324489 2613.03793785],[2844.75667613 2904.1270489 ],[2192.01436485 2860.45554456],[2189.53650173 2569.93561129]
DJI_20250425093510_0303_D:[3100.53966899 2111.61124231],[3098.51036337 1822.59413103],[3735.11968032 1862.89310996],[3737.06321838 2149.59010712]
52
DJI_20250425093512_0304_D:[2406.53101156 2222.57726813],[2404.43451295 1933.60641372],[3049.63667712 1972.76068297],[3051.54215531 2261.405914  ]
DJI_20250425093510_0303_D:[2416.79684194 1866.98832383],[2415.18143658 1578.33328588],[3059.94364086 1618.05289905],[3062.37568838 1906.57540405]
DJI_20250425093514_0305_D:[2396.79334415 2546.87341886],[2394.03890786 2258.65095237],[3039.54409175 2296.73314744],[3041.17594475 2584.44815976]
DJI_20250425093508_0302_D:[2424.9183185  1520.29380006],[2423.49645149 1233.84398976],[3066.07638594 1273.25500687],[3069.32093452 1559.76836465]
DJI_20250425093346_0261_D:[3580.41936311 1824.90588741],[3582.83924219 2118.84875285],[2927.47159752 2078.36071601],[2925.55664543 1783.15980547]
DJI_20250425093348_0262_D:[3568.50900705 2166.14958279],[3569.32293048 2459.1496196 ],[2916.0221692  2420.14848334],[2914.68457264 2125.71242496]
DJI_20250425093344_0260_D:[3589.50849466 1499.39152705],[3593.63311504 1791.63919616],[2939.78028062 1750.18740399],[2937.18952857 1456.84187746]
DJI_20250425093516_0306_D:[2377.56516786 2888.89230501],[2374.60952935 2602.81018873],[3019.70751664 2640.88452936],[3020.54938534 2926.29314583]
DJI_20250425093732_0374_D:[2143.68883055 1758.77080569],[2145.53988437 2050.88055718],[1503.74733649 2011.42110374],[1502.84737947 1722.3000272 ]
DJI_20250425093350_0263_D:[3549.06673882 2511.7869762 ],[3548.33323329 2802.19355348],[2898.23572115 2765.00300049],[2897.3744734  2472.97307255]
53
DJI_20250425093344_0260_D:[2770.64104179 1688.592823  ],[2772.63482315 1983.76740302],[2114.56341811 1943.02259968],[2113.71011267 1649.20634579]
DJI_20250425093346_0261_D:[2757.98130048 2017.0358196 ],[2759.56628237 2312.97911985],[2100.78339205 2270.43072262],[2099.31920134 1975.69895307]
DJI_20250425093126_0191_D:[1875.87183576 2094.74655221],[1874.13012097 1803.1472068 ],[2524.95222186 1842.235109  ],[2526.97911167 2135.06005082]
DJI_20250425093123_0190_D:[1886.27612213 1734.16040086],[1885.70179688 1443.68449135],[2535.22532348 1480.97409053],[2537.16840477 1772.83947094]
DJI_20250425093342_0259_D:[2770.64253293 1334.57026306],[2772.91543539 1627.03667746],[2117.44203497 1588.11027096],[2117.37596345 1297.1884742 ]
DJI_20250425093127_0192_D:[1879.56094748 2429.27558093],[1876.69363937 2138.18887978],[2527.67332168 2178.67251758],[2529.84438961 2470.80996534]
DJI_20250425093348_0262_D:[2747.08390373 2359.68304122],[2748.35807853 2653.74839105],[2092.37997758 2609.81910311],[2090.21144473 2316.78361   ]
DJI_20250425093121_0189_D:[1900.0199976  1388.69542169],[1900.6089698  1101.03573201],[2547.48740878 1136.69644539],[2549.28310858 1425.90654004]
DJI_20250425093129_0193_D:[1882.60028124 2762.42379372],[1878.59382256 2473.37690132],[2528.61607589 2515.06492336],[2530.92864611 2804.98571584]
DJI_20250425093340_0258_D:[2782.94043126  986.38262766],[2785.39562443 1274.37327613],[2133.84994452 1236.99928516],[2134.62748724  950.66801495]
54
DJI_20250425093344_0260_D:[3273.41870142 1949.1820787 ],[3275.37807557 2242.97354596],[2619.20467483 2202.71295197],[2617.45314319 1908.56391235]
DJI_20250425093342_0259_D:[3271.68355617 1594.85612595],[3274.74903052 1887.24938188],[2620.09368744 1846.74556658],[2618.31067461 1554.2062048 ]
DJI_20250425093514_0305_D:[2709.91740213 2102.28828589],[2707.49467357 1813.81069103],[3348.86109497 1852.60366961],[3351.4087898  2139.90013481]
DJI_20250425093512_0304_D:[2720.23434152 1778.51179632],[2718.00193002 1491.21658964],[3357.69147886 1531.84725341],[3360.96745104 1818.14258549]
DJI_20250425093346_0261_D:[3261.20180067 2276.62915345],[3261.97651137 2569.98631525],[2605.91005642 2529.81700617],[2604.3162528  2235.92905463]
DJI_20250425093516_0306_D:[2690.52168545 2446.45955058],[2688.4127381  2158.02718819],[3330.91655653 2195.94114915],[3332.18449941 2483.02496328]
DJI_20250425093340_0258_D:[3280.85195236 1245.11652593],[3284.87731534 1534.27097568],[2633.38366792 1493.36243733],[2631.67015088 1204.19154919]
DJI_20250425093510_0303_D:[2730.70485468 1425.00044997],[2728.44599432 1140.11570147],[3366.17690803 1182.17548524],[3370.48622414 1466.24343165]
DJI_20250425093348_0262_D:[3248.09681175 2615.82155245],[3247.78972357 2906.09592062],[2595.3702619  2866.52847817],[2593.84014713 2575.52441922]
DJI_20250425093518_0307_D:[2687.90420787 2793.82381396],[2686.28395699 2507.30079874],[3328.00416836 2544.45279155],[3327.78034933 2829.41090698]
55
DJI_20250425093342_0259_D:[2757.41427719 1818.08410108],[2759.34245492 2112.91468737],[2102.76653337 2071.81013995],[2101.56119663 1778.29884781]
DJI_20250425093344_0260_D:[2756.90232747 2175.56912776],[2758.56672189 2470.69648398],[2101.17693472 2428.04291155],[2099.14953829 2134.03183555]
DJI_20250425093127_0192_D:[1892.30141129 1948.88335377],[1891.10819004 1657.75204392],[2541.10227697 1696.16141154],[2543.07190278 1988.57282613]
DJI_20250425093340_0258_D:[2770.08387695 1463.47896175],[2772.14902612 1756.16925202],[2117.78212314 1716.47406067],[2117.4774683  1425.22787475]
DJI_20250425093129_0193_D:[1893.45334595 2284.53310731],[1891.1486658  1993.21079369],[2541.81102451 2033.06498173],[2543.90727976 2325.48327881]
DJI_20250425093126_0191_D:[1890.45211906 1614.35923632],[1890.37099129 1324.91553768],[2538.59885214 1361.69128895],[2540.43375177 1652.59830956]
DJI_20250425093131_0194_D:[1903.52759292 2627.39160774],[1900.1889169 2337.7295989],[2549.73522575 2378.9416075 ],[2551.86853664 2669.49349787]
DJI_20250425093346_0261_D:[2743.57993736 2504.32017879],[2744.88014689 2797.91601434],[2088.49070948 2753.66752155],[2085.78731988 2461.0244459 ]
DJI_20250425093338_0257_D:[2786.10000703 1122.32641446],[2788.35323949 1412.12023644],[2135.49890752 1373.73693428],[2136.02621514 1085.51012031]
DJI_20250425093123_0190_D:[1902.72072378 1256.55217734],[1903.77359714  970.65389323],[2548.91117394 1005.40815278],[2550.70042126 1292.94904707]
56
DJI_20250425094114_0485_D:[3148.58491581 1682.66317579],[3151.87109785 1998.54465931],[2445.14029035 1956.25479301],[2442.9315836  1640.17726375]
DJI_20250425094116_0486_D:[3124.68373863 2029.5422443 ],[3127.32598542 2345.73113051],[2420.75095278 2304.29383332],[2418.02761684 1987.77541126]
DJI_20250425094112_0484_D:[3170.85228496 1328.80277665],[3175.12897575 1642.29068317],[2470.12193434 1599.72837233],[2468.14897486 1286.20560165]
DJI_20250425094118_0487_D:[3117.1639533  2413.50807535],[3118.92767423 2728.52901213],[2412.93333981 2687.6431014 ],[2409.80622286 2372.08006028]
DJI_20250425094248_0532_D:[2912.77184583 2001.48306831],[2912.09942796 1675.72906   ],[3633.07453785 1725.75127346],[3634.28097267 2049.52383197]
DJI_20250425094250_0533_D:[2886.90279031 2360.25139309],[2886.84525063 2034.62291692],[3608.47480082 2082.70494896],[3607.73501474 2406.18268864]
DJI_20250425094246_0531_D:[2932.93798133 1619.98109138],[2931.50443433 1296.11793336],[3650.61297728 1348.1010928 ],[3654.04233926 1670.173701  ]
DJI_20250425094252_0534_D:[2872.08909513 2756.2798924 ],[2872.67916212 2432.84702744],[3593.64247385 2478.7213752 ],[3590.74463587 2799.73435726]
DJI_20250425093902_0419_D:[1463.66960924 2097.03553406],[1462.70857882 1794.30270388],[2133.58896585 1834.73826516],[2135.17914973 2140.62205941]
DJI_20250425094110_0483_D:[3181.88056734  952.32169528],[3187.53256147 1261.07315971],[2486.00569153 1219.05193819],[2483.99424127  910.48024912]
57
DJI_20250425094248_0532_D:[2452.61314482 2230.10233516],[2452.24578359 1904.61169213],[3178.51282676 1953.14557142],[3178.67547181 2278.23280598]
DJI_20250425094246_0531_D:[2472.79281527 1849.18563619],[2472.60211114 1524.16479717],[3198.26541534 1572.73848233],[3199.69106303 1897.56052234]
DJI_20250425094250_0533_D:[2427.55558095 2586.88068836],[2426.93801116 2262.8345717 ],[3152.61660205 2311.23569944],[3151.71323744 2634.70670825]
DJI_20250425094116_0486_D:[3563.31659223 1804.97664314],[3566.90927132 2119.26504901],[2865.90547007 2078.40423552],[2862.8873275  1762.35034829]
DJI_20250425094244_0530_D:[2490.95604813 1465.75114389],[2490.84112506 1144.16332119],[3212.72652281 1192.44553856],[3215.52730617 1514.04116494]
DJI_20250425094118_0487_D:[3557.51105848 2186.43639466],[3559.42495091 2500.82310506],[2858.06823197 2462.31796732],[2855.45077659 2145.9399302 ]
DJI_20250425094114_0485_D:[3585.28901674 1461.7169914 ],[3590.28219103 1774.51587542],[2890.22605813 1731.15622803],[2886.96956685 1416.72351817]
DJI_20250425094504_0600_D:[2169.95922706 1950.33888699],[2173.04465665 2263.30345521],[1485.3308075  2220.44693057],[1482.69835638 1910.63519078]
DJI_20250425094502_0599_D:[2177.74861682 1597.93678591],[2179.9919024  1910.99086906],[1490.61779994 1871.38424719],[1490.04151706 1561.68815952]
DJI_20250425094252_0534_D:[2414.35525134 2979.13118218],[2413.42429901 2658.73205202],[3137.28239953 2706.90319848],[3135.19481428 3026.46886122]
58
DJI_20250425094118_0487_D:[2998.35738578 1891.72467168],[3001.3627711  2207.53488227],[2295.94968864 2165.72999951],[2293.5031379  1850.16303071]
DJI_20250425094116_0486_D:[3004.88765869 1510.6513081 ],[3008.54623124 1824.74621207],[2304.63068696 1783.22189022],[2302.76807454 1469.55894819]
DJI_20250425094120_0488_D:[2988.59011724 2276.145893  ],[2991.12093587 2591.48636894],[2285.97769128 2549.9974513 ],[2282.69749832 2234.70260681]
DJI_20250425094114_0485_D:[3028.09800055 1168.49989334],[3032.25381342 1479.70490368],[2330.00052376 1437.98483217],[2328.7774861  1127.33468324]
DJI_20250425094246_0531_D:[3049.27926439 2157.73148363],[3048.67796124 1832.65241739],[3765.31719138 1881.46739224],[3765.81470348 2203.92659723]
DJI_20250425093900_0418_D:[1592.44206535 2242.48571904],[1590.68667462 1939.97889718],[2263.1802993  1982.08742575],[2265.01800768 2287.20295695]
DJI_20250425093858_0417_D:[1600.38502765 1872.02210762],[1600.53311544 1569.95647186],[2272.40430698 1608.80778201],[2273.55983983 1913.68910724]
DJI_20250425094244_0530_D:[3066.4376267  1773.55288471],[3064.78889854 1450.11145856],[3778.8492234 1501.4008344],[3781.86341904 1822.44725599]
DJI_20250425094122_0489_D:[2983.93856813 2657.76155655],[2985.91584802 2970.19263296],[2283.1725972  2929.17345514],[2279.0896575  2616.54533353]
DJI_20250425094248_0532_D:[3027.70095321 2536.69472762],[3028.03203955 2212.91244315],[3744.18593084 2258.94863797],[3742.29566449 2579.88921264]
59
DJI_20250425094244_0530_D:[2168.66377029 1977.44068729],[2168.59777018 1651.50090013],[2897.03459518 1698.80164995],[2897.94796503 2025.59423097]
DJI_20250425094246_0531_D:[2150.65920169 2362.90210159],[2149.81598264 2036.63177559],[2879.64043763 2085.33499909],[2879.85696101 2412.23890927]
DJI_20250425094242_0529_D:[2187.54283555 1608.96189338],[2188.34951163 1285.69250694],[2913.38111106 1332.00274326],[2914.78619725 1656.31143555]
DJI_20250425094506_0601_D:[2456.88551992 1820.91355763],[2459.86691208 2135.03512894],[1763.70870423 2093.54822916],[1761.60063923 1781.65537268]
DJI_20250425094504_0600_D:[2473.83090986 1453.84713156],[2476.63886134 1766.89892104],[1780.01574239 1728.09917977],[1779.33602268 1417.45961519]
DJI_20250425094248_0532_D:[2132.23387994 2741.10807675],[2130.50878377 2417.48496248],[2858.50809749 2467.24745351],[2858.14710521 2791.28569967]
DJI_20250425094508_0602_D:[2437.25225375 2195.55719479],[2440.68594438 2508.84722889],[1746.2859912  2465.24478492],[1742.46463819 2154.00761743]
DJI_20250425094240_0528_D:[2201.40314832 1221.70548049],[2202.96095436  903.17073893],[2923.50599354  947.9151134 ],[2925.58153091 1267.7375477 ]
DJI_20250425094502_0599_D:[2482.42592903 1102.72853852],[2484.92459193 1413.24970624],[1788.53562139 1376.8260587 ],[1789.39489705 1068.92773181]
DJI_20250425094118_0487_D:[3860.3819747  1689.28179322],[3865.1830164  2003.19271336],[3167.94260251 1961.70537543],[3164.13921305 1645.01395236]
60
DJI_20250425094120_0488_D:[3120.68839426 1795.61742853],[3124.29006934 2113.03975197],[2414.55573188 2071.67399323],[2411.88955583 1754.15053193]
DJI_20250425094122_0489_D:[3117.00610209 2179.94117474],[3119.80892967 2497.23048566],[2410.44818237 2456.56572813],[2407.23139203 2138.93903158]
DJI_20250425094118_0487_D:[3129.18704695 1412.15945534],[3133.52144133 1727.3160196 ],[2425.54481804 1685.34349042],[2423.45364797 1370.27866283]
DJI_20250425094244_0530_D:[2930.83972862 2267.4945773 ],[2930.28041347 1940.69261139],[3653.29236883 1988.60628883],[3653.37042657 2313.12348066]
DJI_20250425094242_0529_D:[2947.96899684 1897.73900944],[2946.87472188 1572.04825349],[3667.40308757 1622.40010401],[3669.40949798 1946.02021988]
DJI_20250425094124_0490_D:[3122.04940745 2552.07144655],[3123.81926661 2867.15664467],[2416.24660139 2827.09340357],[2412.70725408 2511.36623918]
DJI_20250425094116_0486_D:[3133.83438142 1035.25976582],[3139.07007474 1346.04130121],[2434.53450232 1304.05873421],[2432.78888424  993.55228881]
DJI_20250425094246_0531_D:[2912.2078702  2652.78958696],[2912.39336225 2327.34993723],[3635.72226106 2373.02329688],[3633.54955054 2695.91840877]
DJI_20250425094240_0528_D:[2959.15505442 1507.26554792],[2957.34124735 1184.6214381 ],[3674.60594228 1237.0994824 ],[3678.77582043 1557.91825022]
DJI_20250425093856_0416_D:[1465.63140288 1958.29714079],[1465.61557396 1654.79724511],[2138.4124548  1694.50154545],[2139.45549013 2001.24437378]