1
DJI_20250321091039_0428_D:[2203.63082587 2065.29851526],[2211.64087498 1786.73591541],[2832.64600692 1845.74401718],[2825.11961381 2124.92010917]
DJI_20250321091041_0429_D:[2186.47660232 2393.42258391],[2193.37009628 2111.37358828],[2822.86116457 2170.45124812],[2815.59013475 2452.92501063]
DJI_20250321091037_0427_D:[2227.82706985 1720.22054332],[2236.55375919 1445.35422499],[2850.79943337 1503.48929434],[2843.42334571 1779.1384749 ]
DJI_20250321091149_0463_D:[2440.14581982 1837.37637653],[2429.97378046 2115.68750328],[1814.35001533 2050.63139577],[1825.01720082 1773.89182634]
DJI_20250321091147_0462_D:[2453.280375   1525.41234382],[2442.53715148 1803.1626128 ],[1826.45939413 1739.04406685],[1838.56111356 1463.0668586 ]
DJI_20250321091151_0464_D:[2415.04394335 2212.51322835],[2404.62922961 2490.7270609 ],[1789.07094806 2422.42134026],[1798.9808279  2145.59299394]
DJI_20250321091043_0430_D:[2154.09017048 2715.63225696],[2160.74441146 2434.77908725],[2790.25686474 2495.55322542],[2782.30714326 2776.67925975]
DJI_20250321091035_0426_D:[2259.03696687 1374.47720148],[2268.19415995 1103.05816921],[2878.53289162 1160.00580986],[2871.60787759 1432.36983158]
DJI_20250321090807_0352_D:[3702.42804752 1958.60471412],[3697.21287341 2228.95772096],[3097.43436921 2177.33995668],[3102.68000558 1905.25192853]
DJI_20250321091145_0461_D:[2497.49364247 1160.60811268],[2486.99757688 1435.61734674],[1872.09197624 1374.4778021 ],[1884.96576508 1101.42789176]
2
DJI_20250321091151_0464_D:[3162.80336237 2053.23743256],[3152.11559127 2331.64043704],[2531.97158555 2266.23234829],[2542.60693002 1987.3647845 ]
DJI_20250321091149_0463_D:[3185.54299369 1677.54321464],[3176.31929912 1955.16197245],[2556.96659326 1890.51174899],[2567.11737454 1612.63912524]
DJI_20250321091419_0538_D:[2775.84296033 1996.72379097],[2787.7913448  1720.31797984],[3401.28643951 1789.65300469],[3389.91455941 2065.50967555]
DJI_20250321091421_0539_D:[2750.95094457 2330.50333778],[2763.23407591 2054.77072386],[3375.48056911 2123.57790316],[3362.8972627  2398.56336182]
DJI_20250321091147_0462_D:[3197.95962368 1367.76546655],[3189.22728104 1644.07131898],[2569.98922938 1578.29973617],[2580.51105291 1301.92348539]
DJI_20250321091153_0465_D:[3141.95320423 2401.18500555],[3130.28362443 2678.99414198],[2509.95223627 2613.68730595],[2520.68334621 2335.19969254]
DJI_20250321091417_0537_D:[2790.98102413 1667.34681026],[2802.73861644 1391.18255325],[3417.46928634 1461.41309341],[3407.18080688 1737.19384039]
DJI_20250321091423_0540_D:[2719.91430531 2666.51342182],[2732.26480639 2392.2158482 ],[3343.73552167 2459.96205445],[3330.18002613 2733.26421194]
DJI_20250321091037_0427_D:[1498.28648529 1885.82679565],[1507.75138272 1612.67186604],[2111.99747093 1668.65143813],[2103.47948577 1944.40345525]
DJI_20250321091039_0428_D:[1468.89217133 2229.84447952],[1476.50263525 1953.86617298],[2086.54263481 2012.99692225],[2078.96351023 2291.45850253]
3
DJI_20250321091037_0427_D:[2449.91512906 2183.70347024],[2457.81443973 1907.28692135],[3073.46472046 1966.65346948],[3065.71994664 2242.97183638]
DJI_20250321091035_0426_D:[2479.68012162 1834.84923587],[2487.76195045 1559.90204315],[3100.88285434 1619.10854192],[3093.83661386 1894.12324544]
DJI_20250321091039_0428_D:[2428.71753663 2532.16577041],[2436.14711987 2254.03618659],[3057.13342167 2313.21739069],[3048.94987232 2591.04522623]
DJI_20250321090809_0353_D:[3468.86993244 1815.5811087 ],[3464.1253586  2086.37645323],[2861.02498271 2033.62762054],[2866.18738133 1761.81690768]
DJI_20250321091033_0425_D:[2506.08726347 1539.29634425],[2514.13266488 1265.87109411],[3126.29322501 1324.72359439],[3120.05784532 1598.34446652]
DJI_20250321090811_0354_D:[3451.082017   2143.52068277],[3445.67363285 2414.08890843],[2842.95397568 2363.86084355],[2847.93470737 2092.10183281]
DJI_20250321090807_0352_D:[3480.22818474 1507.36147722],[3476.58502272 1777.06134293],[2874.11599283 1723.07702852],[2878.96944052 1452.49485236]
DJI_20250321091151_0464_D:[2196.70705334 1743.39060325],[2185.66874836 2021.11036696],[1575.03566047 1955.44032148],[1586.8003654  1680.00864855]
DJI_20250321091041_0429_D:[2415.86101983 2862.99653869],[2422.42528332 2583.40372345],[3050.40250839 2641.54483055],[3042.14461752 2920.58659588]
DJI_20250321091153_0465_D:[2173.93512088 2089.11290098],[2163.25222087 2367.44950403],[1551.82100249 2298.4427119 ],[1562.33512618 2022.23340716]
4
DJI_20250321091153_0465_D:[2650.51890237 1900.15403748],[2639.64572235 2179.12098115],[2020.45787754 2112.05804774],[2031.70640612 1834.08717426]
DJI_20250321091035_0426_D:[2011.92177738 2026.57405382],[2020.30661765 1751.90458611],[2632.23836733 1810.28602975],[2624.41046001 2086.09269608]
DJI_20250321091151_0464_D:[2671.68419637 1554.5714365 ],[2661.15333991 1832.04435305],[2043.57271988 1766.89822158],[2055.3372695  1490.60216194]
DJI_20250321091033_0425_D:[2037.8981777  1731.80494233],[2046.8687199  1457.87524981],[2658.57660734 1514.71697637],[2650.93293276 1789.92505432]
DJI_20250321091037_0427_D:[1981.77150659 2374.44135076],[1989.25127766 2099.21739366],[2602.87933888 2159.1359855 ],[2595.06639597 2435.34476616]
DJI_20250321091155_0466_D:[2616.17008254 2248.43781624],[2605.05106763 2526.65949792],[1987.13639815 2457.97320162],[1997.73746313 2180.57772232]
DJI_20250321091149_0463_D:[2694.65344816 1184.41586874],[2684.87524514 1458.83522879],[2069.65484355 1396.58450086],[2081.6433815  1123.55152592]
DJI_20250321091031_0424_D:[2064.72986251 1384.58881154],[2074.10762509 1112.87645805],[2684.73265558 1167.28472822],[2677.60464274 1440.44937682]
DJI_20250321091039_0428_D:[1958.31591469 2722.29487296],[1964.57096025 2446.33081129],[2582.74766605 2507.47763487],[2575.22380297 2784.27501004]
DJI_20250321091157_0467_D:[2592.52644907 2574.43189312],[2581.75913049 2852.69024652],[1961.1474376  2783.40401394],[1970.5037998  2505.81162653]
5
DJI_20250321091153_0465_D:[3202.75932788 1756.00907865],[3192.55637856 2034.90000843],[2570.88099142 1968.28349785],[2581.85543248 1689.055014  ]
DJI_20250321091155_0466_D:[3168.87677855 2104.94843217],[3157.59117761 2383.81350505],[2536.4433182  2317.26374554],[2547.60742246 2037.87845159]
DJI_20250321091415_0536_D:[2786.02012553 1975.43333586],[2798.00939474 1696.65221706],[3416.54916483 1766.62838704],[3405.22413396 2044.77336107]
DJI_20250321091417_0537_D:[2727.24768172 2310.17435122],[2739.48566622 2031.96003795],[3357.31293086 2101.14532506],[3344.85055152 2378.65739935]
DJI_20250321091151_0464_D:[3220.98832981 1411.11873972],[3211.92604816 1687.80898829],[2592.47575949 1621.44567882],[2603.17300939 1344.60132054]
DJI_20250321091157_0467_D:[3148.65770371 2430.12936417],[3136.90905471 2709.71120817],[2512.41263993 2644.24737616],[2523.16108928 2363.9200408 ]
DJI_20250321091413_0535_D:[2799.46930299 1639.68476289],[2811.21874688 1362.74098703],[3427.75838123 1433.33072716],[3417.54989775 1709.85186191]
DJI_20250321091419_0538_D:[2712.09508968 2635.87595835],[2724.35187373 2360.12937613],[3338.87495696 2428.11652103],[3325.51042783 2702.95043469]
DJI_20250321091033_0425_D:[1500.32001669 1880.4911928 ],[1509.69506316 1607.30011401],[2114.06317821 1662.94813474],[2105.65554743 1938.75027728]
DJI_20250321091035_0426_D:[1475.79350292 2173.30852709],[1483.83568537 1900.00537587],[2087.8116441  1958.63103574],[2079.93370325 2234.40346476]
6
DJI_20250321091415_0536_D:[2193.11890107 2139.07604142],[2205.46800007 1860.80381109],[2825.28707223 1930.00654599],[2813.14394591 2209.06996603]
DJI_20250321091413_0535_D:[2207.32479347 1803.68728218],[2220.27996837 1526.49854789],[2838.61084252 1594.58913316],[2826.7173624  1872.79139943]
DJI_20250321091539_0578_D:[2480.71998596 1812.53984505],[2467.75352835 2093.2765028 ],[1846.44430004 2021.78829836],[1860.00158284 1742.50672031]
DJI_20250321091417_0537_D:[2137.10066455 2471.46575927],[2148.79276733 2194.66585783],[2766.46173728 2264.83837199],[2754.10225797 2542.35703931]
DJI_20250321091537_0577_D:[2510.02137515 1479.03262119],[2496.87782434 1758.84109529],[1875.43692761 1688.94558909],[1890.07404645 1410.80912911]
DJI_20250321091541_0579_D:[2437.99698321 2150.50562596],[2424.96864671 2431.29476955],[1803.84742084 2357.48952406],[1816.55788084 2077.99861513]
DJI_20250321091412_0534_D:[2224.13489012 1478.34680486],[2237.68257881 1202.4107447 ],[2856.13825473 1269.51487724],[2844.50008046 1546.66410267]
DJI_20250321091419_0538_D:[2126.50305566 2793.86251524],[2137.35421851 2520.30983848],[2751.07496072 2590.94095646],[2738.68609459 2865.00869615]
DJI_20250321091535_0576_D:[2547.51571401 1159.9412872 ],[2534.1334959  1437.18026526],[1914.20795393 1368.62655736],[1929.95380332 1093.27242393]
DJI_20250321091155_0466_D:[3753.18333327 1938.94744542],[3742.71451986 2215.87050543],[3129.72861372 2150.50168542],[3140.50556803 1871.60235446]
7
DJI_20250321091541_0579_D:[2913.01457955 1991.34690942],[2899.91093339 2272.32434119],[2274.7735155  2200.27647653],[2288.03409474 1919.45464175]
DJI_20250321091539_0578_D:[2954.44074894 1653.6315699 ],[2942.12662839 1933.76988024],[2317.66981583 1862.64840994],[2331.0279125  1582.83757089]
DJI_20250321091544_0580_D:[2875.25010494 2343.5162383 ],[2861.50772504 2623.74726177],[2236.97746625 2550.95958156],[2249.94561521 2270.71724065]
DJI_20250321091537_0577_D:[2982.77980979 1321.52186655],[2971.00761885 1599.9703494 ],[2347.06742546 1529.09084495],[2360.77902986 1251.17801178]
DJI_20250321091413_0535_D:[1742.70413418 1962.46101765],[1755.78315425 1686.26800586],[2368.65728083 1753.61800809],[2356.19785757 2031.92442279]
DJI_20250321091415_0536_D:[1728.88475634 2296.01426563],[1740.66661266 2019.46448834],[2354.53659752 2089.25166556],[2342.50331263 2367.70080816]
DJI_20250321091758_0647_D:[3002.73180949 2059.78152735],[3015.50197868 1777.33352968],[3638.474946  1850.0605381],[3626.16803602 2131.02458915]
DJI_20250321091412_0534_D:[1757.94349425 1638.71363493],[1772.28466123 1363.06645159],[2385.79888015 1428.10386239],[2372.92845132 1706.0849284 ]
DJI_20250321091800_0648_D:[2987.03966903 2407.6739115 ],[3000.4736064  2126.00374601],[3622.33434294 2197.06770373],[3608.43624268 2477.03580045]
DJI_20250321091756_0646_D:[3027.88952615 1738.39913445],[3039.8248096  1457.71708543],[3660.08873546 1531.38966808],[3649.48181328 1810.73180487]
8
DJI_20250321091758_0647_D:[2533.61455787 2218.56373086],[2546.76497973 1935.74741186],[3175.55189966 2007.89450645],[3162.41474659 2290.37322273]
DJI_20250321091756_0646_D:[2560.15781671 1896.81820907],[2573.1319258  1615.02070745],[3199.97541502 1686.77504142],[3187.85640291 1968.38388336]
DJI_20250321091541_0579_D:[3376.60894757 1834.34432697],[3364.18278179 2114.39293529],[2741.07152809 2042.93861676],[2754.09707464 1761.93581785]
DJI_20250321091544_0580_D:[3340.24445978 2185.83665963],[3326.43581846 2465.9516934 ],[2703.06947827 2395.1917445 ],[2716.54481259 2113.94124394]
DJI_20250321091800_0648_D:[2519.37546019 2565.35883477],[2532.49602295 2284.08820775],[3159.53239423 2355.99818976],[3145.52289328 2636.7102896 ]
DJI_20250321091754_0645_D:[2588.37644495 1551.4897367 ],[2601.6566007  1272.22694932],[3225.26592131 1344.73046194],[3213.71223322 1623.98128933]
DJI_20250321091539_0578_D:[3415.64246529 1498.26922961],[3404.72827193 1776.69851493],[2783.10835503 1704.81361242],[2795.51931293 1425.59916501]
DJI_20250321091546_0581_D:[3328.15516795 2545.97936356],[3313.14135189 2824.81488501],[2690.11689265 2755.46309857],[2703.81731282 2475.1906469 ]
DJI_20250321091802_0649_D:[2480.55554298 2878.70483301],[2493.65482521 2599.17504761],[3120.51996769 2671.218916  ],[3105.66022125 2949.99568155]
DJI_20250321091537_0577_D:[3441.99044187 1168.93532805],[3432.35158381 1444.88607317],[2811.9226197  1371.90245201],[2823.97694788 1095.34957127]
9
DJI_20250321091159_0468_D:[3064.87478324 1902.35130386],[3054.10860853 2184.63785083],[2425.3140273  2117.35463797],[2436.49026791 1834.93356392]
DJI_20250321091157_0467_D:[3098.48362221 1560.06006337],[3088.57746033 1839.32418916],[2464.75176264 1772.48059205],[2475.98135886 1493.27815778]
DJI_20250321091201_0469_D:[3038.28104088 2249.70655026],[3026.91488843 2532.71502962],[2395.94470803 2465.6828739 ],[2406.76184576 2182.33644604]
DJI_20250321091412_0534_D:[2860.67090349 2180.38758877],[2872.91064043 1901.10529598],[3491.40344711 1970.93248593],[3479.25296923 2249.21187405]
DJI_20250321091409_0533_D:[2903.34946065 1846.60548193],[2915.14951851 1567.57670457],[3533.37241493 1638.5521247 ],[3522.55840073 1916.67630399]
DJI_20250321091155_0466_D:[3117.88689632 1245.01637265],[3108.45694902 1520.02408298],[2490.57211775 1452.98673781],[2502.13156458 1178.22209332]
DJI_20250321091413_0535_D:[2842.36305755 2503.91020432],[2854.7892188  2226.15364328],[3471.20729587 2294.4364599 ],[3458.01953262 2570.98346441]
DJI_20250321091203_0470_D:[3003.8420585 2589.4443956],[2991.92036484 2870.82002694],[2361.67916691 2804.13173222],[2372.07830769 2522.23001368]
DJI_20250321091029_0423_D:[1591.67855662 2065.33744614],[1599.87943446 1791.47993994],[2206.62991566 1848.58026196],[2198.89705415 2124.65499691]
DJI_20250321091407_0532_D:[2909.99277787 1518.97623355],[2921.44595047 1242.16697788],[3537.47787616 1314.22201926],[3527.8862538  1590.30734447]
10
DJI_20250321091409_0533_D:[2329.08725243 1989.1961282 ],[2341.66776541 1710.1693993 ],[2963.25617259 1779.54797935],[2951.24649072 2059.08206779]
DJI_20250321091412_0534_D:[2287.74293897 2321.72883504],[2299.90987275 2043.22041383],[2920.65248934 2113.1676176 ],[2908.18607792 2392.0739481 ]
DJI_20250321091407_0532_D:[2336.72016534 1661.29773192],[2349.75586678 1383.81450361],[2969.66110858 1452.59381795],[2958.04223077 1730.78276461]
DJI_20250321091413_0535_D:[2272.47754168 2643.25758333],[2284.04056476 2366.92808441],[2902.15529134 2436.95483384],[2889.46405452 2713.47924744]
DJI_20250321091546_0581_D:[2326.31219994 2010.34692341],[2312.76982006 2291.13894645],[1693.69789386 2216.83512155],[1707.30991569 1937.76675717]
DJI_20250321091544_0580_D:[2339.99976    1651.91652665],[2326.17307263 1931.60744712],[1708.57001191 1859.95312533],[1723.41287235 1582.21284272]
DJI_20250321091159_0468_D:[3636.27878128 1757.21895518],[3626.64809204 2037.38352579],[3004.4757741  1970.45263748],[3014.91726339 1688.70256972]
DJI_20250321091405_0531_D:[2376.97987971 1355.91456195],[2390.31374525 1080.74952081],[3008.52284085 1149.11022083],[2997.42707889 1425.08528792]
DJI_20250321091201_0469_D:[3613.61692347 2101.26186135],[3602.45893598 2382.88578168],[2977.46916033 2318.0295385 ],[2988.46274602 2034.58913159]
DJI_20250321091541_0579_D:[2378.09345767 1304.62485972],[2364.25896026 1582.12997046],[1747.86409818 1513.46755325],[1763.64578885 1238.08976928]
11
DJI_20250321091027_0422_D:[2069.13103908 2169.83818881],[2076.65683376 1895.07511272],[2689.03912505 1953.0741809 ],[2681.66746102 2228.7272844 ]
DJI_20250321091025_0421_D:[2073.72947076 1833.98466013],[2082.09047777 1560.389421  ],[2692.52711971 1617.20827658],[2685.15571174 1891.89909621]
DJI_20250321091201_0469_D:[2573.19094263 1793.63286904],[2562.14551351 2077.0824205 ],[1933.4794741  2009.39837994],[1945.19476542 1727.21582385]
DJI_20250321091203_0470_D:[2538.4473842  2133.29439659],[2527.47478579 2417.10798755],[1898.32880823 2347.90639713],[1909.02470344 2065.20830393]
DJI_20250321091159_0468_D:[2602.22083261 1449.77087778],[2591.14325838 1730.52774615],[1965.93505578 1664.48227071],[1978.61984338 1385.17076919]
DJI_20250321091029_0423_D:[2043.3324459 2503.1960858],[2050.18803687 2228.19882996],[2664.37010855 2287.6760112 ],[2656.84579212 2563.41778851]
DJI_20250321091023_0420_D:[2095.07314549 1504.66491575],[2104.08761063 1232.68905899],[2713.70356908 1288.05310477],[2706.53882288 1561.28887023]
DJI_20250321091205_0471_D:[2518.00420805 2478.72551917],[2507.1938575  2761.06373065],[1879.31007299 2690.50943057],[1888.91239637 2409.12594054]
DJI_20250321091157_0467_D:[2639.92274063 1114.67111086],[2629.11808999 1390.51706099],[2010.0640269 1326.7339818],[2023.37328931 1052.5135213 ]
DJI_20250321091031_0424_D:[2036.04166478 2822.47687068],[2041.90057904 2549.03431855],[2655.98958029 2609.09621152],[2648.61619958 2883.11043226]
12
DJI_20250321090821_0359_D:[2818.61537327 1878.3316687 ],[2812.95298657 2151.700611  ],[2204.20612105 2097.18220907],[2210.21651538 1824.37798671]
DJI_20250321090819_0358_D:[2831.93381378 1553.70546253],[2826.36330485 1825.94322831],[2218.60256682 1771.71708452],[2225.32111577 1500.19125611]
DJI_20250321090823_0360_D:[2794.14575679 2217.03151501],[2787.90802668 2490.5250365 ],[2178.56573752 2434.58195157],[2184.31697332 2161.51221539]
DJI_20250321090641_0309_D:[1866.83759114 2070.60249237],[1871.80347079 1808.01357968],[2456.50602457 1857.7750105 ],[2451.75245892 2121.53725297]
DJI_20250321090639_0308_D:[1865.18994914 1757.28634795],[1871.27337275 1496.22577454],[2453.33105759 1544.57086115],[2448.21447546 1806.99667959]
DJI_20250321090817_0357_D:[2859.01646212 1233.69399006],[2853.914799   1503.17023611],[2248.76809329 1450.02840119],[2255.81773035 1181.39746075]
DJI_20250321090643_0310_D:[1833.50411339 2392.91721359],[1837.57376585 2130.93985255],[2421.66612003 2182.43202948],[2417.0564997  2445.51780516]
DJI_20250321090825_0361_D:[2770.36522342 2567.50260974],[2763.64270486 2839.11455348],[2155.83515196 2782.0448866 ],[2161.16221488 2510.6849022 ]
DJI_20250321090637_0307_D:[1875.48289709 1453.6358097 ],[1882.96040375 1194.50909233],[2463.23821848 1242.03983229],[2457.48027663 1502.73401742]
DJI_20250321091025_0421_D:[3105.22499392 2133.70439593],[3112.42816678 1858.43769053],[3718.68906963 1917.14058644],[3711.66067483 2190.64335527]
13
DJI_20250321091023_0420_D:[2634.3427925  1939.25553327],[2641.75386552 1663.69890417],[3254.82633052 1722.46175787],[3248.13168866 1997.60283627]
DJI_20250321091025_0421_D:[2612.85527428 2270.16317381],[2620.32401437 1994.73687106],[3233.07128803 2053.01036219],[3225.46129748 2327.8672194 ]
DJI_20250321090821_0359_D:[3303.91335095 1740.87976993],[3298.91082726 2013.19639023],[2691.39834203 1959.06210669],[2697.06315769 1686.17140288]
DJI_20250321090823_0360_D:[3281.48253106 2078.66358564],[3275.21321637 2351.73201426],[2666.49756863 2297.61731361],[2672.59465574 2023.81960901]
DJI_20250321091021_0419_D:[2657.5123509  1607.54170437],[2664.47185878 1332.53845157],[3278.43958608 1391.0995128 ],[3273.07884422 1665.81737008]
DJI_20250321090819_0358_D:[3315.31368958 1418.64626939],[3311.06790876 1689.22547118],[2705.05517128 1634.01613643],[2710.77189306 1363.00508321]
DJI_20250321091027_0422_D:[2609.42386918 2606.65159403],[2616.77424103 2331.84115477],[3230.02103245 2389.23032924],[3221.66734787 2663.23325536]
DJI_20250321090825_0361_D:[3258.02181129 2429.21662637],[3250.5203552  2701.06456099],[2642.750231   2647.34345477],[2649.17569287 2374.56730356]
DJI_20250321091019_0418_D:[2663.44060122 1289.18458801],[2670.18433788 1016.07225289],[3284.049678   1074.74159992],[3279.75944884 1347.72165397]
DJI_20250321090817_0357_D:[3338.81391061 1101.50048786],[3335.71685161 1368.6851983 ],[2732.94577234 1313.19448211],[2738.32665729 1045.69435243]
14
DJI_20250321090639_0308_D:[2265.40817219 2177.22415248],[2270.25428911 1914.36209388],[2856.60088477 1965.0133558 ],[2851.70555126 2228.05698572]
DJI_20250321090637_0307_D:[2273.64750792 1872.20517971],[2279.38800963 1609.68167897],[2865.23635491 1660.95777791],[2860.18324945 1923.84174073]
DJI_20250321090641_0309_D:[2269.295007   2491.73534662],[2273.53612102 2228.95201672],[2861.18117837 2279.55698458],[2856.13446773 2542.3277547 ]
DJI_20250321090635_0306_D:[2305.94728813 1555.52117595],[2312.06549356 1294.93737096],[2895.73534372 1345.60022546],[2891.04824856 1606.71019979]
DJI_20250321090823_0360_D:[2376.0451928  1777.22189985],[2369.73055559 2050.72334326],[1764.94562728 1995.49097617],[1771.90329459 1723.74096227]
DJI_20250321090825_0361_D:[2352.58157949 2127.28666514],[2346.33907369 2400.81615529],[1741.79676642 2342.7985334 ],[1747.78263112 2070.86569816]
DJI_20250321090821_0359_D:[2401.4477867  1441.86050057],[2395.19424424 1713.48686549],[1792.13010141 1661.21875224],[1799.86314373 1391.48287463]
DJI_20250321090439_0248_D:[3672.65821607 1887.50613337],[3669.76512783 2160.53140241],[3063.29760871 2112.51029571],[3066.40703173 1837.83792262]
DJI_20250321090441_0249_D:[3647.92725145 2163.01133079],[3644.04313154 2435.63904383],[3038.08898072 2389.7387302 ],[3041.4996556  2115.35020879]
DJI_20250321090643_0310_D:[2235.61212567 2812.51198254],[2239.40325196 2551.88963782],[2825.61545182 2602.9329999 ],[2820.26213036 2863.46792854]
15
DJI_20250321090441_0249_D:[2937.11556697 1905.26539225],[2934.01521204 2179.97546742],[2321.36757315 2130.99666438],[2324.78072142 1856.54207729]
DJI_20250321090439_0248_D:[2961.88212122 1627.91399857],[2958.99213388 1902.22030962],[2346.15516252 1853.09125257],[2350.01506297 1579.13800824]
DJI_20250321090443_0250_D:[2928.22686668 2235.53648757],[2924.87896458 2509.29263868],[2313.82623528 2460.57159788],[2316.67184313 2186.9135007 ]
DJI_20250321090255_0196_D:[1770.27487214 2186.16854638],[1770.64220236 1914.53877583],[2375.4422964  1956.04212517],[2375.23870091 2229.26229096]
DJI_20250321090437_0247_D:[2971.91973105 1263.3108535 ],[2969.78321884 1535.86371561],[2357.24230689 1487.61135313],[2361.27087726 1215.59005387]
DJI_20250321090253_0195_D:[1781.42541677 1845.87293583],[1783.43656878 1576.05608452],[2384.66285612 1616.31561708],[2383.64225909 1887.8763525 ]
DJI_20250321090637_0307_D:[2958.58037842 2126.07322527],[2963.79029653 1862.91653447],[3545.63089426 1914.90846843],[3540.46609413 2176.67416191]
DJI_20250321090257_0197_D:[1762.72316496 2489.21059876],[1761.88722786 2217.43942524],[2368.348495   2260.63212255],[2368.56747796 2533.87768444]
DJI_20250321090445_0251_D:[2913.3811124  2562.50453909],[2909.78273286 2834.00201206],[2301.25199807 2785.60020333],[2303.51929257 2514.04421941]
DJI_20250321090635_0306_D:[2989.53854986 1808.34911822],[2994.28703194 1546.20022271],[3574.55171524 1599.69400478],[3570.61226464 1860.61634133]
16
DJI_20250321090603_0290_D:[2535.43158572 2116.22944003],[2539.94075828 1854.42390912],[3123.51450152 1904.1258065 ],[3119.12623224 2165.83627976]
DJI_20250321090601_0289_D:[2557.87498749 1820.22807989],[2562.59318632 1559.10148201],[3145.21645202 1609.13895319],[3141.29346533 1870.26612137]
DJI_20250321090605_0291_D:[2511.4889899  2430.50190293],[2515.90701516 2168.84494438],[3100.14097432 2218.58569324],[3095.13099617 2480.0169278 ]
DJI_20250321090513_0265_D:[3386.14574201 1765.26080482],[3382.97836125 2035.21401668],[2780.89676309 1985.44545499],[2784.69588898 1714.68282912]
DJI_20250321090515_0266_D:[3364.78830024 2080.27995684],[3360.49078014 2348.67131485],[2762.29667386 2299.92960905],[2766.43865182 2030.58862778]
DJI_20250321090559_0288_D:[2580.32817968 1507.52021507],[2585.08803027 1248.2016358 ],[3165.9496486  1298.25663823],[3162.68592078 1557.67898258]
DJI_20250321090511_0264_D:[3399.72831082 1432.03427865],[3397.82451396 1701.87190908],[2793.48101858 1651.17459375],[2796.88783759 1380.66716289]
DJI_20250321090517_0267_D:[3352.97410725 2399.96143566],[3347.6502465  2666.28911716],[2752.60369907 2618.82826641],[2756.97584578 2351.37461634]
DJI_20250321090607_0292_D:[2499.84408022 2725.15617837],[2504.22080877 2464.79423836],[3088.14462368 2514.67479322],[3082.46884067 2774.67726436]
DJI_20250321090859_0378_D:[2132.84050076 1870.92721524],[2126.45642138 2149.09241161],[1515.90271698 2092.28606686],[1522.79073676 1816.57599619]
17
DJI_20250321090859_0378_D:[3256.31820307 1766.34993808],[3250.95901    2044.69893454],[2629.91196795 1988.92723803],[2636.0031951  1710.14485421]
DJI_20250321090945_0401_D:[2674.26723364 1980.74996361],[2681.97628355 1706.25248709],[3292.11152727 1765.63606558],[3284.98495797 2039.56115708]
DJI_20250321090901_0379_D:[3244.143295   2102.40483384],[3237.46323131 2380.51055746],[2617.4414799 2324.5739649],[2623.96552252 2045.84563114]
DJI_20250321090947_0402_D:[2673.94065235 2296.85437073],[2681.53824276 2021.87285075],[3292.80878466 2080.2221164 ],[3284.97559472 2354.42751472]
DJI_20250321090857_0377_D:[3278.13275069 1423.07513855],[3273.7177253  1699.18175461],[2655.0269737  1642.82721853],[2661.0826181  1366.45030044]
DJI_20250321090943_0400_D:[2684.40040834 1652.7609169 ],[2691.86623848 1380.30355859],[3299.3184549 1439.8100669],[3293.26748945 1711.86814704]
DJI_20250321090903_0380_D:[3208.96001884 2421.63459476],[3201.47629851 2698.81637164],[2581.89336756 2643.48149837],[2588.39335921 2365.54436605]
DJI_20250321090949_0403_D:[2665.63475494 2622.73227263],[2673.2454633  2348.77074704],[3284.35394022 2406.19478691],[3275.66774449 2679.20775342]
DJI_20250321090855_0376_D:[3282.75860292 1111.73327411],[3279.24106714 1383.9504651 ],[2664.78359142 1327.41774855],[2670.76392946 1055.1056475 ]
DJI_20250321090941_0399_D:[2703.9475921 1337.6617897],[2711.19304801 1067.64285049],[3316.88412377 1127.46926235],[3311.88683466 1397.23361204]
18
DJI_20250321090517_0267_D:[3203.68871455 1977.01791144],[3199.59374579 2245.06284722],[2601.74243215 2195.48025232],[2605.96030381 1926.95413269]
DJI_20250321090515_0266_D:[3213.59826368 1655.68758924],[3210.34626713 1924.11707368],[2610.58924627 1873.98586325],[2614.75111441 1605.23018711]
DJI_20250321090559_0288_D:[2726.77728227 1920.93265093],[2731.32033358 1659.23207119],[3313.69460068 1709.79021368],[3309.67584669 1971.03799108]
DJI_20250321090601_0289_D:[2704.43299465 2234.80177744],[2709.06437513 1972.77822906],[3292.1550042  2022.72485494],[3287.34520305 2284.17857991]
DJI_20250321090519_0268_D:[3184.66344464 2285.96628083],[3179.69951391 2553.30934046],[2582.6445762  2504.02823885],[2586.98887389 2236.05388393]
DJI_20250321090513_0265_D:[3232.66826898 1339.82593441],[3230.40134697 1608.14943938],[2627.94945006 1557.67123542],[2631.92835978 1289.15501693]
DJI_20250321090557_0287_D:[2734.4124203  1616.10429208],[2738.95650056 1355.67357499],[3320.16674235 1406.97518129],[3316.83401071 1667.07790207]
DJI_20250321090603_0290_D:[2682.15227696 2530.21450638],[2686.69973629 2268.93771751],[3269.7395998 2317.98999  ],[3264.325907   2578.58134208]
DJI_20250321090521_0269_D:[3163.68463194 2604.70059741],[3158.4683013  2870.42090162],[2562.23168616 2822.93129356],[2566.01958917 2556.41521103]
DJI_20250321090555_0286_D:[2739.78980086 1306.09828705],[2744.14235986 1048.47929997],[3322.62780334 1099.93658543],[3320.24086216 1357.36720307]
19
DJI_20250321090903_0380_D:[2817.91432569 1963.94277454],[2811.40103128 2243.02966243],[2190.21370395 2185.6082868 ],[2196.99058566 1907.1244846 ]
DJI_20250321090901_0379_D:[2852.88988741 1644.92111171],[2846.72577664 1923.15716714],[2226.14390958 1866.54123755],[2233.37406865 1589.01077574]
DJI_20250321090905_0381_D:[2804.17818743 2290.6195651 ],[2797.47368596 2569.15812574],[2176.72717393 2511.27725912],[2182.84419905 2233.17278127]
DJI_20250321090559_0288_D:[1896.96883861 2037.21321274],[1901.98947757 1776.59189799],[2482.28768204 1825.65731228],[2477.58016994 2087.68662689]
DJI_20250321090859_0378_D:[2863.78302614 1310.80420566],[2858.41046896 1587.36198915],[2238.22375587 1532.48495445],[2245.54872226 1256.81614959]
DJI_20250321090557_0287_D:[1904.75220262 1733.2060227 ],[1910.75275994 1473.39290026],[2490.23897623 1521.00735305],[2485.23267769 1782.37141543]
DJI_20250321090601_0289_D:[1875.4075679  2349.28654387],[1879.49857746 2088.8657152 ],[2459.88393822 2139.55816725],[2455.40438546 2401.27770835]
DJI_20250321090943_0400_D:[3068.16328934 2104.93864482],[3075.50296603 1830.84541496],[3679.61701703 1889.87374547],[3672.51920963 2162.28412731]
DJI_20250321090907_0382_D:[2781.3257255  2618.11621618],[2774.61579279 2894.25885569],[2156.37398785 2836.36944317],[2161.61818645 2560.50697907]
DJI_20250321090555_0286_D:[1912.62066033 1423.84004251],[1919.50142762 1166.36407161],[2496.53793339 1211.86591289],[2491.39844742 1471.06674029]
20
DJI_20250321090557_0287_D:[2325.72189049 1974.25444083],[2330.7395156  1712.56870256],[2914.69807357 1762.6044473 ],[2910.08021153 2024.72340704]
DJI_20250321090559_0288_D:[2318.43516901 2279.20280244],[2322.95966297 2017.53783323],[2907.11955124 2067.7396712 ],[2902.32033655 2329.7000111 ]
DJI_20250321090555_0286_D:[2332.05157965 1662.35207676],[2337.41135569 1402.09506164],[2919.64773283 1451.36404346],[2915.42298115 1712.21310554]
DJI_20250321090601_0289_D:[2296.76905928 2591.57763059],[2300.84973173 2330.94375843],[2884.62071177 2381.48626596],[2879.56296036 2642.2940725 ]
DJI_20250321090903_0380_D:[2367.81525598 1704.22464155],[2360.88990853 1982.53933388],[1745.51549147 1925.93179406],[1753.39990308 1649.56540344]
DJI_20250321090905_0381_D:[2353.47706754 2030.06656683],[2346.95263387 2308.85968429],[1731.32418933 2250.23281749],[1737.9530345  1973.22944823]
DJI_20250321090519_0268_D:[3597.98197246 1918.80644332],[3594.06900366 2185.72526512],[3000.79353257 2136.45183136],[3004.93873406 1868.09516395]
DJI_20250321090901_0379_D:[2403.99017228 1387.26648531],[2396.87295802 1663.79730567],[1782.48184277 1609.44186077],[1791.37251787 1334.9685146 ]
DJI_20250321090553_0285_D:[2333.77059527 1361.03151891],[2339.49938865 1104.3845213 ],[2916.76065686 1152.69024969],[2912.8747801  1410.06826784]
DJI_20250321090517_0267_D:[3614.93166399 1611.52027225],[3612.450883   1877.72407613],[3019.48077126 1827.17989895],[3022.94941022 1559.6733852 ]
21
DJI_20250321090941_0399_D:[2619.80110842 2173.79417816],[2627.40073417 1898.69623648],[3239.09607863 1957.36082238],[3231.60141502 2231.89131904]
DJI_20250321090905_0381_D:[3277.92913085 1897.17263162],[3271.83356512 2175.99072129],[2650.27090489 2119.49488081],[2656.78590112 1840.12276436]
DJI_20250321090939_0398_D:[2636.87691712 1854.22434472],[2644.27168096 1579.74485128],[3255.21915561 1638.51927132],[3248.74643468 1912.59403354]
DJI_20250321090903_0380_D:[3290.0730783  1572.19557198],[3284.85537009 1849.89639741],[2664.1186661  1792.67348946],[2670.6052509  1514.58813231]
DJI_20250321090907_0382_D:[3254.97422112 2225.40390631],[3248.16001455 2503.55295517],[2627.69699437 2448.27656546],[2634.06435738 2169.41090742]
DJI_20250321090943_0400_D:[2599.97550844 2489.94968516],[2607.58213431 2215.77317184],[3218.50715886 2273.82222059],[3210.18303898 2547.25302911]
DJI_20250321090937_0397_D:[2679.33845891 1524.47129728],[2686.39961187 1251.6264349 ],[3296.09683239 1310.60466202],[3290.78631464 1583.1272529 ]
DJI_20250321090901_0379_D:[3322.20465409 1256.8139959 ],[3318.03983532 1532.00562027],[2699.41141767 1474.34984877],[2705.66045626 1198.86379444]
DJI_20250321090909_0383_D:[3233.64402981 2556.87005925],[3226.13953886 2832.77836639],[2608.11713006 2778.97448831],[2614.26663518 2502.1428582 ]
DJI_20250321090945_0401_D:[2589.34495681 2817.60955506],[2597.00952577 2544.86356512],[3208.05499444 2602.40335873],[3198.80022713 2874.18306996]
22
DJI_20250321090907_0382_D:[2853.90090797 1972.72705989],[2847.59956752 2251.95752261],[2225.87345165 2195.01471288],[2232.429311   1916.30245178]
DJI_20250321090905_0381_D:[2876.57771418 1643.79547723],[2870.45810822 1922.68752975],[2248.25721178 1865.92995259],[2255.48455682 1587.7056104 ]
DJI_20250321090909_0383_D:[2833.66902428 2306.19412364],[2827.24666229 2584.2638088 ],[2207.2191536  2527.31882131],[2213.0092333  2249.59089389]
DJI_20250321090903_0380_D:[2889.54559003 1319.82346663],[2883.77192248 1596.6001848 ],[2263.10258557 1540.51924065],[2270.82620099 1264.57812302]
DJI_20250321090555_0286_D:[1845.35824243 2026.76018718],[1850.54323498 1766.04526763],[2430.68093553 1815.27929269],[2425.82378563 2077.52032434]
DJI_20250321090557_0287_D:[1839.59075763 2337.9145021 ],[1843.78433404 2077.17335911],[2424.65230655 2128.28697973],[2420.03894901 2390.39912627]
DJI_20250321090553_0285_D:[1849.18433906 1722.90481441],[1855.35533857 1464.43979412],[2431.51169872 1511.6205    ],[2426.38962095 1771.74434535]
DJI_20250321090939_0398_D:[3032.57519561 2105.50240829],[3039.72481381 1830.41872666],[3646.61716942 1889.11569281],[3639.72350483 2162.60189593]
DJI_20250321090911_0384_D:[2813.30672729 2623.17714336],[2806.3765283  2899.50680415],[2187.39561788 2841.62456571],[2192.82350963 2565.45889994]
DJI_20250321090941_0399_D:[3014.90527667 2424.88714234],[3022.76434341 2150.14508572],[3629.74101355 2207.37029439],[3621.29228387 2480.32878326]
23
DJI_20250321090553_0285_D:[2516.77526688 1957.82508139],[2521.66546774 1697.46051074],[3102.16906122 1747.66871662],[3097.73182929 2008.01906338]
DJI_20250321090555_0286_D:[2516.84142429 2264.0384089 ],[2521.57342333 2002.23820436],[3105.40618099 2052.56578256],[3100.40555903 2314.19813836]
DJI_20250321090523_0270_D:[3367.44911233 1937.56143087],[3363.73302373 2205.53818354],[2766.49159541 2156.73175537],[2770.3937397 1887.8595828]
DJI_20250321090551_0284_D:[2552.74403178 1651.00541508],[2556.65082664 1392.33723063],[3134.89117118 1440.23265223],[3132.14712218 1698.92810805]
DJI_20250321090521_0269_D:[3386.91370231 1622.07351403],[3384.25318081 1889.20467546],[2787.67028008 1839.42509042],[2791.31983488 1571.5486315 ]
DJI_20250321090557_0287_D:[2511.14590298 2575.7520026 ],[2515.74030026 2314.7821991 ],[3099.58270123 2364.96296754],[3093.97198774 2625.58768574]
DJI_20250321090525_0271_D:[3346.01410976 2257.63483488],[3341.11787149 2525.252036  ],[2744.02278314 2477.13904722],[2748.30838654 2208.46633785]
DJI_20250321090519_0268_D:[3405.71601758 1307.50988123],[3403.68480345 1572.33280706],[2809.24274026 1520.69585223],[2813.04541798 1255.25057258]
DJI_20250321090549_0283_D:[2547.25650245 1346.44860911],[2551.49196222 1089.28715786],[3129.54206966 1137.72994731],[3127.19480711 1395.03459662]
DJI_20250321090907_0382_D:[2138.87957301 1718.07395979],[2131.89057544 1995.60990853],[1522.27489299 1939.60328012],[1530.20945856 1664.62407836]
24
DJI_20250321090909_0383_D:[2851.20056687 1875.36347273],[2845.16520483 2153.55712498],[2225.60063616 2097.32869517],[2232.13219934 1819.70641918]
DJI_20250321090907_0382_D:[2871.12449563 1543.08424931],[2865.28188654 1820.60193361],[2245.38936408 1764.61889441],[2252.60188714 1487.84575809]
DJI_20250321090911_0384_D:[2831.74447288 2192.13871478],[2825.13647162 2470.39640992],[2205.2808693  2412.98790749],[2211.55155107 2135.13415735]
DJI_20250321090553_0285_D:[1834.82911185 2123.796693  ],[1839.74445593 1864.73067604],[2416.13791529 1914.322567  ],[2411.33864388 2174.84948113]
DJI_20250321090551_0284_D:[1872.13608926 1820.80886266],[1876.95082189 1562.66619462],[2452.22714823 1608.17589846],[2448.2489602  1867.82199396]
DJI_20250321090905_0381_D:[2893.36455157 1217.57614903],[2887.78567825 1492.97171381],[2268.73636163 1437.3760674 ],[2276.54043135 1162.87561168]
DJI_20250321090913_0385_D:[2802.01823562 2523.84949351],[2795.04865003 2800.7724985 ],[2175.94450225 2742.61661349],[2181.68745104 2465.93353863]
DJI_20250321090555_0286_D:[1832.56096106 2428.64942617],[1836.44596443 2168.83740162],[2415.69154384 2220.29268068],[2411.1894637  2481.44317591]
DJI_20250321090937_0397_D:[3055.46188725 2200.5573605 ],[3062.59548406 1925.5240357 ],[3669.01912829 1983.24806054],[3661.86203331 2256.54903752]
DJI_20250321090549_0283_D:[1865.19580602 1516.8149237 ],[1871.18840971 1259.51781641],[2446.71740306 1303.76231494],[2442.28418847 1562.71910355]
25
DJI_20250321090911_0384_D:[3157.18861498 1984.02037963],[3150.85016571 2262.29758946],[2530.43978374 2205.94858437],[2536.96526636 1927.35992646]
DJI_20250321090909_0383_D:[3175.21038409 1668.05830262],[3169.90644962 1945.40694651],[2550.46776865 1889.41369561],[2556.78832953 1611.92514148]
DJI_20250321090935_0396_D:[2746.13750847 2055.62474886],[2753.21477543 1780.90099224],[3363.09110345 1838.91402881],[3356.3462654 2112.8089442]
DJI_20250321090913_0385_D:[3128.27705303 2315.77868286],[3121.0807716  2593.65157927],[2500.63460705 2537.44818109],[2507.14160967 2259.0851228 ]
DJI_20250321090933_0395_D:[2749.73295146 1752.22531327],[2756.43001025 1479.13199439],[3363.95880118 1537.26973644],[3358.34109369 1809.726168  ]
DJI_20250321090937_0397_D:[2732.85746823 2405.32918387],[2740.16297449 2130.22672052],[3351.5551458  2187.40897579],[3343.72398987 2461.47692369]
DJI_20250321090907_0382_D:[3194.27663674 1337.68382321],[3189.66131874 1613.43155105],[2570.6241792 1556.8142591],[2577.13949999 1281.08938217]
DJI_20250321090931_0394_D:[2753.69526992 1426.45222447],[2760.16262718 1156.61962846],[3363.48054872 1215.05352651],[3358.84344204 1484.42478113]
DJI_20250321090939_0398_D:[2689.5447995  2732.52143734],[2697.06876913 2459.34644447],[3307.149239   2515.78816534],[3298.26677979 2787.80035983]
DJI_20250321090915_0386_D:[3129.84519007 2636.97627166],[3122.14876664 2912.50542991],[2503.90502093 2857.64937377],[2510.03376023 2581.38293079]
26
DJI_20250321090911_0384_D:[2824.15667073 1748.59843465],[2817.90380343 2027.19271426],[2197.2239112  1970.43707222],[2204.29741741 1692.55534554]
DJI_20250321090913_0385_D:[2795.02788116 2080.35103367],[2788.36011467 2359.50916023],[2167.03273418 2301.68949038],[2173.65700245 2023.08648444]
DJI_20250321090909_0383_D:[2842.71702518 1433.87344845],[2837.07287148 1710.62398252],[2218.00673001 1655.36882368],[2225.29653968 1379.49493416]
DJI_20250321090549_0283_D:[1872.95287107 1929.31282058],[1877.67913545 1669.53042585],[2456.26699035 1716.4445419 ],[2452.13350454 1977.62790886]
DJI_20250321090551_0284_D:[1881.69205113 2233.05295401],[1885.27233064 1973.95126489],[2462.45809266 2021.84724985],[2458.76251667 2282.21354566]
DJI_20250321090915_0386_D:[2797.38942325 2403.54500914],[2790.69631433 2681.36672953],[2170.71365669 2623.63142458],[2176.50510885 2346.14886446]
DJI_20250321090547_0282_D:[1879.34649244 1610.1421817 ],[1884.88267634 1349.45665731],[2467.34281751 1394.46404746],[2463.18761874 1656.71250701]
DJI_20250321090553_0285_D:[1844.27373901 2535.99136589],[1847.88026871 2277.49911647],[2425.05163344 2329.37557968],[2420.59593457 2589.09599927]
DJI_20250321090907_0382_D:[2862.31957421 1104.71386132],[2856.91501512 1378.8937655 ],[2238.91451462 1324.21881292],[2246.85455685 1051.0945808 ]
DJI_20250321090933_0395_D:[3077.8140973  1984.59215968],[3084.30190251 1710.65103495],[3688.3074973  1768.88882707],[3682.29291617 2041.19524342]
27
DJI_20250321090549_0283_D:[2566.26612499 2159.38955298],[2570.26175657 1897.88517947],[3152.85888835 1946.44274252],[3148.8663975  2207.62168234]
DJI_20250321090547_0282_D:[2578.3444829 1839.579043 ],[2582.22041301 1576.30733605],[3169.23089619 1625.11828878],[3166.12141302 1888.16777023]
DJI_20250321090527_0272_D:[3310.69383964 1743.94139152],[3307.20613717 2012.66103351],[2707.57484605 1962.46260138],[2711.70568955 1693.08409403]
DJI_20250321090529_0273_D:[3285.15238182 2087.94090472],[3280.65685081 2356.62436728],[2681.50719596 2307.27894097],[2685.82020864 2037.79834606]
DJI_20250321090551_0284_D:[2572.64992794 2462.91288642],[2576.34578076 2202.87015292],[3156.90362621 2250.42355862],[3152.50529258 2510.01144168]
DJI_20250321090525_0271_D:[3324.76173878 1421.90461373],[3322.28868207 1688.7795228 ],[2724.34263232 1637.89738191],[2728.28097128 1370.50602466]
DJI_20250321090545_0281_D:[2586.15900714 1531.06524158],[2589.83910445 1269.03548559],[3176.34514765 1317.59791091],[3174.1744123  1579.52043853]
DJI_20250321090531_0274_D:[3272.83050948 2409.45930799],[3267.42267926 2676.27897959],[2670.89950208 2627.98691617],[2675.3367204  2360.19694385]
DJI_20250321090553_0285_D:[2533.82618331 2769.45049475],[2538.39065778 2510.71474158],[3119.01435201 2560.33102465],[3113.01065319 2818.53055732]
DJI_20250321090523_0270_D:[3342.51849075 1107.05946527],[3341.28872906 1370.95633545],[2745.6617369  1319.92412687],[2749.15300481 1055.62977666]
28
DJI_20250321090915_0386_D:[3099.94212223 2010.39009988],[3093.5677972  2289.23167578],[2471.8989266  2232.78687069],[2478.39509741 1953.74846301]
DJI_20250321090913_0385_D:[3097.27594028 1687.68547454],[3091.3470268  1966.23401955],[2469.44290772 1909.11428987],[2476.34106351 1630.58543426]
DJI_20250321090931_0394_D:[2783.67116467 2041.03899622],[2790.47968669 1767.61424877],[3397.21843415 1824.94132658],[3390.67030753 2097.4584053 ]
DJI_20250321090917_0387_D:[3073.0992021  2347.99127939],[3065.81966256 2626.88139111],[2442.92958024 2570.03925909],[2449.42809232 2290.79868797]
DJI_20250321090911_0384_D:[3124.3443199  1358.83973225],[3119.31517269 1635.14163016],[2499.39321928 1578.40278489],[2506.25245198 1302.27449453]
DJI_20250321090933_0395_D:[2779.41040444 2370.76000942],[2786.4567362  2096.41083587],[3395.70530324 2152.88401249],[3388.15143343 2426.11150142]
DJI_20250321090929_0393_D:[2785.71272591 1709.3520171 ],[2792.26513577 1438.36105737],[3394.95028284 1496.24304657],[3389.41384986 1766.52282334]
DJI_20250321090935_0396_D:[2775.03659944 2674.51287095],[2782.47535242 2400.83448689],[3392.36006595 2456.59171168],[3383.63486276 2728.91179739]
DJI_20250321090547_0282_D:[1600.40840959 1981.98828658],[1605.02241644 1720.64952139],[2184.52304714 1767.13928167],[2180.42961003 2030.50237115]
DJI_20250321090927_0392_D:[2787.33527426 1392.19292697],[2796.34071595 1123.91495862],[3395.66089856 1188.28136501],[3388.43850907 1456.04333997]
29
DJI_20250321090545_0281_D:[2266.57284433 1914.23723065],[2270.56089753 1650.13069393],[2860.15382015 1697.73890264],[2856.79781755 1962.29164758]
DJI_20250321090547_0282_D:[2259.19418342 2222.50818374],[2262.96193072 1958.61995492],[2851.92501128 2007.17025875],[2848.0554071  2271.37736571]
DJI_20250321090543_0280_D:[2281.12576658 1603.77536773],[2286.10824208 1341.40311765],[2873.57493817 1389.67670205],[2869.94788882 1652.61875335]
DJI_20250321090549_0283_D:[2250.35829621 2537.62587706],[2253.8135013  2277.00743558],[2837.13249725 2326.02075582],[2832.82869864 2586.83616099]
DJI_20250321090915_0386_D:[2396.2265807 1750.2061803],[2389.50023606 2029.16932555],[1772.3729664  1972.43069026],[1779.93616508 1695.28782862]
DJI_20250321090917_0387_D:[2366.89324544 2086.52462456],[2360.24803597 2366.55673109],[1741.55353896 2307.01502912],[1748.13329297 2028.69642118]
DJI_20250321090913_0385_D:[2394.64193332 1427.83047705],[2387.40578734 1705.45296354],[1771.06743423 1650.4130179 ],[1780.00066106 1374.83718351]
DJI_20250321090531_0274_D:[3595.76103433 2021.1202349 ],[3591.39562885 2288.56918649],[2997.03707176 2239.8481459 ],[3001.35283078 1970.86446854]
DJI_20250321090529_0273_D:[3607.00406562 1699.46652396],[3604.01423681 1967.21120756],[3008.19901407 1916.72363602],[3011.94123029 1647.59656218]
DJI_20250321090541_0279_D:[2401.50539773 1249.04377215],[2454.6123637  993.215345 ],[3024.34275983 1147.55178379],[2973.10668658 1404.52659456]
30
DJI_20250321090929_0393_D:[2567.52266916 2112.83351863],[2574.4013808  1840.02406599],[3181.62906969 1896.80595047],[3174.76006451 2169.20063776]
DJI_20250321090927_0392_D:[2565.83615222 1790.69429533],[2575.47708815 1519.07286776],[3180.40249716 1582.0493767 ],[3171.52506777 1853.46003647]
DJI_20250321090917_0387_D:[3297.4048004  1933.24300946],[3291.01027032 2213.36833125],[2666.6727969  2156.38749993],[2673.37601845 1875.60349907]
DJI_20250321090915_0386_D:[3321.59008093 1597.41735385],[3316.47725984 1875.65695903],[2694.81708421 1818.61474976],[2701.13030852 1539.85917981]
DJI_20250321090931_0394_D:[2564.30408386 2447.01744105],[2571.1526669  2173.32834942],[3181.39939306 2229.89921296],[3173.79006363 2502.96096759]
DJI_20250321090919_0388_D:[3251.16660272 2284.38088828],[3243.88566703 2564.50272279],[2618.75721497 2508.43379388],[2625.42384679 2227.52554246]
DJI_20250321090925_0391_D:[2912.27714354 1572.42110842],[3095.11744188 1369.75208732],[3521.44450257 1810.55950899],[3339.69534636 2014.18469746]
DJI_20250321090913_0385_D:[3317.59467403 1277.08806967],[3313.25745671 1553.3086745 ],[2692.56290136 1495.25165686],[2698.96460911 1218.71744907]
DJI_20250321090923_0390_D:[3280.0146034  1672.92724224],[3556.40826467 1686.73455134],[3486.69813645 2306.48801188],[3209.56171476 2294.33193516]
DJI_20250321090921_0389_D:[3367.97731259 2327.74600306],[3462.93648799 2589.01468164],[2863.77155676 2767.02180185],[2767.1808628  2505.38936853]
31
DJI_20250321090509_0263_D:[2660.76528095 1920.21327793],[2656.83687024 2193.03637635],[2050.12468859 2142.34309597],[2054.36825635 1870.41574556]
DJI_20250321090225_0181_D:[2046.65420706 1990.74135301],[2048.61816889 1718.72527503],[2655.77085394 1762.48725613],[2654.27543157 2035.62872603]
DJI_20250321090507_0262_D:[2679.08022156 1589.19734201],[2675.13093198 1861.13528318],[2068.9705733  1811.33260017],[2074.04246997 1540.43022155]
DJI_20250321090227_0182_D:[2007.45725751 2319.36210571],[2008.33095327 2047.61668151],[2615.20983045 2092.04769239],[2614.01076349 2364.84404793]
DJI_20250321090223_0180_D:[2038.11686534 1685.63600736],[2040.81330291 1413.85953312],[2648.7242087  1456.27375084],[2647.24334163 1729.37586365]
DJI_20250321090511_0264_D:[2633.57796449 2243.85796573],[2629.72822885 2515.63197914],[2024.96251786 2464.20527468],[2028.3392196  2193.23325546]
DJI_20250321090505_0261_D:[2705.25268444 1245.54828749],[2701.47743816 1514.78880703],[2097.67854064 1466.30948426],[2103.40298702 1198.22465656]
DJI_20250321090229_0183_D:[1996.26725449 2626.63968419],[1996.23277173 2357.07635717],[2600.40398195 2402.33869977],[2599.35941289 2672.81790901]
DJI_20250321090221_0179_D:[2033.0881896 1354.842928 ],[2036.30402572 1086.08199639],[2640.92152597 1125.87382942],[2639.77362892 1396.1468474 ]
DJI_20250321090513_0265_D:[2621.25982889 2574.2533698 ],[2617.31193485 2842.65361765],[2017.44365806 2790.33724115],[2020.06326894 2522.57523557]
32
DJI_20250321090609_0293_D:[2600.79744951 2014.68334078],[2605.26942545 1753.6030562 ],[3187.05810184 1803.21916646],[3182.96303673 2064.16081957]
DJI_20250321090611_0294_D:[2589.19899696 2323.8803139 ],[2593.36139764 2062.7328384 ],[3175.68815897 2111.57851283],[3171.21008077 2372.45361762]
DJI_20250321090507_0262_D:[3328.7668649  1840.82050601],[3325.24753708 2112.50095268],[2719.35821698 2062.61613415],[2723.30762987 1790.19588614]
DJI_20250321090607_0292_D:[2618.35075612 1701.44687106],[2623.01155273 1440.90170843],[3204.81953756 1491.15731497],[3201.24739776 1751.65879201]
DJI_20250321090509_0263_D:[3311.3269498  2171.29991738],[3306.96858533 2442.90326785],[2701.10795993 2394.26200186],[2705.07668059 2121.76314065]
DJI_20250321090505_0261_D:[3352.04605353 1496.01661036],[3349.56717275 1765.94610413],[2745.64404706 1715.20675301],[2749.38550093 1444.65326261]
DJI_20250321090613_0295_D:[2568.91843212 2632.75683285],[2573.09570137 2372.7462733 ],[3154.87080421 2421.49414088],[3149.67228199 2681.07420582]
DJI_20250321090605_0291_D:[2629.69802866 1407.41680819],[2634.18987543 1149.21857515],[3213.57929846 1199.17474361],[3210.86848242 1457.4240882 ]
DJI_20250321090511_0264_D:[3282.62533378 2492.88768405],[3277.51124551 2762.52881205],[2673.91373081 2715.20971877],[2677.83572676 2444.55089375]
DJI_20250321090503_0260_D:[3363.71329527 1161.25086617],[3362.4620694  1428.31138511],[2760.76216905 1377.04861383],[2764.14172727 1109.49240893]
33
DJI_20250321090227_0182_D:[2073.57981678 1902.80018305],[2075.45501934 1631.03235249],[2682.40933937 1673.80494439],[2681.25093117 1946.67578435]
DJI_20250321090229_0183_D:[2060.74752824 2213.31029767],[2061.82600645 1942.14623767],[2667.22778489 1985.78052694],[2666.1130598  2257.90599628]
DJI_20250321090505_0261_D:[2634.34936631 1658.18305949],[2630.33760259 1930.01805645],[2025.22892066 1880.10528817],[2030.15756639 1609.35520461]
DJI_20250321090507_0262_D:[2607.69972449 2005.61051898],[2603.66491273 2278.40568127],[1997.50213401 2227.13210558],[2001.62261428 1955.31264276]
DJI_20250321090225_0181_D:[2114.46051919 1573.94373837],[2117.26769165 1303.59141571],[2723.21986154 1345.76720374],[2721.92747594 1617.30470602]
DJI_20250321090231_0184_D:[2057.33396247 2522.50099391],[2057.70162309 2252.65057414],[2661.80599052 2297.39947996],[2660.60363335 2568.04629507]
DJI_20250321090503_0260_D:[2649.85872544 1320.27102429],[2646.02813222 1590.02763676],[2042.43659178 1541.7428443 ],[2048.04148749 1273.22366354]
DJI_20250321090509_0263_D:[2589.41067425 2337.65064543],[2585.53232224 2609.63300531],[1980.09312417 2557.47128513],[1983.23328557 2286.33383384]
DJI_20250321090223_0180_D:[2107.07644897 1269.29893116],[2110.56847948 1000.78633771],[2716.13610818 1041.48396346],[2714.93493856 1311.3919503 ]
DJI_20250321090233_0185_D:[2040.54902802 2844.23341436],[2039.95419685 2576.85732253],[2642.15016689 2622.35011554],[2641.09229396 2890.4165505 ]
34
DJI_20250321090611_0294_D:[2555.66979149 1912.6281423 ],[2559.93149006 1651.98101455],[3141.31862172 1700.8502598 ],[3137.69287826 1961.52975067]
DJI_20250321090613_0295_D:[2535.44666904 2222.62583986],[2539.72551004 1961.62859409],[3121.64831484 2010.7330872 ],[3117.31351776 2271.62481436]
DJI_20250321090505_0261_D:[3388.67267011 1921.58612768],[3384.92166136 2192.49354144],[2781.20978065 2143.14679078],[2785.14350834 1871.28294483]
DJI_20250321090609_0293_D:[2567.79887304 1604.13262437],[2572.38119357 1345.01652881],[3152.15267157 1394.35511372],[3148.89567566 1653.62277073]
DJI_20250321090615_0296_D:[2507.27507444 2538.11791132],[2511.47055943 2277.05140724],[3095.00980988 2326.30065259],[3090.04635745 2587.1098467 ]
DJI_20250321090503_0260_D:[3402.11512235 1583.16542108],[3399.60032879 1853.02852273],[2796.76429481 1802.80124818],[2800.32302151 1532.13017769]
DJI_20250321090507_0262_D:[3363.905535   2268.28074873],[3359.10305683 2539.13375035],[2754.73542521 2490.99190626],[2758.87278675 2219.0381783 ]
DJI_20250321090501_0259_D:[3416.98529163 1263.52611665],[3415.7585019  1530.85133484],[2815.21132883 1480.07271652],[2818.29468144 1212.05984195]
DJI_20250321090849_0373_D:[2126.38732193 1751.39349061],[2119.53148146 2027.19365658],[1513.95345251 1971.26562087],[1521.61076649 1697.95971007]
DJI_20250321090617_0297_D:[2488.7546594  2840.82131496],[2492.60755484 2580.8550863 ],[3076.86545268 2629.64133549],[3071.52006281 2889.188262  ]
35
DJI_20250321090231_0184_D:[2103.98933957 2109.82109085],[2105.32373416 1839.77768551],[2708.20869534 1882.98909985],[2707.06823704 2153.92054467]
DJI_20250321090229_0183_D:[2108.53959405 1799.72834021],[2110.50560137 1529.99298613],[2713.48145204 1571.96967985],[2712.50007188 1842.76029209]
DJI_20250321090503_0260_D:[2599.22605769 1732.92944607],[2595.31129022 2004.07201971],[1992.36113189 1954.33540653],[1997.01504115 1684.30192395]
DJI_20250321090505_0261_D:[2583.41599012 2072.60733989],[2579.42662248 2344.07552767],[1976.28111116 2292.79954626],[1980.15595328 2022.30049438]
DJI_20250321090233_0185_D:[2085.67164946 2434.16815913],[2086.16504898 2164.90149643],[2688.38884486 2208.88092139],[2687.29645645 2478.92790493]
DJI_20250321090501_0259_D:[2618.3529113  1411.22421928],[2614.62716721 1680.53734177],[2013.2608649  1632.54396257],[2018.52616136 1364.47415137]
DJI_20250321090227_0182_D:[2122.6384044  1489.40420069],[2125.32425456 1220.64490516],[2728.68259467 1261.67229489],[2727.74534246 1531.63465293]
DJI_20250321090507_0262_D:[2556.76911201 2420.09131451],[2552.88247978 2690.76631851],[1950.00259895 2638.14922589],[1952.92660482 2368.34483445]
DJI_20250321090235_0186_D:[2054.60658773 2765.64409594],[2053.80454431 2498.26832269],[2654.98075764 2542.4233363 ],[2654.35165252 2810.53592519]
DJI_20250321090459_0258_D:[2640.33083765 1104.98783049],[2636.43432239 1372.323518  ],[2035.26283328 1325.01724882],[2041.49858764 1059.07257224]
36
DJI_20250321091339_0518_D:[2641.16354636 2032.98309086],[2652.66262597 1751.58940278],[3278.13401778 1820.14368862],[3267.09636413 2101.18402191]
DJI_20250321091229_0483_D:[3340.78866153 1897.97170501],[3329.01979721 2182.66956949],[2695.35441059 2112.32781716],[2707.69797892 1826.78491804]
DJI_20250321091341_0519_D:[2591.11398756 2363.92829898],[2602.57702914 2083.27177163],[3227.23922349 2151.29850487],[3215.35269325 2431.52663698]
DJI_20250321091337_0517_D:[2683.23738852 1703.0197308 ],[2694.72964085 1422.57111572],[3319.4083808  1491.82981916],[3309.24511312 1772.04039052]
DJI_20250321091231_0484_D:[3306.77780163 2234.32774276],[3294.18792108 2518.54288017],[2661.22220952 2449.85262434],[2673.44591238 2164.61594649]
DJI_20250321091227_0482_D:[3361.8138807  1531.72218623],[3351.79441553 1814.93647305],[2719.20362942 1744.82847089],[2730.76606696 1460.96063805]
DJI_20250321091343_0520_D:[2545.84166343 2687.95350035],[2557.32841922 2409.77895716],[3179.1377995 2477.7033113],[3166.37357545 2755.32277431]
DJI_20250321091335_0516_D:[2716.69027159 1405.15190595],[2728.19392021 1127.16353086],[3350.45707908 1197.16706584],[3341.10783315 1475.04792838]
DJI_20250321091233_0485_D:[3284.16390936 2593.01226825],[3269.99053938 2877.77971259],[2632.9846531  2808.99749902],[2645.7479869  2522.92979278]
DJI_20250321091225_0481_D:[3389.5366322  1189.23380073],[3380.86937453 1471.47892606],[2745.98339673 1400.38432665],[2757.16660331 1117.64257114]
37
DJI_20250321091337_0517_D:[2106.79749887 1875.72868963],[2119.16953465 1594.6594154 ],[2745.66724693 1662.05911919],[2734.13539865 1944.30729679]
DJI_20250321091339_0518_D:[2065.72268507 2205.46911714],[2077.25544969 1924.31100007],[2703.48096625 1992.70235166],[2691.92845392 2274.90981708]
DJI_20250321091616_0596_D:[2637.61692203 1819.52612859],[2623.55772689 2108.84942871],[1981.81076487 2033.33559201],[1996.5792908  1745.19411789]
DJI_20250321091618_0597_D:[2630.13984817 2168.05404279],[2616.19813267 2456.81985314],[1975.7035503  2380.45643184],[1989.37831131 2092.64873499]
DJI_20250321091614_0595_D:[2680.15382648 1503.23841832],[2666.03730273 1790.73702026],[2026.0548609  1716.13170457],[2041.73767127 1429.94550223]
DJI_20250321091335_0516_D:[2140.94239354 1576.63161274],[2154.11904901 1297.25708792],[2779.04239715 1363.85425327],[2767.51659831 1644.56295265]
DJI_20250321091341_0519_D:[2018.43764718 2534.54853326],[2029.05431645 2255.06563016],[2653.11752469 2324.63129347],[2641.59409851 2605.08952013]
DJI_20250321091612_0594_D:[2718.7147387  1175.80389879],[2704.84408003 1459.22273035],[2069.59648132 1386.19122266],[2085.9072326  1104.24532967]
DJI_20250321091619_0598_D:[2573.9859087 2523.7368686],[2559.86064848 2810.76830633],[1921.25049945 2732.44392178],[1934.09466112 2446.24495226]
DJI_20250321091333_0515_D:[2193.2034518  1232.68243197],[2207.17343206  956.58690753],[2829.52293911 1022.29456003],[2818.1295886  1299.89279723]
38
DJI_20250321091231_0484_D:[3292.4001432  1791.22240833],[3281.07395942 2076.09912113],[2646.4246846  2005.74953635],[2658.61285953 1720.26144892]
DJI_20250321091337_0517_D:[2698.70813111 2142.05172589],[2710.34760748 1859.55930497],[3337.62869648 1928.5125766 ],[3326.13913239 2210.39286313]
DJI_20250321091233_0485_D:[3271.91484183 2146.96392683],[3259.00524555 2434.57022002],[2618.69861474 2363.5910398 ],[2631.48846518 2075.1443423 ]
DJI_20250321091335_0516_D:[2732.04567766 1842.00912997],[2743.76540254 1560.28352614],[3369.88539414 1630.28984026],[3359.13693152 1911.55477231]
DJI_20250321091339_0518_D:[2656.62470556 2471.76118767],[2668.18928002 2190.13901348],[3294.94404855 2258.09263584],[3282.65584169 2538.9606746 ]
DJI_20250321091229_0483_D:[3325.15344067 1455.88695066],[3314.71665547 1739.2783497 ],[2680.80674859 1667.64784673],[2693.04253086 1383.79933247]
DJI_20250321091235_0486_D:[3240.40956377 2480.67421943],[3226.68932422 2768.34873431],[2584.18797818 2698.45361733],[2596.81224528 2409.72730226]
DJI_20250321091333_0515_D:[2782.7165488 1496.0486085],[2794.4176106  1216.53276449],[3418.27553499 1287.81763689],[3408.47889851 1567.00858004]
DJI_20250321091341_0519_D:[2606.53864003 2799.80007755],[2617.9693436  2520.78523435],[3242.57316297 2587.97832504],[3229.5147897  2866.13222383]
DJI_20250321091227_0482_D:[3343.56005096 1093.9001398 ],[3334.93314496 1373.71648305],[2703.60118619 1302.72905051],[2715.00773461 1022.62631381]
39
DJI_20250321091618_0597_D:[3030.60848623 1750.02755763],[3017.24452885 2038.16857762],[2375.3897022  1963.36909541],[2389.6929484  1675.41231271]
DJI_20250321091619_0598_D:[2975.71510559 2105.624679  ],[2961.4072939  2394.12122036],[2319.4981501  2318.47727922],[2333.77283723 2030.02187571]
DJI_20250321091616_0596_D:[3037.4831038  1403.87089477],[3024.65591614 1690.60168594],[2383.00526267 1615.6961869 ],[2397.73885083 1329.37448141]
DJI_20250321091622_0599_D:[2969.95609497 2438.63236462],[2955.26191625 2726.07686807],[2313.88564434 2650.9089204 ],[2327.57792521 2363.22993933]
DJI_20250321091335_0516_D:[1755.96927905 1986.27297636],[1768.57397912 1706.38035122],[2389.92750113 1773.77869112],[2377.85285984 2055.723645  ]
DJI_20250321091337_0517_D:[1723.69228689 2284.42320208],[1734.89381517 2004.50786581],[2356.42475061 2073.53277702],[2344.93482228 2355.35460972]
DJI_20250321091333_0515_D:[1806.68865141 1641.28944626],[1820.77180217 1362.74890979],[2441.21023317 1428.28149271],[2428.57142119 1709.04392877]
DJI_20250321091720_0628_D:[2992.13862561 1972.46719653],[3005.19656093 1686.93526701],[3635.1984417  1761.35895404],[3622.70908374 2045.41356601]
DJI_20250321091722_0629_D:[2962.49057061 2328.49767637],[2976.03232749 2043.55746848],[3605.22692451 2115.86586001],[3591.25522097 2399.12946213]
DJI_20250321091614_0595_D:[3077.34172339 1093.43203348],[3065.1098328  1376.54210134],[2426.82336804 1301.58146152],[2441.81560611 1019.01193943]
40
DJI_20250321091333_0515_D:[2265.12658784 1922.09631148],[2277.8055129  1640.24324849],[2906.01245955 1709.65290496],[2894.04282062 1992.26643304]
DJI_20250321091335_0516_D:[2215.02761289 2269.09452742],[2226.8405571  1987.02912693],[2855.45962371 2056.5814473 ],[2843.4482111  2339.24554926]
DJI_20250321091619_0598_D:[2501.76354859 1812.81861871],[2487.34150718 2101.70824544],[1848.23414857 2025.7069874 ],[1863.39019958 1738.43140526]
DJI_20250321091331_0514_D:[2284.00457137 1592.26086085],[2297.49838712 1312.87626926],[2922.27653517 1382.02686444],[2910.33648135 1662.35082925]
DJI_20250321091622_0599_D:[2495.45470367 2146.35651529],[2481.33591852 2435.46645491],[1841.72894285 2358.06350447],[1855.61917952 2070.32016399]
DJI_20250321091337_0517_D:[2182.9045401  2568.03876361],[2193.86952556 2286.96415238],[2822.13102868 2356.64502689],[2810.14755316 2638.16047473]
DJI_20250321091618_0597_D:[2557.30420583 1458.64842275],[2543.18298846 1745.98820226],[1904.51316937 1672.63097398],[1920.35175916 1387.04629321]
DJI_20250321091624_0600_D:[2448.05508295 2498.72590618],[2434.09240464 2785.82188183],[1797.16839872 2706.46291528],[1809.92067155 2420.59282091]
DJI_20250321091329_0513_D:[2274.69619124 1263.73594472],[2288.80202675  988.11793244],[2909.37300278 1056.07295917],[2897.69609949 1332.86891314]
DJI_20250321091235_0486_D:[3764.60294344 2043.53946416],[3752.3142725  2331.13213686],[3115.89214417 2261.65478411],[3128.33355488 1971.86785003]
41
DJI_20250321091343_0520_D:[2110.95436443 2021.52401052],[2123.0183823  1742.90807549],[2743.63056966 1810.44085779],[2732.04863281 2090.18551359]
DJI_20250321091345_0521_D:[2129.17047016 2346.8435731 ],[2140.77949978 2066.23324135],[2766.31038021 2135.78996197],[2754.34961991 2417.21549882]
DJI_20250321091610_0593_D:[2604.75674053 1679.03438147],[2590.38607383 1965.99165261],[1953.66364769 1890.75738459],[1969.06031088 1605.13930049]
DJI_20250321091612_0594_D:[2572.62654299 2031.44083193],[2558.40921495 2318.23270952],[1923.09301464 2241.93454822],[1937.35421189 1956.28190755]
DJI_20250321091341_0519_D:[2154.40510647 1694.79366333],[2166.88935507 1416.33056648],[2788.82903511 1482.29223422],[2777.67861996 1761.99680174]
DJI_20250321091608_0592_D:[2620.50035961 1357.97416135],[2606.49939215 1643.26671606],[1970.37451412 1570.24108228],[1986.35096056 1286.51144278]
DJI_20250321091614_0595_D:[2533.18183862 2366.72718295],[2519.13461798 2653.90175972],[1881.89423364 2576.13312018],[1895.06278087 2289.96422526]
DJI_20250321091347_0522_D:[2124.7202775  2695.93735657],[2135.50892673 2415.46075544],[2763.54076991 2486.06578242],[2751.44349944 2767.08679368]
DJI_20250321091339_0518_D:[2204.16736915 1364.70498279],[2217.14926346 1088.21029394],[2838.44441381 1153.08524417],[2827.69296983 1430.90132988]
DJI_20250321091225_0481_D:[3833.85550566 1867.63147956],[3823.40243059 2152.12073237],[3194.51804445 2083.97651594],[3205.56808684 1797.18553241]
42
DJI_20250321091225_0481_D:[3055.85177059 2004.41844985],[3044.23087646 2291.38026612],[2405.1973429  2221.88376747],[2417.03252953 1934.73918528]
DJI_20250321091223_0480_D:[3084.91839715 1672.60839117],[3073.03922062 1959.04542038],[2434.18015565 1887.19873225],[2447.22363254 1600.78525269]
DJI_20250321091227_0482_D:[3026.37043024 2346.48210383],[3014.09473492 2630.66348044],[2380.20094168 2561.6632085 ],[2391.76711722 2277.1054023 ]
DJI_20250321091221_0479_D:[3124.3267891  1339.16308148],[3113.35217656 1623.10908882],[2476.6920728  1551.46435662],[2489.74582259 1267.70542591]
DJI_20250321091343_0520_D:[2878.32635393 1888.1126494 ],[2889.56118533 1609.26280977],[3507.79601158 1678.45882067],[3497.43132242 1956.51571767]
DJI_20250321091345_0521_D:[2901.81398462 2213.71053676],[2913.60915252 1932.37788084],[3536.19802835 2001.37953859],[3524.42523278 2281.55885721]
DJI_20250321091347_0522_D:[2899.45733553 2563.51273675],[2911.6224274  2281.63935645],[3536.79740208 2349.21726045],[3523.68183318 2629.60122155]
DJI_20250321091341_0519_D:[2923.84644013 1560.16091167],[2934.39283962 1282.23539498],[3552.62496167 1352.20838007],[3543.83206622 1629.4062886 ]
DJI_20250321091003_0410_D:[1569.1156244  2056.33396976],[1577.48135739 1785.42440298],[2177.2775229  1842.52564969],[2169.32439134 2115.70834904]
DJI_20250321091001_0409_D:[1595.69397653 1740.81731866],[1605.32261445 1471.35768228],[2203.26494151 1525.51391448],[2194.85067036 1797.36342977]
43
DJI_20250321091345_0521_D:[2219.24436197 1918.63274563],[2231.63743646 1638.31160996],[2856.49317363 1706.46642028],[2844.88947501 1987.6892496 ]
DJI_20250321091347_0522_D:[2213.91413132 2267.46234527],[2225.68366706 1985.32089369],[2854.42953001 2054.68263042],[2842.52999179 2337.46313727]
DJI_20250321091608_0592_D:[2525.23055455 1793.62815358],[2511.12630771 2081.00769166],[1874.73464984 2006.01660704],[1889.59047089 1720.0893619 ]
DJI_20250321091343_0520_D:[2201.07534999 1596.69261225],[2213.8029575  1320.07117238],[2832.58017815 1385.95179998],[2821.45041908 1663.78407951]
DJI_20250321091610_0593_D:[2508.94322864 2116.44564747],[2494.67281907 2403.570207  ],[1859.15114601 2326.46424275],[1873.21979263 2040.58427471]
DJI_20250321091606_0591_D:[2542.65968817 1452.57125184],[2528.15852322 1738.87674446],[1891.73442396 1664.88687331],[1907.94955313 1380.2767454 ]
DJI_20250321091349_0523_D:[2174.12871909 2613.76502748],[2185.2412226  2333.39693541],[2812.26120712 2403.66407607],[2800.03442401 2684.47599578]
DJI_20250321091612_0594_D:[2477.32079982 2467.86235013],[2463.45015832 2752.7726784 ],[1830.89497623 2674.63624444],[1843.56302355 2390.78814234]
DJI_20250321091341_0519_D:[2245.24394623 1270.56428411],[2258.18047827  995.92154991],[2876.87963964 1060.28161743],[2866.41952389 1336.24888867]
DJI_20250321091604_0590_D:[2584.26238636 1124.63241146],[2569.75656468 1408.18791162],[1934.64239744 1335.8039081 ],[1951.79000139 1054.13627018]
44
DJI_20250321091221_0479_D:[3078.78395956 1761.08556471],[3066.76688749 2048.16599756],[2426.99512105 1976.42698086],[2439.92467443 1689.32967618]
DJI_20250321091223_0480_D:[3037.88359543 2098.56749327],[3025.12789165 2386.27451436],[2384.54308809 2314.49305273],[2397.2832714  2026.59454651]
DJI_20250321091219_0478_D:[3109.20816912 1425.08527595],[3098.08468855 1709.59573614],[2461.29292047 1638.25578066],[2474.22574825 1353.90729377]
DJI_20250321091225_0481_D:[3009.17989071 2431.57594675],[2996.82329179 2717.87259433],[2357.51882333 2648.6683754 ],[2368.88456041 2361.96490849]
DJI_20250321091347_0522_D:[2947.72331514 2144.93635662],[2959.394387   1861.74404153],[3585.4035047  1931.28557341],[3573.95037279 2213.21934273]
DJI_20250321091345_0521_D:[2949.35588299 1795.67951166],[2960.56414103 1514.90792499],[3582.5795455  1585.54383035],[3572.54092843 1865.34756503]
DJI_20250321091349_0523_D:[2905.103416  2493.9370009],[2917.31534258 2211.7977365 ],[3542.52439424 2279.90666292],[3529.51747132 2560.57820168]
DJI_20250321091005_0411_D:[1592.31142834 1978.08305648],[1601.09130951 1706.63374972],[2202.41234892 1763.3471318 ],[2194.25070086 2037.09773933]
DJI_20250321091217_0477_D:[3126.04609259 1082.71466945],[3115.79735932 1362.87767363],[2483.59639726 1291.96685782],[2496.58801759 1012.18357876]
DJI_20250321091007_0412_D:[1577.67121404 2277.97501376],[1585.16863325 2007.30269031],[2184.84247098 2066.53254128],[2177.17859584 2339.36378734]
45
DJI_20250321091349_0523_D:[2324.03796455 2182.38512848],[2336.01368109 1900.24699069],[2964.50236524 1969.6033447 ],[2952.58656124 2252.12207785]
DJI_20250321091347_0522_D:[2365.12062725 1833.12822559],[2377.40294803 1551.2604734 ],[3006.02644057 1619.85723373],[2994.78450913 1902.29295847]
DJI_20250321091351_0524_D:[2281.47891315 2502.92799636],[2293.20091214 2222.31896431],[2919.71653587 2292.54226584],[2907.1638012  2573.35473247]
DJI_20250321091606_0591_D:[2383.97314164 1892.64635465],[2369.51620784 2180.84083555],[1733.47234055 2104.41834636],[1748.39236828 1817.99293679]
DJI_20250321091345_0521_D:[2370.45843822 1486.96291512],[2383.10341517 1208.84028503],[3006.46839005 1276.26696309],[2995.77376508 1555.21489759]
DJI_20250321091604_0590_D:[2425.75390535 1560.71819348],[2410.95173293 1848.10354343],[1774.68762441 1773.46802614],[1790.88421513 1488.01974434]
DJI_20250321091608_0592_D:[2367.32625135 2235.1646637 ],[2353.574183   2522.42515528],[1719.08157543 2444.88285968],[1732.31745552 2159.1729342 ]
DJI_20250321091221_0479_D:[3663.36331953 2077.94155086],[3650.87459198 2363.3638441 ],[3018.17170758 2294.30335441],[3030.68590821 2006.93357843]
DJI_20250321091219_0478_D:[3691.58780033 1741.33612046],[3680.81708542 2025.47374353],[3050.32996124 1954.59219217],[3062.06620085 1668.72370352]
DJI_20250321091353_0525_D:[2233.31025088 2826.11655436],[2244.49650222 2547.66787588],[2869.83135063 2618.58303943],[2856.90047553 2897.08394737]
46
DJI_20250321090623_0300_D:[2531.16149464 2160.82768642],[2536.11760683 1898.83959611],[3119.89316169 1949.56156022],[3115.01753819 2211.37182865]
DJI_20250321090621_0299_D:[2568.35404504 1857.89745332],[2573.14068948 1596.32715263],[3156.50833424 1646.65222683],[3152.51893013 1908.16851741]
DJI_20250321090455_0256_D:[3394.7575112  1960.83254539],[3391.51276869 2232.75667873],[2785.50176579 2184.66236329],[2788.88485543 1911.75398193]
DJI_20250321090625_0301_D:[2540.63461565 2472.85686707],[2545.47142776 2210.79343133],[3130.41942959 2261.2865429 ],[3124.91543116 2522.92776457]
DJI_20250321090453_0255_D:[3427.58729491 1608.96499703],[3425.62289387 1880.69050921],[2818.79380769 1831.48283182],[2821.7749874 1558.894073 ]
DJI_20250321090619_0298_D:[2571.10949996 1540.21932087],[2575.80359052 1280.3152666 ],[3157.91073943 1330.16735584],[3154.76768911 1590.1966448 ]
DJI_20250321090457_0257_D:[3372.90510749 2286.50567059],[3368.18141604 2557.5216287 ],[2763.40021761 2509.8098018 ],[2767.42095811 2237.63668733]
DJI_20250321090627_0302_D:[2499.93418866 2792.21627987],[2504.60465469 2531.67677804],[3089.28952814 2581.86617727],[3083.18398792 2841.82807633]
DJI_20250321090451_0254_D:[3448.57102643 1252.71723849],[3448.11647568 1522.18725169],[2842.53602429 1472.2164946 ],[2844.9384562  1202.01320117]
DJI_20250321090839_0368_D:[2112.72562058 1803.40716389],[2106.42157118 2076.33689178],[1507.17117952 2021.42874217],[1514.12541129 1750.8743765 ]
47
DJI_20250321090455_0256_D:[2805.44494523 1713.52963098],[2802.20876693 1986.36523521],[2193.74008037 1937.31731219],[2197.8065058  1665.12883473]
DJI_20250321090457_0257_D:[2784.45244058 2039.60675998],[2780.53481298 2312.51668583],[2172.65718193 2261.9068991 ],[2176.57679785 1989.49173174]
DJI_20250321090239_0188_D:[1935.52173977 2156.47717382],[1936.19236564 1886.92283084],[2537.36927389 1928.81625111],[2536.81246885 2199.73927092]
DJI_20250321090237_0187_D:[1926.66676814 1842.63346968],[1928.21022166 1574.24226941],[2527.20688221 1614.14371171],[2526.56986826 1884.08076452]
DJI_20250321090453_0255_D:[2838.03012573 1361.28350953],[2835.25201498 1632.93674946],[2226.39577011 1584.82388584],[2230.87639414 1313.9497763 ]
DJI_20250321090459_0258_D:[2754.16500945 2364.32905888],[2750.034966   2635.30917704],[2145.21295881 2584.21778358],[2148.50699126 2313.60350474]
DJI_20250321090241_0189_D:[1927.78245722 2456.07257997],[1927.36936755 2186.24119517],[2530.42545102 2229.29448449],[2530.20166168 2500.34647609]
DJI_20250321090235_0186_D:[1925.98244346 1515.31672346],[1928.56211717 1248.46897574],[2526.5583657 1286.5594298],[2525.70917237 1555.11391313]
DJI_20250321090621_0299_D:[3136.31229221 2098.63841304],[3140.71634172 1836.39780088],[3718.90799268 1887.1191223 ],[3714.68832433 2147.82322595]
DJI_20250321090451_0254_D:[2860.70109965 1006.56593999],[2858.55398059 1274.91289384],[2251.55606631 1228.16791897],[2256.3353696   960.75957626]
48
DJI_20250321090619_0298_D:[2507.22138554 1945.06151192],[2511.90990363 1683.03518316],[3096.298557   1732.89944706],[3092.22192685 1994.98715996]
DJI_20250321090621_0299_D:[2504.39548384 2263.24564529],[2509.08279254 2001.10119521],[3093.58582338 2051.31825459],[3088.76166    2313.33171437]
DJI_20250321090617_0297_D:[2528.91675371 1643.05886536],[2533.34393004 1382.63146398],[3115.9172673  1431.52700787],[3112.81473578 1692.1316876 ]
DJI_20250321090457_0257_D:[3436.72052929 1866.30413469],[3433.3526104  2137.78348949],[2828.49385433 2088.45210832],[2832.22718337 1815.92095164]
DJI_20250321090623_0300_D:[2467.18511178 2564.80874303],[2471.89216807 2303.73903282],[3055.66985726 2354.30930652],[3050.10412648 2615.11120379]
DJI_20250321090459_0258_D:[3405.22550468 2190.17191015],[3400.70528507 2460.51851908],[2798.03195302 2412.56294952],[2802.07452338 2141.03265067]
DJI_20250321090455_0256_D:[3456.113602   1541.57249621],[3454.35094813 1812.21158294],[2849.57459864 1762.57788399],[2852.53997069 1491.03272346]
DJI_20250321090615_0296_D:[2548.60258977 1343.39833746],[2553.20131869 1086.17343656],[3131.90403855 1134.98582393],[3129.31274542 1392.50514277]
DJI_20250321090841_0369_D:[2157.50152252 1700.60373961],[2150.93957223 1974.2926626 ],[1548.89311297 1919.87463678],[1556.37219999 1648.53557744]
DJI_20250321090501_0259_D:[3381.63751746 2496.24227446],[3376.38819148 2764.40168313],[2776.38876838 2718.49926598],[2780.35969906 2449.00989654]
49
DJI_20250321090459_0258_D:[2763.11411833 1930.61628539],[2759.20404808 2202.46190327],[2153.83704885 2152.06803002],[2157.99996507 1880.8115216 ]
DJI_20250321090457_0257_D:[2792.95284227 1605.39264803],[2789.32826963 1877.38380508],[2182.24374585 1827.66828442],[2186.95407055 1556.39819322]
DJI_20250321090501_0259_D:[2741.45209975 2239.57866661],[2737.6438594 2510.1972414],[2134.43439355 2459.8873147 ],[2137.71434091 2189.7360382 ]
DJI_20250321090235_0186_D:[1921.372565   1944.13653995],[1922.69220627 1675.15730836],[2522.62054977 1715.86178539],[2521.95297636 1986.3212845 ]
DJI_20250321090237_0187_D:[1923.69621738 2271.36900514],[1923.99005917 2002.60115135],[2523.61000306 2044.86975655],[2523.15723187 2314.97248687]
DJI_20250321090455_0256_D:[2812.76997779 1281.98397042],[2809.88152289 1552.1324556 ],[2203.52503152 1504.21146868],[2208.32913374 1234.93876573]
DJI_20250321090233_0185_D:[1956.28552031 1610.56087591],[1958.94755443 1343.07634766],[2557.5641778  1383.04540271],[2556.37137636 1652.06706923]
DJI_20250321090239_0188_D:[1933.93267716 2584.60861837],[1933.35153749 2316.37659366],[2533.88493266 2360.36127213],[2533.50238014 2629.75708769]
DJI_20250321090503_0260_D:[2721.84070684 2563.72343545],[2717.75726541 2832.8345615 ],[2115.4120902  2781.57314331],[2118.13594813 2512.79824215]
DJI_20250321090619_0298_D:[3129.30807842 2198.23372812],[3133.75274189 1935.88488518],[3712.38155309 1985.70759503],[3707.88841178 2246.49753289]
50
DJI_20250321090617_0297_D:[2511.33230665 2031.81097621],[2515.63174962 1769.65701759],[3100.14152953 1818.76763501],[3096.26726028 2080.93464597]
DJI_20250321090619_0298_D:[2489.3016662  2334.48911094],[2493.80029149 2072.1503827 ],[3079.06483827 2122.08463661],[3074.27506743 2384.3073924 ]
DJI_20250321090615_0296_D:[2530.75417245 1729.02401451],[2535.28294224 1468.70032103],[3116.93449936 1517.87439696],[3113.51234099 1778.33866696]
DJI_20250321090459_0258_D:[3421.93964628 1788.47990971],[3418.73736218 2059.06661788],[2815.56939888 2009.40980359],[2819.31264045 1737.8454235 ]
DJI_20250321090501_0259_D:[3399.46287349 2095.86478944],[3395.47785937 2365.85086484],[2793.79490693 2318.07026711],[2797.52911023 2046.98341631]
DJI_20250321090621_0299_D:[2486.53806113 2651.06222504],[2490.99627978 2390.10161734],[3075.26522185 2440.13109916],[3069.75563647 2700.76767666]
DJI_20250321090457_0257_D:[3451.63919852 1464.95854528],[3449.67854375 1735.0007782 ],[2845.58354281 1684.12218686],[2848.93462344 1413.21178868]
DJI_20250321090613_0295_D:[2558.98092322 1417.03738813],[2563.45758642 1159.72123943],[3141.34279212 1208.37690991],[3138.6660594  1465.95363936]
DJI_20250321090503_0260_D:[3380.70031522 2419.61058065],[3375.514958   2688.72103885],[2774.08420842 2641.9312304 ],[2778.18738835 2371.54795785]
DJI_20250321090843_0370_D:[2153.75026734 1629.41855221],[2146.71248752 1903.55727265],[1543.51342495 1848.92720512],[1551.666051   1577.22673832]
51
DJI_20250321090451_0254_D:[2807.86301554 1816.33455125],[2804.86944474 2089.90317168],[2195.14349519 2041.28027968],[2198.6997272 1768.3149117]
DJI_20250321090453_0255_D:[2783.44281602 2176.75957223],[2780.00091768 2449.93097315],[2171.164592   2400.25390218],[2174.25588463 2127.53288199]
DJI_20250321090449_0253_D:[2820.98551701 1477.95582658],[2818.56806202 1750.54410683],[2208.84888029 1703.28146856],[2212.70963989 1431.48192126]
DJI_20250321090243_0190_D:[1946.61827063 1980.21888015],[1947.64413106 1710.08277008],[2550.28187686 1750.84757462],[2549.8217873  2022.34665785]
DJI_20250321090245_0191_D:[1919.67665604 2302.00297449],[1919.85579024 2031.65842949],[2523.17335138 2074.24885917],[2522.74708133 2345.81304147]
DJI_20250321090241_0189_D:[1974.13338627 1648.49712399],[1975.97870039 1380.00852799],[2576.72543395 1418.8123654 ],[2576.26413921 1688.81354587]
DJI_20250321090247_0192_D:[1930.73922642 2604.29087191],[1929.63746511 2334.25974886],[2534.49392947 2377.35731354],[2534.58143121 2648.41889231]
DJI_20250321090447_0252_D:[2823.89295434 1173.33989534],[2821.63636758 1443.59570573],[2213.35958991 1396.99634886],[2217.84986024 1127.70803009]
DJI_20250321090455_0256_D:[2749.81879662 2528.56693948],[2746.12331351 2799.36730232],[2140.30208711 2748.99475611],[2142.7667281  2478.51708635]
DJI_20250321090239_0188_D:[1984.79878349 1352.95430273],[1987.6285861  1087.72811361],[2584.30612583 1125.02611738],[2583.59623618 1391.9299132 ]
52
DJI_20250321090627_0302_D:[2511.01676378 2013.48666811],[2516.09065636 1750.95522045],[3101.10674357 1801.94974707],[3096.44015881 2064.34789638]
DJI_20250321090629_0303_D:[2504.14408351 2315.12552506],[2509.16981122 2053.11464362],[3093.28016925 2104.05766244],[3087.95446897 2365.75724796]
DJI_20250321090625_0301_D:[2552.02981831 1692.75879264],[2557.10433503 1431.72221776],[3140.16609497 1482.60697464],[3136.24068905 1743.63763997]
DJI_20250321090449_0253_D:[3460.84718196 1720.58193374],[3459.07967772 1993.04365472],[2851.37306731 1945.27175687],[2853.89727175 1671.83235959]
DJI_20250321090451_0254_D:[3447.41572732 2059.06921273],[3444.1426624 2331.4869344],[2837.2465909  2284.55327085],[2840.38036845 2010.96750689]
DJI_20250321090631_0304_D:[2469.30465036 2622.26884485],[2474.1169871  2361.49374508],[3057.57847747 2412.11916604],[3051.74134189 2672.45723873]
DJI_20250321090447_0252_D:[3462.34946957 1415.47318623],[3461.57828492 1686.52036062],[2854.50236168 1637.4107152 ],[2856.83102857 1365.54934506]
DJI_20250321090623_0300_D:[2542.92249777 1383.98456774],[2548.11168048 1125.94131157],[3127.81323603 1176.37225386],[3124.50839031 1434.62931497]
DJI_20250321090453_0255_D:[3422.06960067 2418.18276913],[3417.38132776 2689.13482769],[2812.00399007 2643.47226132],[2815.61384149 2371.16331963]
DJI_20250321090833_0365_D:[2135.18444453 1657.84402618],[2128.86793096 1930.95224286],[1528.31743627 1877.68341166],[1535.61193253 1606.99773057]
53
DJI_20250321090449_0253_D:[2694.94492294 1885.87283494],[2692.13163772 2159.74091482],[2082.68377514 2111.43531087],[2085.92451877 1838.44432896]
DJI_20250321090247_0192_D:[2050.02776343 2199.23961072],[2050.12717766 1927.79200301],[2656.24199131 1969.13558743],[2656.14757964 2241.50251788]
DJI_20250321090245_0191_D:[2040.50408923 1896.79465605],[2041.72900523 1626.5583502 ],[2645.25565168 1667.44169842],[2644.78109348 1938.797505  ]
DJI_20250321090447_0252_D:[2698.27672613 1578.26256896],[2695.44776873 1851.37943562],[2086.29272107 1803.82236086],[2090.33269354 1531.75701343]
DJI_20250321090451_0254_D:[2681.06403624 2224.9882117 ],[2677.88670718 2498.07703339],[2069.74602343 2448.30648031],[2072.46537243 2175.91223301]
DJI_20250321090243_0190_D:[2068.49012919 1575.42129655],[2070.34871079 1307.03001778],[2671.96230656 1346.22245338],[2671.66241935 1615.88462565]
DJI_20250321090249_0193_D:[2008.16401682 2512.9068848 ],[2007.33598501 2242.23203697],[2613.15985602 2284.45148717],[2613.21088502 2555.97251319]
DJI_20250321090445_0251_D:[2714.36246149 1247.48751708],[2711.67867084 1517.75685709],[2105.28921457 1471.5223279 ],[2110.01130307 1202.45501302]
DJI_20250321090453_0255_D:[2656.25712453 2584.07563903],[2652.8715595  2854.88593716],[2047.05668288 2803.87815724],[2049.04721106 2533.61504886]
DJI_20250321090251_0194_D:[2009.07867592 2828.16322923],[2007.6389933 2560.169245 ],[2610.88261666 2603.70951975],[2610.75297167 2872.38611597]
54
DJI_20250321090447_0252_D:[3162.9175142  1827.31157273],[3160.41284135 2100.90405105],[2549.67277682 2052.93343319],[2552.70790208 1779.07978059]
DJI_20250321090449_0253_D:[3159.78371927 2135.1027571 ],[3156.69612547 2408.48897859],[2546.47223217 2361.2654031 ],[2549.29896333 2087.43599347]
DJI_20250321090445_0251_D:[3176.88293443 1494.36644819],[3175.14086603 1766.09499842],[2566.50120118 1717.87875053],[2569.6053713  1446.03930664]
DJI_20250321090631_0304_D:[2764.258808   2228.36870346],[2769.34549381 1966.33112031],[3351.3314968  2017.23414787],[3346.11716359 2278.38272405]
DJI_20250321090629_0303_D:[2799.54104175 1919.64019614],[2804.40956558 1657.8675784 ],[3385.80525389 1709.69523456],[3381.53346602 1970.6943849 ]
DJI_20250321090633_0305_D:[2745.04584736 2521.54249839],[2750.46517329 2259.95877736],[3332.93990612 2310.37343597],[3326.67902847 2570.92823272]
DJI_20250321090451_0254_D:[3144.63710806 2473.65666089],[3140.51526441 2745.17357164],[2532.44312424 2698.14414009],[2535.40575995 2425.97674883]
DJI_20250321090627_0302_D:[2806.68552354 1617.40334767],[2811.22308818 1356.54989728],[3392.48636851 1408.95947141],[3389.26780528 1669.19937168]
DJI_20250321090443_0250_D:[3189.85670023 1170.28726409],[3188.80138    1439.89549388],[2580.88320952 1391.16967635],[2584.12262752 1121.58172382]
DJI_20250321090247_0192_D:[1592.73599385 1956.76676208],[1593.89284454 1687.27281534],[2192.07130058 1726.37211439],[2191.60816559 1998.08333456]
55
DJI_20250321090445_0251_D:[2694.30418289 1694.08834216],[2691.42971374 1967.02964794],[2083.43485833 1919.15881935],[2087.21766351 1647.21166938]
DJI_20250321090249_0193_D:[2022.67664393 2066.18598809],[2023.00390318 1794.86121144],[2628.64591462 1835.41292604],[2628.67027856 2107.76428276]
DJI_20250321090447_0252_D:[2677.93942852 2028.88863268],[2674.98429069 2302.82972506],[2065.59758207 2253.82726829],[2068.6281993  1980.73713406]
DJI_20250321090247_0192_D:[2066.03322477 1751.83315526],[2067.1792688  1481.48135072],[2671.82413349 1521.07075974],[2671.80261    1792.53082494]
DJI_20250321090251_0194_D:[2022.53865639 2385.28388937],[2022.29351379 2114.87184054],[2626.63919207 2156.97475944],[2626.45702523 2428.24412734]
DJI_20250321090443_0250_D:[2708.52439357 1367.71457662],[2705.66276018 1639.40696281],[2097.70402547 1592.38149601],[2102.28378891 1321.83556348]
DJI_20250321090449_0253_D:[2674.64868037 2337.1151901 ],[2671.74692253 2610.06476176],[2063.36916978 2560.55067941],[2065.55163702 2288.2822724 ]
DJI_20250321090245_0191_D:[2058.29019254 1451.95606818],[2060.55813402 1184.47219908],[2661.40093454 1223.30239099],[2661.00115965 1492.10463165]
DJI_20250321090253_0195_D:[2006.00221671 2702.19243832],[2005.41079    2433.07739743],[2609.37781291 2477.35781362],[2608.75047612 2747.2127499 ]
DJI_20250321090441_0249_D:[2717.15501019 1042.07204452],[2714.29454318 1311.20960488],[2107.31203636 1265.12338488],[2112.72009061  997.30526434]
56
DJI_20250321091211_0474_D:[3045.3967731  1781.32086874],[3034.29331023 2065.79923253],[2400.38425022 1996.80300266],[2412.26060443 1712.38423258]
DJI_20250321091213_0475_D:[3009.6415471  2107.59270287],[2997.83798136 2393.10341669],[2362.04964231 2323.76028068],[2373.74089978 2038.16383909]
DJI_20250321091209_0473_D:[3066.97226855 1443.06525556],[3056.78561824 1725.53010912],[2424.80241219 1657.2172124 ],[2436.65977573 1375.00803206]
DJI_20250321091357_0527_D:[2936.457725   2038.36828739],[2948.57414323 1757.74124293],[3568.98647759 1828.51872004],[3557.2763643 2107.9513449]
DJI_20250321091215_0476_D:[2969.77175563 2481.33456627],[2957.12675835 2765.00943827],[2323.35951827 2695.26713444],[2334.86079807 2411.29491003]
DJI_20250321091359_0528_D:[2925.31522529 2362.46903888],[2937.58841221 2080.49167869],[3561.33281415 2149.49015909],[3548.60458355 2430.00256481]
DJI_20250321091355_0526_D:[2963.50258812 1718.82348167],[2975.03171521 1439.86986583],[3593.06175918 1511.61105652],[3582.82149775 1789.54630462]
DJI_20250321091015_0416_D:[1624.39118452 1879.9015337 ],[1632.81264979 1607.61889131],[2236.91586241 1662.01709153],[2229.40767006 1936.50937066]
DJI_20250321091207_0472_D:[3082.17635854 1117.73584518],[3072.71251624 1396.81434388],[2443.66709744 1328.83244208],[2455.69786923 1050.20972748]
DJI_20250321091017_0417_D:[1598.15571946 2209.96612713],[1604.99924305 1935.46033736],[2213.60695761 1992.37989606],[2206.8122095  2268.96264357]
57
DJI_20250321091357_0527_D:[2530.94804407 2217.86786831],[2543.33612734 1936.93797505],[3168.3078253 2007.160791 ],[3155.83085024 2287.84086817]
DJI_20250321091355_0526_D:[2558.94295295 1897.75715413],[2571.33856167 1617.69658371],[3194.64310079 1687.78530944],[3183.02179393 1967.78191811]
DJI_20250321091213_0475_D:[3419.05155568 1924.02565134],[3407.84554699 2208.93157055],[2774.04346471 2140.35105931],[2785.64690382 1854.37073987]
DJI_20250321091359_0528_D:[2518.34982831 2542.83628728],[2530.32969376 2261.32054647],[3158.21616113 2330.84334932],[3145.29529998 2611.85243658]
DJI_20250321091353_0525_D:[2585.24583137 1571.16281292],[2597.57856366 1292.74002506],[3219.50283017 1362.68747679],[3208.81506203 1641.21037565]
DJI_20250321091211_0474_D:[3451.89230403 1599.83633608],[3442.01325576 1882.84833301],[2810.9584278  1813.44806996],[2822.12748709 1529.51367348]
DJI_20250321091215_0476_D:[3379.84721949 2297.7971827 ],[3367.07634787 2581.84458835],[2734.38678705 2514.19643211],[2746.52017161 2228.85233252]
DJI_20250321091209_0473_D:[3470.46673486 1264.25893429],[3462.14014273 1544.38412372],[2833.70801136 1474.48145393],[2844.24156753 1193.61796572]
DJI_20250321091558_0587_D:[2116.62597761 1838.47677419],[2102.29103801 2123.33829107],[1478.1878137  2048.28766388],[1493.04748266 1765.95630349]
DJI_20250321091401_0529_D:[2490.95417785 2858.0941984 ],[2502.8803925  2578.90185971],[3129.18069008 2648.27817009],[3115.45245761 2926.73291372]
58
DJI_20250321091215_0476_D:[2888.70074257 2006.02518966],[2876.67236808 2292.41571743],[2239.53415876 2221.78850278],[2251.73466726 1935.71820946]
DJI_20250321091213_0475_D:[2927.2676677  1631.07961233],[2916.0533322  1916.99596105],[2278.53399603 1847.48312074],[2290.94079251 1562.08530028]
DJI_20250321091217_0477_D:[2865.67211363 2375.23471803],[2852.90955131 2659.69701052],[2218.76057148 2588.23209   ],[2230.68634933 2303.84297488]
DJI_20250321091211_0474_D:[2962.52596172 1308.00948106],[2951.99477126 1590.90162152],[2317.76371988 1522.29202134],[2330.36621458 1240.05504768]
DJI_20250321091013_0415_D:[1727.07332653 2018.90934498],[1735.24019158 1747.38145597],[2338.27348097 1803.86382258],[2330.64139413 2077.26395842]
DJI_20250321091011_0414_D:[1775.21846516 1708.04412727],[1784.61106631 1437.85012759],[2386.35721412 1492.48854867],[2378.28544424 1764.6657269 ]
DJI_20250321091015_0416_D:[1706.28919229 2334.81871023],[1712.8441159  2060.80233353],[2321.91604276 2118.92002694],[2315.08085996 2394.64954414]
DJI_20250321091355_0526_D:[3044.93470377 2186.95070357],[3057.16934016 1905.74252628],[3677.13436974 1975.88095312],[3664.91804919 2255.47874475]
DJI_20250321091353_0525_D:[3071.47693461 1859.07492805],[3083.0132761  1578.39889553],[3702.23121416 1650.14068053],[3691.61858639 1929.38073889]
DJI_20250321091357_0527_D:[3016.99648696 2507.65616147],[3029.8586863  2226.69966113],[3650.76783614 2295.23442598],[3637.01368058 2574.35356487]
59
DJI_20250321091353_0525_D:[2287.98495143 2000.11466383],[2300.55403868 1719.314661  ],[2926.104644   1788.91864954],[2914.02609737 2070.28613136]
DJI_20250321091355_0526_D:[2262.08678754 2327.051677  ],[2274.22891689 2046.45179752],[2899.70658152 2116.7948888 ],[2887.18920413 2397.78253455]
DJI_20250321091351_0524_D:[2337.37934974 1674.30745645],[2350.15919873 1394.91368216],[2974.24757595 1463.48643776],[2962.84318641 1743.57828288]
DJI_20250321091600_0588_D:[2418.15823538 1734.03979367],[2403.85699903 2020.27725513],[1771.26297732 1945.6460283 ],[1786.42126967 1661.20586255]
DJI_20250321091601_0589_D:[2397.17042071 2057.93867608],[2383.01517087 2345.34032018],[1748.45333198 2268.41159622],[1762.57017692 1982.60499886]
DJI_20250321091357_0527_D:[2234.48838743 2646.25770142],[2246.11782864 2366.63229416],[2871.83366503 2437.66298831],[2858.94713628 2717.48275874]
DJI_20250321091558_0587_D:[2420.04516978 1404.22370065],[2405.48513433 1688.29604671],[1775.25138221 1615.92375559],[1791.58814582 1333.91331253]
DJI_20250321091349_0523_D:[2380.41256856 1352.92770191],[2393.17189132 1075.55386368],[3016.56691045 1142.83048759],[3006.09383745 1421.06520717]
DJI_20250321091215_0476_D:[3677.48965184 1862.12289703],[3666.48788233 2146.24737984],[3036.40100464 2077.12336729],[3047.98948952 1791.22488428]
DJI_20250321091604_0590_D:[2362.63687978 2409.81810161],[2348.74291421 2696.63129128],[1714.07139771 2617.37790639],[1726.93303619 2331.99048941]
60
DJI_20250321091217_0477_D:[3005.23037949 1948.38815697],[2992.98812536 2233.14372079],[2359.08787133 2162.27327414],[2371.67645201 1877.55126763]
DJI_20250321091215_0476_D:[3027.05448913 1579.66271311],[3015.83249822 1864.28074344],[2380.47475899 1794.18476455],[2393.03829774 1509.83935798]
DJI_20250321091219_0478_D:[2985.59227095 2299.09428574],[2972.78505622 2584.23828331],[2337.20944595 2513.35033349],[2349.40964733 2228.00475932]
DJI_20250321091353_0525_D:[2932.42224364 2279.29779886],[2944.73957651 1998.39372799],[3565.84082178 2067.92402881],[3553.28579705 2347.44934932]
DJI_20250321091213_0475_D:[3063.6807784  1208.91706053],[3053.59813766 1490.96351072],[2419.45807631 1421.83728281],[2431.90317369 1140.25474392]
DJI_20250321091351_0524_D:[2981.58159269 1953.01110186],[2993.25633103 1672.49853648],[3613.11726484 1743.14553815],[3602.11393276 2022.42059291]
DJI_20250321091011_0414_D:[1650.72914721 2115.28512653],[1658.68099995 1844.72198909],[2258.68079419 1901.98298186],[2251.00442777 2174.57338738]
DJI_20250321091009_0413_D:[1664.18178711 1768.97816484],[1673.76020783 1499.79727856],[2271.61813113 1554.72129029],[2263.18614848 1826.15059199]
DJI_20250321091221_0479_D:[2952.57803792 2638.06892226],[2939.21217831 2921.88328652],[2303.54491972 2850.90870037],[2315.35388638 2566.68846638]
DJI_20250321091355_0526_D:[2905.28526726 2605.15487317],[2918.03262553 2325.50242139],[3538.48012012 2393.5549393 ],[3524.59777223 2671.61406835]