1
DJI_20250422093212_0423_D:[2128.92270606 2101.78270334],[2137.90316674 1834.99297481],[2732.22952422 1894.93303673],[2723.43710035 2162.07436887]
DJI_20250422093210_0422_D:[2166.49338564 1797.51009173],[2175.8720915  1531.44252726],[2769.40644765 1590.47300444],[2760.98964712 1857.0205211 ]
DJI_20250422093336_0465_D:[2586.44283023 1766.43113091],[2579.67020301 2028.5146705 ],[1998.2446694  1973.71040443],[2005.68392717 1713.01642694]
DJI_20250422093214_0424_D:[2101.32240563 2442.3130492 ],[2109.57288865 2176.26978999],[2703.41171921 2236.65010959],[2694.51880708 2502.89624079]
DJI_20250422093338_0466_D:[2564.662806  2085.4690704],[2557.85478418 2347.21517488],[1977.63965848 2290.73082336],[1984.37762266 2030.23077927]
DJI_20250422093334_0464_D:[2611.81886408 1445.80706687],[2605.22907414 1706.72439854],[2024.01212253 1653.94195828],[2032.02178183 1394.53654117]
DJI_20250422093208_0421_D:[2186.47057597 1487.0831163 ],[2196.56230559 1223.12788451],[2788.00068047 1281.81909621],[2779.65613319 1546.43402242]
DJI_20250422093340_0467_D:[2552.95266147 2400.10257629],[2546.2555987  2660.67680217],[1967.19944361 2602.86603232],[1973.08506671 2343.37585956]
DJI_20250422093216_0425_D:[2082.0213907  2764.88154712],[2089.42941152 2500.35489534],[2683.25667718 2561.062626  ],[2674.3318029  2825.61587815]
DJI_20250422093332_0463_D:[2629.74853911 1154.21014925],[2622.84798829 1413.08162924],[2042.51275468 1361.0987934 ],[2051.52458331 1103.87441878]
2
DJI_20250422093552_0533_D:[2615.58640191 2117.85809445],[2622.07174656 1875.08892342],[3161.72847092 1926.41172963],[3155.40480958 2168.61194435]
DJI_20250422093338_0466_D:[3262.68901316 1927.66896543],[3256.19456406 2188.42702775],[2675.08412297 2133.9711437 ],[2681.85825935 1872.88823804]
DJI_20250422093550_0532_D:[2645.9192503  1837.95288377],[2652.34148118 1596.26077576],[3190.15747148 1647.99664807],[3184.47484356 1889.24168988]
DJI_20250422093336_0465_D:[3284.13036949 1610.02544761],[3278.5830242  1870.43072856],[2696.91670858 1815.72952406],[2703.48083508 1555.13851894]
DJI_20250422093554_0534_D:[2610.99008493 2390.60055998],[2617.62133436 2148.24765596],[3157.01788436 2199.24957623],[3149.95966246 2440.89003285]
DJI_20250422093340_0467_D:[3251.05087384 2241.26629781],[3243.75991371 2501.52093869],[2663.31169447 2447.63759931],[2670.14230399 2186.89014944]
DJI_20250422093548_0531_D:[2674.35261637 1536.55647142],[2680.45411632 1296.25907881],[3217.19069011 1348.06353833],[3212.41451005 1588.0143979 ]
DJI_20250422093334_0464_D:[3307.19139692 1291.73318581],[3302.75975755 1550.25836884],[2722.07093521 1495.62352303],[2728.27292319 1237.03123983]
DJI_20250422093556_0535_D:[2592.57681231 2688.64452711],[2599.27947142 2448.07409836],[3137.06848389 2498.47682267],[3129.30696753 2738.22038365]
DJI_20250422093342_0468_D:[3227.61900141 2567.71566106],[3219.76795459 2825.85743296],[2641.58424905 2773.2699697 ],[2648.20304748 2514.45886739]
3
DJI_20250422093208_0421_D:[2400.05393945 1934.80398802],[2409.02997881 1670.68711125],[2997.1348162  1730.35017395],[2988.77974223 1994.30047053]
DJI_20250422093210_0422_D:[2381.51891151 2243.41238216],[2390.01922739 1978.94620181],[2978.91128262 2038.00008914],[2970.2656066  2302.12648702]
DJI_20250422093206_0420_D:[2418.75129916 1616.07493792],[2428.02217571 1353.3607144 ],[3014.93129014 1413.1464407 ],[3007.05767919 1675.8971694 ]
DJI_20250422093212_0423_D:[2344.58152683 2544.04539141],[2352.88339301 2280.53895722],[2941.42735736 2339.65138396],[2932.22622291 2602.69324627]
DJI_20250422092958_0356_D:[3553.0333812  1910.10451228],[3546.63325841 2173.94043674],[2959.90903578 2119.35789787],[2966.54063029 1854.49533596]
DJI_20250422093340_0467_D:[2344.70879776 1961.67285451],[2337.87918247 2220.49798307],[1767.02658672 2164.82737698],[1774.09056542 1907.80297292]
DJI_20250422093338_0466_D:[2356.68153962 1650.80300125],[2349.52022571 1909.14221615],[1778.72779941 1855.63876209],[1786.83355696 1599.24696567]
DJI_20250422092956_0355_D:[3565.35243494 1575.06159915],[3560.3030179 1838.0306048],[2973.90644204 1782.12395788],[2980.03753324 1518.31473268]
DJI_20250422093000_0357_D:[3532.1028915  2241.38188292],[3524.28689856 2504.37874706],[2938.87480289 2450.97713217],[2946.09689254 2186.78441501]
DJI_20250422093342_0468_D:[2323.28168537 2287.53684651],[2317.05829459 2545.31989137],[1747.78146393 2488.06451705],[1753.49842309 2231.92645953]
4
DJI_20250422093340_0467_D:[2786.05546376 1779.07820354],[2779.40877117 2039.97741014],[2198.85946033 1985.14662132],[2206.16804365 1725.14920416]
DJI_20250422093342_0468_D:[2763.81233403 2107.60849622],[2757.17462159 2368.21081524],[2177.62179229 2312.94664443],[2184.16442433 2053.08626328]
DJI_20250422093208_0421_D:[1945.79216974 2117.66667524],[1954.77443977 1852.04416588],[2546.09466494 1911.64993722],[2537.29253798 2178.10204032]
DJI_20250422093206_0420_D:[1964.26040043 1797.07676806],[1974.18244565 1532.11959274],[2564.79908556 1590.65272639],[2555.85381959 1856.64532275]
DJI_20250422093338_0466_D:[2797.38796953 1466.45456759],[2790.97634189 1726.12787719],[2211.03590029 1672.37587513],[2218.83498754 1413.75459398]
DJI_20250422093210_0422_D:[1928.02235738 2427.53336042],[1935.88799379 2162.33472446],[2527.40281111 2222.49442468],[2518.92907595 2488.35164121]
DJI_20250422093344_0469_D:[2746.27646294 2433.30245215],[2738.89030771 2692.42856722],[2161.14091205 2635.07948171],[2167.66818269 2376.52950461]
DJI_20250422093204_0419_D:[1984.73470781 1470.47186097],[1995.5681899  1208.41551132],[2582.49492153 1265.57443995],[2573.43652506 1528.84985114]
DJI_20250422093336_0465_D:[2818.35380185 1151.36776594],[2812.34799895 1408.97570529],[2233.00204793 1356.6019559 ],[2241.12660263 1100.17718097]
DJI_20250422093212_0423_D:[1892.56910687 2727.6717541 ],[1899.5831333  2464.26191838],[2489.9104021  2525.64814552],[2481.50877341 2789.59676401]
5
DJI_20250422093548_0531_D:[2628.85579034 2097.55612772],[2635.11437087 1854.39648349],[3175.68020378 1905.33131575],[3169.60456145 2147.93783106]
DJI_20250422093342_0468_D:[3278.21898716 1965.8048    ],[3271.84990487 2226.69448355],[2690.49150623 2172.74173377],[2697.0766197  1911.45768873]
DJI_20250422093546_0530_D:[2632.11729984 1798.70025419],[2638.45164414 1556.87603393],[3176.84932804 1608.42089728],[3171.27141684 1849.84621298]
DJI_20250422093340_0467_D:[3300.23959192 1637.7685821 ],[3294.56752222 1898.34017393],[2712.72890276 1843.37984484],[2719.38652584 1582.57334161]
DJI_20250422093550_0532_D:[2599.81576024 2399.76789986],[2606.26929097 2157.08853936],[3146.54330822 2207.79475378],[3139.68119262 2449.81627623]
DJI_20250422093344_0469_D:[3260.72740215 2293.3277524 ],[3252.90401063 2553.3429003 ],[2672.8626438  2498.72816016],[2680.1306173  2238.14957192]
DJI_20250422093338_0466_D:[3309.8434126 1326.141214 ],[3305.07573272 1584.89092421],[2724.29075638 1529.63523323],[2730.78108572 1270.80170701]
DJI_20250422093544_0529_D:[2658.41273804 1513.28504202],[2664.6745063  1274.09316125],[3199.2045837  1325.89893439],[3194.24801656 1564.80302453]
DJI_20250422093552_0533_D:[2569.44120656 2679.80488441],[2575.82517847 2437.88414018],[3116.58671106 2487.96228127],[3109.19879018 2729.09937123]
DJI_20250422093346_0470_D:[3215.43720806 2622.63458284],[3207.00728865 2881.14727709],[2627.49564735 2827.41908467],[2634.57962449 2568.22480521]
6
DJI_20250422093546_0530_D:[2120.17595285 1950.23425062],[2126.95554771 1708.63053368],[2665.51670406 1758.89868127],[2659.19994595 2001.07078065]
DJI_20250422093548_0531_D:[2115.73806302 2248.83842551],[2121.88796761 2006.41733854],[2662.35149065 2057.26397625],[2656.08963751 2300.10991069]
DJI_20250422093724_0579_D:[2569.86889885 1713.16154394],[2560.86647156 1958.08129151],[2017.51334184 1901.29643781],[2027.26035453 1657.61756389]
DJI_20250422093726_0580_D:[2553.99469921 2008.66936551],[2545.07091838 2253.89456337],[2001.7823468  2195.80757826],[2010.83826885 1951.69282234]
DJI_20250422093544_0529_D:[2149.11028365 1664.27756254],[2156.36588972 1424.7720694 ],[2691.57333485 1474.17013065],[2685.33145757 1714.34193842]
DJI_20250422093722_0578_D:[2598.48444197 1418.00178218],[2589.41981567 1661.84760604],[2046.12977062 1606.29591913],[2056.53867134 1363.7924956 ]
DJI_20250422093550_0532_D:[2087.98691859 2548.84823307],[2093.74039981 2307.47996795],[2633.32266173 2359.33109137],[2626.86447956 2601.02189554]
DJI_20250422093728_0581_D:[2527.71713084 2314.64381326],[2518.80681949 2559.0716633 ],[1976.53973016 2499.51016541],[1984.94239771 2256.05288972]
DJI_20250422093542_0528_D:[2185.445031   1338.39602218],[2193.38453848 1101.79787173],[2725.27540376 1150.66891224],[2718.99318139 1388.0515026 ]
DJI_20250422093720_0577_D:[2615.15742236 1123.94861101],[2606.35021351 1365.13331667],[2065.22072651 1311.66186768],[2075.97130942 1071.92819645]
7
DJI_20250422093726_0580_D:[2965.40412419 1866.0524251 ],[2956.78348097 2110.23203805],[2413.04350091 2053.30919081],[2422.0991457  1809.46116513]
DJI_20250422093728_0581_D:[2939.32434225 2171.08859157],[2930.2103275  2415.02777189],[2387.00413438 2357.60747131],[2395.92129514 2113.85967711]
DJI_20250422093724_0579_D:[2980.52850696 1572.34351382],[2972.30824087 1815.69613463],[2428.9300184  1759.13034387],[2438.19147386 1516.23911452]
DJI_20250422093928_0641_D:[2864.26177825 1935.49759327],[2875.4072214  1693.86214629],[3409.93288648 1756.72034646],[3399.22885981 1997.38923596]
DJI_20250422093930_0642_D:[2856.1666887  2223.87869743],[2867.4793438  1982.00512367],[3402.46710244 2043.47097588],[3391.00239691 2284.22000879]
DJI_20250422093730_0582_D:[2916.32132452 2461.67577838],[2906.82952923 2704.22260238],[2365.20923167 2646.57190111],[2373.89556944 2404.0757948 ]
DJI_20250422093722_0578_D:[3008.12895579 1279.62070793],[3000.3247253  1521.37300393],[2457.55409945 1465.07762736],[2466.99413728 1223.88440563]
DJI_20250422093546_0530_D:[1722.28181747 2094.27402338],[1728.82333312 1854.53180148],[2261.0250115  1904.51431153],[2254.65554035 2145.56443091]
DJI_20250422093544_0529_D:[1752.3645755  1809.78496186],[1759.82011867 1571.61412183],[2289.21635079 1619.85108599],[2282.4842531  1859.41501267]
DJI_20250422093926_0640_D:[2893.24618033 1643.72333554],[2904.0181902  1402.73830031],[3438.39232442 1466.6904283 ],[3428.65361836 1706.82107787]
8
DJI_20250422093928_0641_D:[2462.17984601 2071.49678334],[2473.65086132 1828.77727799],[3013.37314227 1891.08291865],[3002.05107845 2133.56444969]
DJI_20250422093926_0640_D:[2490.78326385 1778.74570426],[2502.35141869 1536.16481909],[3042.45093719 1598.66172134],[3031.62660737 1841.12304234]
DJI_20250422093930_0642_D:[2454.26304036 2360.81076545],[2465.44230035 2118.34137136],[3005.31260706 2180.118579  ],[2993.68319491 2422.19241162]
DJI_20250422093728_0581_D:[3343.46471966 2030.296264  ],[3334.59264718 2274.66752747],[2790.78116836 2218.14825472],[2799.74657194 1973.20386234]
DJI_20250422093726_0580_D:[3368.80460603 1725.04710595],[3360.93077675 1969.1189076 ],[2817.05084654 1912.13684821],[2825.65862663 1667.63378466]
DJI_20250422093924_0639_D:[2535.34630144 1501.42412775],[2546.49567508 1259.39932581],[3087.3417589  1321.26948623],[3077.51435479 1563.24924262]
DJI_20250422093730_0582_D:[3320.30095369 2321.77945534],[3310.56672425 2565.26462159],[2767.91592582 2509.43020621],[2777.12635205 2265.22946741]
DJI_20250422093724_0579_D:[3382.63192532 1432.02750275],[3375.6375111  1674.74257868],[2832.54384412 1617.19048835],[2840.88814257 1374.17477354]
DJI_20250422093932_0643_D:[2398.08602017 2684.70774139],[2408.60960635 2442.60870174],[2950.32815856 2503.44619872],[2938.69078154 2745.04870817]
DJI_20250422093732_0583_D:[3299.51159661 2603.34233567],[3289.38939142 2845.21944523],[2748.06246494 2791.05798496],[2757.06224842 2548.31625131]
9
DJI_20250422093346_0470_D:[3159.15724336 1814.91796186],[3152.64589653 2074.48190188],[2573.8482587  2019.40135972],[2580.96526247 1759.82487433]
DJI_20250422093348_0471_D:[3147.96642408 2136.81637569],[3140.36403628 2396.2315363 ],[2562.18738943 2340.46325543],[2569.64125412 2080.88042138]
DJI_20250422093542_0528_D:[2741.79090854 1931.62182326],[2748.24287357 1692.16555033],[3280.06948432 1743.72734081],[3274.05757697 1982.54032605]
DJI_20250422093544_0529_D:[2708.60286141 2259.61832447],[2714.95506436 2019.37523378],[3248.71657308 2069.60705307],[3242.15505906 2309.07883474]
DJI_20250422093344_0469_D:[3202.37206985 1489.25365587],[3196.53390891 1747.06816142],[2619.53036096 1691.66592372],[2626.72192797 1433.92561129]
DJI_20250422093540_0527_D:[2754.55162852 1657.8960919 ],[2760.86573427 1418.99432996],[3292.78565878 1471.31662606],[3287.47623515 1709.68791845]
DJI_20250422093350_0472_D:[3110.9241756 2453.2046585],[3102.92997942 2711.21769   ],[2526.21961935 2656.13886322],[2533.31376979 2397.85888887]
DJI_20250422093546_0530_D:[2682.64537148 2546.89277845],[2689.02913772 2306.38986815],[3224.92781468 2355.84718888],[3217.76886127 2595.45831429]
DJI_20250422093342_0468_D:[3215.38506633 1167.3406752 ],[3210.97931224 1422.84543542],[2635.00632687 1368.82138456],[2641.51603308 1113.52888855]
DJI_20250422093202_0418_D:[1525.42819034 2128.01764061],[1534.30015218 1866.62108023],[2112.73441151 1925.28163265],[2103.98277242 2188.57744123]
10
DJI_20250422093542_0528_D:[2251.13367036 2062.12533387],[2257.86322369 1822.1309885 ],[2792.78275442 1873.04629906],[2786.24837786 2113.31043157]
DJI_20250422093540_0527_D:[2263.07373238 1788.03807683],[2270.19835528 1548.15143652],[2805.58571586 1598.77092893],[2799.22305068 1839.04640158]
DJI_20250422093544_0529_D:[2217.30749952 2391.01562583],[2223.30890949 2150.77890018],[2759.62283863 2201.62424116],[2753.16105109 2442.01129919]
DJI_20250422093730_0582_D:[2444.65035712 1865.86960885],[2435.43553624 2110.06214216],[1895.46923913 2052.2944523 ],[1905.10382744 1809.48127915]
DJI_20250422093728_0581_D:[2467.05885482 1574.93479012],[2457.76311108 1818.56111468],[1917.58362112 1762.57545172],[1927.90301384 1520.45694672]
DJI_20250422093538_0526_D:[2281.09275988 1491.66932106],[2288.71897522 1251.7120193 ],[2826.50115267 1302.33865828],[2820.26549099 1542.80974899]
DJI_20250422093732_0583_D:[2424.23424666 2149.61207362],[2415.54580308 2393.62378073],[1875.94933068 2335.09849358],[1884.47955938 2092.33925115]
DJI_20250422093546_0530_D:[2190.27802134 2678.36643604],[2195.76245918 2438.35740879],[2733.770822   2489.55668688],[2727.25125861 2729.61171893]
DJI_20250422093348_0471_D:[3675.81771032 1996.3463773 ],[3668.73170289 2255.24923116],[3094.31843569 2200.65738357],[3101.55386574 1940.39881918]
DJI_20250422093346_0470_D:[3685.64101563 1674.83118193],[3680.37037241 1933.27096731],[3105.82369684 1877.88182476],[3112.01206401 1618.24409637]
11
DJI_20250422093348_0471_D:[2718.18326105 1723.74315891],[2710.83511331 1983.23317481],[2133.77158461 1927.34200349],[2141.95070368 1668.94689238]
DJI_20250422093350_0472_D:[2681.47067682 2041.06371914],[2674.22226081 2300.67205235],[2097.8195178  2244.06394635],[2105.15941548 1985.4655174 ]
DJI_20250422093158_0416_D:[1978.37924626 1889.82883809],[1988.48168327 1625.8953544 ],[2576.35608769 1685.812159  ],[2566.92945444 1950.6740662 ]
DJI_20250422093200_0417_D:[1974.54088075 2221.30361123],[1983.49757015 1957.85148166],[2570.23620156 2018.18485829],[2561.15434145 2282.36360076]
DJI_20250422093346_0470_D:[2728.68973262 1403.84892243],[2721.89949722 1661.92296203],[2145.33623399 1608.23679286],[2153.7029602  1351.39763565]
DJI_20250422093156_0415_D:[1999.38717562 1596.56201168],[2010.14449282 1334.577404  ],[2595.52609662 1393.10702577],[2586.15930887 1656.16558678]
DJI_20250422093352_0473_D:[2670.62899209 2353.31028072],[2663.01627375 2611.67318986],[2088.40892394 2553.31231989],[2095.39216949 2295.82043513]
DJI_20250422093202_0418_D:[1953.28826698 2548.8925404 ],[1960.99327058 2286.71682574],[2546.737372   2347.15653406],[2538.1344475  2609.90266588]
DJI_20250422093154_0414_D:[2025.69362525 1287.65546529],[2036.98327302 1028.87161366],[2618.95907359 1085.61390321],[2609.8101406  1345.62793093]
DJI_20250422093344_0469_D:[2773.64259074 1082.00186515],[2767.04928334 1336.81628417],[2193.03019925 1284.22296471],[2201.93449053 1030.71448491]
12
DJI_20250422093010_0362_D:[2932.24784145 1978.26277053],[2925.62527951 2245.5581891 ],[2330.44066143 2189.68142577],[2337.26416775 1922.89258041]
DJI_20250422093008_0361_D:[2943.6183475  1661.75391531],[2937.22830161 1928.33377464],[2342.60355583 1872.67294265],[2349.9703593  1606.76445398]
DJI_20250422093012_0363_D:[2916.04052919 2290.01473107],[2908.9723926 2557.0305874],[2313.66351522 2500.48213482],[2320.15543289 2233.82015022]
DJI_20250422093006_0360_D:[2948.04036961 1363.78211754],[2941.79533696 1629.39806343],[2346.66736054 1573.78509018],[2354.62977151 1309.0110117 ]
DJI_20250422092818_0306_D:[1797.6687699  2177.41397128],[1805.38600689 1912.38474446],[2394.68418989 1969.56475502],[2387.03521728 2235.91513527]
DJI_20250422092816_0305_D:[1813.83992967 1876.52412703],[1822.51513899 1612.23332375],[2410.56912953 1667.51340935],[2402.72800428 1933.28047718]
DJI_20250422093158_0416_D:[2972.63162087 2188.93094352],[2982.04851503 1921.60927672],[3571.38333485 1983.07428844],[3561.91254547 2248.65180948]
DJI_20250422092820_0307_D:[1785.02435224 2480.69777104],[1791.63957802 2216.91027124],[2379.5722702  2275.54697359],[2372.2481318  2540.48629813]
DJI_20250422092814_0304_D:[1838.79409345 1562.45562032],[1848.3068637  1300.35778838],[2433.77551235 1353.37531962],[2425.86588977 1617.09246607]
DJI_20250422093156_0415_D:[2991.17800366 1891.11894976],[3000.05608915 1624.80698023],[3587.43625793 1687.79646487],[3579.24472285 1952.53298999]
13
DJI_20250422093156_0415_D:[2513.13016992 2019.26930007],[2522.56163479 1753.24545014],[3114.07879632 1814.67771755],[3105.01654297 2080.22709437]
DJI_20250422093158_0416_D:[2493.70150558 2316.32865274],[2503.05641134 2049.83642119],[3096.07865554 2110.97712685],[3086.35919969 2376.83681182]
DJI_20250422093154_0414_D:[2537.30119886 1704.46653951],[2546.65952114 1440.10915708],[3135.77432142 1501.51773717],[3127.55132911 1765.56462275]
DJI_20250422093010_0362_D:[3404.63514375 1845.77432566],[3398.64828373 2111.31205383],[2807.03912248 2056.41212592],[2813.52816091 1790.28193695]
DJI_20250422093012_0363_D:[3389.8937059  2155.47390909],[3382.82950424 2421.30217014],[2790.61070576 2367.03258321],[2797.4043761  2100.45214086]
DJI_20250422093008_0361_D:[3414.42465675 1532.34251264],[3409.30140258 1796.61302129],[2818.66075867 1740.62256824],[2825.0602332  1475.92651459]
DJI_20250422093200_0417_D:[2488.75137909 2647.18311298],[2497.63276708 2382.90011673],[3088.1601273  2442.49915684],[3078.10438298 2705.95575189]
DJI_20250422093152_0413_D:[2575.23862947 1409.71648985],[2584.52268754 1148.62256768],[3169.17271805 1210.11262326],[3161.73900345 1471.01935262]
DJI_20250422093014_0364_D:[3366.59369544 2473.21374074],[3358.87769495 2737.5297888 ],[2768.06915935 2685.05253907],[2774.70176934 2419.82019975]
DJI_20250422093006_0360_D:[3418.27779403 1237.58913993],[3413.90493092 1500.37442352],[2823.09789027 1443.19474173],[2829.49110364 1180.14262564]
14
DJI_20250422092814_0304_D:[2239.11533096 1988.79949739],[2246.87007558 1724.75658856],[2835.45239043 1780.9904567 ],[2828.23657751 2045.38723601]
DJI_20250422092816_0305_D:[2216.05683522 2304.24172399],[2223.44819742 2039.64020297],[2813.50433582 2096.6857283 ],[2805.88625751 2361.49106473]
DJI_20250422092812_0303_D:[2274.27511067 1690.33108835],[2282.13830265 1428.21345122],[2867.90382212 1483.26272728],[2861.28395741 1745.84413493]
DJI_20250422093012_0363_D:[2509.30620264 1859.39407237],[2502.47526614 2125.50326633],[1913.42746901 2069.50987847],[1920.76366008 1805.0190196 ]
DJI_20250422093010_0362_D:[2526.13680897 1551.11515755],[2519.26324573 1815.88205189],[1931.44754928 1761.9712335 ],[1939.57500126 1498.95088393]
DJI_20250422092818_0306_D:[2200.98032486 2604.18969406],[2207.89716073 2340.45492958],[2798.03403769 2397.97439689],[2790.12800696 2661.75151276]
DJI_20250422093014_0364_D:[2486.52178183 2178.80726213],[2480.21161514 2444.51263831],[1891.98080732 2387.49659006],[1898.00931132 2123.26823148]
DJI_20250422092810_0302_D:[2280.13622009 1384.10424148],[2288.40984405 1125.01361134],[2870.60534939 1179.23616578],[2864.29505038 1438.97226578]
DJI_20250422092630_0252_D:[3710.99288292 1905.98917613],[3709.00044644 2170.785076  ],[3120.7676313  2125.45106458],[3123.07716486 1859.28786609]
DJI_20250422093008_0361_D:[2538.76555812 1239.22992132],[2531.6305235  1501.66591929],[1945.55005805 1449.42316079],[1954.69094251 1188.88230857]
15
DJI_20250422092632_0253_D:[3004.85630739 1985.29685508],[3002.1472068  2252.24211712],[2406.92179635 2205.13842808],[2409.88246975 1938.56450928]
DJI_20250422092630_0252_D:[3022.3603205  1655.19363852],[3020.29094006 1921.74310312],[2424.73432202 1875.29670093],[2427.84953619 1609.26485728]
DJI_20250422092634_0254_D:[3001.77172846 2304.66155308],[2998.38307761 2570.27864324],[2405.34037674 2522.63291604],[2408.17874979 2257.20841652]
DJI_20250422092628_0251_D:[3042.20277675 1348.68147245],[3040.59611143 1613.28060264],[2446.45123378 1567.16232436],[2449.85199035 1303.1895125 ]
DJI_20250422092814_0304_D:[2926.46965776 2250.28199877],[2933.87888942 1985.00025854],[3520.18168897 2041.31043544],[3512.64401466 2305.08851148]
DJI_20250422092812_0303_D:[2959.72796938 1949.03625662],[2966.44961272 1684.84694371],[3550.24593965 1741.99066153],[3544.11727167 2004.81007477]
DJI_20250422092430_0192_D:[1656.57450091 1977.18941025],[1661.63325643 1712.3239423 ],[2250.05633127 1760.59607917],[2245.55559838 2027.07109628]
DJI_20250422092432_0193_D:[1641.64525225 2282.71016092],[1645.56261087 2018.78256129],[2232.1545303  2069.20940941],[2227.98390123 2334.61039605]
DJI_20250422092636_0255_D:[2985.63257491 2602.85006891],[2981.7910585  2867.31038614],[2388.81324782 2819.37366354],[2391.32828107 2554.97109406]
DJI_20250422092428_0191_D:[1667.85732627 1660.97749691],[1674.07195089 1397.29394489],[2261.42503354 1443.20415769],[2256.57237373 1708.66262552]
16
DJI_20250422092738_0286_D:[2451.54495991 1911.1206312 ],[2457.72930139 1645.84548382],[3048.74641773 1699.66382887],[3043.21631117 1964.69790169]
DJI_20250422092740_0287_D:[2433.28746287 2219.16288704],[2439.4458565 1954.6791138],[3028.55927743 2008.47308932],[3022.29536297 2272.57809959]
DJI_20250422092742_0288_D:[2430.4995548  2516.52252681],[2436.47914198 2252.84358677],[3025.28027218 2306.35338171],[3018.48090854 2569.49879349]
DJI_20250422092736_0285_D:[2472.34181008 1584.60867907],[2478.45102489 1319.7717225 ],[3070.57418375 1373.40418521],[3065.92106039 1638.14615505]
DJI_20250422092704_0269_D:[3489.54302867 1801.55800064],[3485.83354904 2068.18825534],[2891.75221482 2017.66211617],[2896.04659033 1750.23181662]
DJI_20250422092706_0270_D:[3465.67487615 2134.79562048],[3460.6944766  2402.51719414],[2864.37776235 2352.66631977],[2869.15293792 2084.01110998]
DJI_20250422092702_0268_D:[3515.54886555 1486.85558794],[3512.86701944 1752.84078776],[2918.19667596 1700.80217268],[2922.25419508 1434.12479686]
DJI_20250422093046_0380_D:[2275.72366481 1943.38264957],[2268.72657417 2211.60622716],[1678.36461875 2154.16490731],[1685.67743966 1888.055471  ]
DJI_20250422093044_0379_D:[2291.46004289 1619.59978717],[2283.58382123 1886.62721784],[1694.50823688 1830.92763618],[1703.54448233 1566.15778231]
DJI_20250422092708_0271_D:[3477.80860913 2459.27451345],[3471.52061816 2726.17084175],[2875.46150966 2677.4313089 ],[2880.7082073  2409.34482122]
17
DJI_20250422093118_0396_D:[2610.65771452 2034.02364723],[2620.29817255 1770.27486123],[3206.22016793 1832.0332636 ],[3196.90911242 2095.17543329]
DJI_20250422093120_0397_D:[2587.6498725 2334.1952563],[2597.1192375  2069.90632668],[3184.88598453 2130.78310173],[3175.03474544 2394.35154095]
DJI_20250422093046_0380_D:[3357.99091658 1846.89482199],[3351.7840578  2114.73688562],[2754.89390833 2059.04324689],[2761.62680836 1790.66065411]
DJI_20250422093116_0395_D:[2622.80374251 1724.90042716],[2632.40184226 1462.28306114],[3216.97024346 1524.53694061],[3208.42295219 1786.70116978]
DJI_20250422093048_0381_D:[3311.53533599 2173.82971549],[3304.4227714  2439.90017249],[2711.33590127 2385.43344774],[2718.11707901 2118.72884483]
DJI_20250422093044_0379_D:[3369.3800689  1525.99889399],[3363.86133667 1792.11243634],[2768.84172053 1734.95081239],[2775.7419416  1468.46655201]
DJI_20250422093122_0398_D:[2573.45413914 2637.33156314],[2582.61994376 2373.84869644],[3170.75956495 2433.51147908],[3160.51271979 2696.13104518]
DJI_20250422093050_0382_D:[3281.13282542 2498.89887957],[3273.41994979 2762.38743136],[2683.8823512  2709.54864955],[2690.42233553 2445.29357914]
DJI_20250422093114_0394_D:[2657.6155979  1413.37831068],[2666.71055302 1151.70358312],[3251.99203014 1213.95182826],[3244.71302647 1475.25839492]
DJI_20250422093042_0378_D:[3408.85692742 1170.19327892],[3404.70845629 1432.81673765],[2813.05233781 1375.26944805],[2819.45426545 1112.3827449 ]
18
DJI_20250422092736_0285_D:[2619.86667533 2007.06576701],[2625.59796111 1740.29899745],[3218.58954714 1793.95679057],[3213.25837557 2060.00220461]
DJI_20250422092706_0270_D:[3315.33678929 1711.02739403],[3311.6280315  1978.71417918],[2713.99159237 1927.45722034],[2718.59240557 1659.48778216]
DJI_20250422092708_0271_D:[3329.007578   2034.84217958],[3324.23640436 2303.4786253 ],[2725.43500774 2252.44079496],[2730.28868328 1983.29393342]
DJI_20250422092738_0286_D:[2598.20508941 2332.2029822 ],[2604.16334717 2066.69585218],[3194.84142838 2119.83663978],[3188.49317295 2384.48256682]
DJI_20250422092734_0284_D:[2638.87119819 1708.74336359],[2644.39254436 1443.01808709],[3236.34453974 1496.97817487],[3231.9455184  1762.12606662]
DJI_20250422092710_0272_D:[3303.91860062 2352.58711275],[3298.18913636 2620.25186541],[2700.4951748  2569.76174987],[2705.52460603 2301.44949968]
DJI_20250422092704_0269_D:[3338.32605239 1381.35126733],[3335.72138424 1646.26396791],[2741.48630179 1595.02880201],[2745.74840096 1329.94081469]
DJI_20250422092740_0287_D:[2579.05183755 2637.04877903],[2585.12832273 2373.93371935],[3172.75689076 2426.39481369],[3165.53944656 2688.51546224]
DJI_20250422092732_0283_D:[2642.6697918  1381.73032163],[2648.12306904 1120.79151296],[3232.8139572 1174.7366099],[3229.23993052 1435.32048582]
DJI_20250422092712_0273_D:[3273.96853587 2670.02783774],[3267.4554417  2935.11600234],[2672.40797625 2885.61132809],[2677.38650297 2619.73600498]
19
DJI_20250422093048_0381_D:[2938.03521795 1735.03534524],[2931.66890773 2001.6807459 ],[2337.24907976 1946.18765567],[2344.39862436 1680.12387759]
DJI_20250422093050_0382_D:[2909.51867976 2063.10522399],[2903.02190006 2328.94943517],[2311.01491738 2273.71134871],[2317.45674992 2008.32143954]
DJI_20250422093046_0380_D:[2981.99992147 1406.55870487],[2976.09304028 1673.184993  ],[2378.87935656 1617.79653227],[2386.43473886 1351.85184737]
DJI_20250422092736_0285_D:[1774.87364067 2121.93259024],[1780.78233819 1856.44141054],[2371.27193055 1909.07540374],[2365.5253744  2175.88267819]
DJI_20250422093052_0383_D:[2897.91252978 2398.23678837],[2890.87700873 2662.83515754],[2300.14713469 2606.82060676],[2306.28344038 2342.50297374]
DJI_20250422092734_0284_D:[1793.75387271 1825.59034222],[1800.50996498 1560.63814531],[2390.4457341  1611.29449928],[2384.57983703 1877.70499367]
DJI_20250422092738_0286_D:[1758.30546031 2443.46849422],[1763.28510402 2179.78359344],[2350.8975068 2234.3798442],[2345.28434479 2499.22138064]
DJI_20250422093116_0395_D:[2988.12844353 2163.22508323],[2997.67183588 1899.58407703],[3578.96274278 1960.98117011],[3569.41044656 2222.98543143]
DJI_20250422093114_0394_D:[3025.34979166 1852.00934142],[3033.9950953  1587.69510811],[3616.85373732 1650.32521439],[3608.95278629 1913.07574819]
DJI_20250422092732_0283_D:[1806.59431804 1498.43314176],[1814.38376892 1237.78097163],[2397.17437041 1286.02769143],[2391.04165645 1548.31097809]
20
DJI_20250422092734_0284_D:[2222.24322209 2072.48249764],[2227.97593846 1806.2359615 ],[2821.61920532 1858.81981085],[2816.13539614 2125.29976895]
DJI_20250422092732_0283_D:[2229.98879779 1741.48702695],[2236.21468856 1478.58131204],[2823.48692677 1530.22974499],[2818.2860379  1793.57003523]
DJI_20250422092736_0285_D:[2203.53376787 2369.51992789],[2208.92714359 2103.60966932],[2802.54070562 2156.82749735],[2796.67410571 2422.82872853]
DJI_20250422093050_0382_D:[2480.6058138  1815.11439337],[2474.04444684 2080.26343755],[1887.20733402 2025.33716411],[1894.33363644 1761.8359191 ]
DJI_20250422093052_0383_D:[2469.30454929 2149.28934265],[2462.79757499 2414.20898812],[1876.51920243 2357.01570106],[1882.76032644 2093.58457956]
DJI_20250422093048_0381_D:[2508.284428  1487.5194415],[2501.27826205 1752.50128873],[1912.58295037 1698.74732778],[1920.98546636 1435.54436544]
DJI_20250422092738_0286_D:[2184.59801646 2689.80612115],[2189.6201382 2426.6484198],[2779.71836939 2480.37756061],[2773.44150371 2743.47921239]
DJI_20250422092730_0282_D:[2233.37790948 1399.72318552],[2240.16483396 1140.62515722],[2822.02896092 1191.4022965 ],[2817.02838189 1451.12190153]
DJI_20250422092710_0272_D:[3715.95971778 1985.32503514],[3711.50153941 2252.15694835],[3119.28833962 2202.06793758],[3123.93258598 1933.75993422]
DJI_20250422092708_0271_D:[3738.85157873 1669.85239248],[3735.93932819 1936.14576624],[3143.87853281 1884.45258953],[3147.76018869 1616.80986335]
21
DJI_20250422093114_0394_D:[2570.30662446 2220.73054413],[2579.54259577 1955.49577685],[3169.10068016 2016.19224501],[3159.71067428 2280.72680823]
DJI_20250422093112_0393_D:[2594.00378081 1907.18436029],[2602.83770483 1643.09180755],[3189.93466774 1703.35780477],[3181.72315153 1966.8867427 ]
DJI_20250422093052_0383_D:[3349.14340666 2024.19133316],[3342.54486971 2289.41113455],[2751.6985116  2235.07059625],[2758.29584447 1969.25466637]
DJI_20250422093050_0382_D:[3359.24391204 1689.7258207 ],[3353.86002784 1954.5479712 ],[2762.99119774 1899.84748216],[2769.21763431 1634.59720979]
DJI_20250422093116_0395_D:[2534.71584592 2528.81190847],[2544.18982637 2265.77263849],[3130.66620978 2326.38080216],[3120.29607881 2588.63330775]
DJI_20250422093110_0392_D:[2620.47349678 1587.84872429],[2628.88012704 1326.64181158],[3211.44982933 1386.44698465],[3204.39659969 1647.22019585]
DJI_20250422093054_0384_D:[3341.32233021 2363.56090662],[3333.7834072  2627.84248462],[2743.76631782 2574.69311934],[2750.45530274 2309.58935363]
DJI_20250422093048_0381_D:[3387.48840966 1363.83155178],[3382.95184378 1627.78206739],[2791.14948407 1571.65360897],[2797.37889665 1307.38674559]
DJI_20250422093118_0396_D:[2522.82387202 2835.36467185],[2532.15195222 2574.23791837],[3117.75791617 2634.04245552],[3106.79767836 2894.220708  ]
DJI_20250422093434_0494_D:[2136.06569391 1918.4210299 ],[2128.84236549 2179.52630469],[1556.63524495 2122.67251387],[1564.09240992 1863.92710199]
22
DJI_20250422093052_0383_D:[2967.79580442 1782.51560078],[2961.50629885 2048.21022135],[2369.32738677 1993.08774373],[2376.23433476 1727.89561172]
DJI_20250422093054_0384_D:[2960.30837249 2122.69270499],[2953.61717193 2388.47999995],[2361.40918854 2333.10573114],[2367.88266913 2067.61126934]
DJI_20250422093050_0382_D:[2977.89790608 1448.75252972],[2972.29140896 1713.0676141 ],[2380.7940458  1658.94371343],[2387.85233614 1395.28723019]
DJI_20250422092732_0283_D:[1738.18435354 2107.73575122],[1743.89787202 1844.57829683],[2328.87198577 1896.32406832],[2323.31916208 2160.91008924]
DJI_20250422093056_0385_D:[2927.42177117 2457.25666824],[2920.17108546 2721.44138928],[2329.74260114 2665.41020776],[2335.95080911 2401.38070777]
DJI_20250422092730_0282_D:[1743.66238623 1763.29409115],[1750.6236611  1502.44246037],[2331.19532982 1552.03973172],[2325.18030821 1814.4882248 ]
DJI_20250422093112_0393_D:[2972.65150606 2151.02418326],[2981.36918176 1886.73019432],[3564.25815086 1946.50488597],[3555.56328407 2209.15020404]
DJI_20250422092734_0284_D:[1727.51506994 2440.61538045],[1732.00990272 2175.65148756],[2322.32193385 2229.57895455],[2317.17485181 2495.80234462]
DJI_20250422093110_0392_D:[2997.32745942 1829.67976547],[3005.17183072 1567.4085781 ],[3584.06299749 1627.96729057],[3576.98519921 1888.73934915]
DJI_20250422093048_0381_D:[3005.86783157 1123.17278664],[3000.59283053 1385.66876969],[2408.66391745 1331.41132825],[2416.2382187  1069.69066736]
23
DJI_20250422092730_0282_D:[2415.44463263 2002.46532029],[2421.17640512 1739.3227418 ],[3007.4929694  1791.78686864],[3002.08667356 2054.74703244]
DJI_20250422092732_0283_D:[2414.39020931 2349.93240945],[2419.77188159 2085.4216816 ],[3009.69673126 2137.69866416],[3003.84697938 2401.8269657 ]
DJI_20250422092728_0281_D:[2385.39579634 1675.23865113],[2391.89746032 1416.18643029],[2970.49511041 1469.10836053],[2965.03445405 1728.2304087 ]
DJI_20250422092714_0274_D:[3488.8931148  2006.93805841],[3484.31795899 2274.37570597],[2888.88388158 2223.9345332 ],[2893.60856683 1955.60727608]
DJI_20250422092712_0273_D:[3500.61201176 1688.99043372],[3497.19115164 1956.07212236],[2901.49642513 1904.47001637],[2905.87724895 1636.66938652]
DJI_20250422092734_0284_D:[2409.16317211 2685.50942408],[2414.25052041 2420.15675569],[3008.68038308 2472.26975323],[3002.29592318 2737.013449  ]
DJI_20250422093054_0384_D:[2277.50842285 1877.61118782],[2270.7830547  2143.03889522],[1686.48703545 2087.25351471],[1693.61498522 1823.94109605]
DJI_20250422092726_0280_D:[2390.18281326 1368.43556664],[2399.83871434 1112.29196988],[2974.46162625 1171.27818823],[2966.51965611 1427.68551074]
DJI_20250422092716_0275_D:[3464.36136827 2340.34628604],[3458.66120603 2607.79905039],[2862.10579311 2558.72741941],[2867.07604894 2290.2121124 ]
DJI_20250422093052_0383_D:[2286.39573665 1538.9301287 ],[2279.12436982 1803.25692907],[1695.72901431 1750.07408278],[1704.22667053 1488.05526946]
24
DJI_20250422093054_0384_D:[2978.43643216 1711.48596558],[2972.32595777 1977.41921671],[2379.23657648 1922.48575227],[2386.14277184 1657.05893033]
DJI_20250422093056_0385_D:[2946.48243233 2046.77425719],[2939.71827083 2312.83708989],[2347.13200614 2257.06052111],[2353.87027145 1991.37775571]
DJI_20250422093052_0383_D:[2985.23103327 1373.22741543],[2979.57316411 1637.32015702],[2387.80460846 1582.9357954 ],[2395.08816953 1319.54825189]
DJI_20250422093058_0386_D:[2925.03840616 2365.23558414],[2917.8886263  2629.78469922],[2327.39850145 2573.76006855],[2333.72616942 2309.43555915]
DJI_20250422092730_0282_D:[1725.75566208 2168.15569917],[1731.23036614 1906.16193119],[2313.63159014 1958.23072621],[2308.1172842  2221.62651109]
DJI_20250422092728_0281_D:[1703.29993539 1839.09869297],[1710.39712417 1580.57986814],[2284.97183996 1631.21537316],[2278.56827807 1891.33565008]
DJI_20250422093108_0391_D:[2958.44063121 1916.42659285],[2966.267668   1654.90913141],[3543.64526377 1714.29642649],[3536.36793575 1974.34667538]
DJI_20250422093110_0392_D:[2976.89818162 2236.54375898],[2985.38169804 1973.26553674],[3566.10097865 2031.52675722],[3557.4014309  2293.08160189]
DJI_20250422092732_0283_D:[1722.24109329 2514.42658514],[1726.39605074 2251.82193174],[2311.98694761 2305.81352287],[2306.98203172 2569.65452637]
DJI_20250422093106_0390_D:[2932.43140917 1617.80769843],[2942.5821074  1358.67052006],[3516.54427868 1425.15849976],[3507.65264645 1683.10279254]
25
DJI_20250422093056_0385_D:[3257.07872268 1848.87283884],[3250.82775025 2114.50287761],[2658.64804607 2059.34577804],[2665.34615443 1793.45104804]
DJI_20250422093108_0391_D:[2650.22618908 2109.77139378],[2658.43058236 1847.66697446],[3240.31372446 1905.87444259],[3232.20532577 2167.12260661]
DJI_20250422093106_0390_D:[2623.63463405 1806.61675828],[2634.5244694 1546.2235073],[3213.19052033 1610.938843  ],[3203.10304469 1870.73946897]
DJI_20250422093058_0386_D:[3235.69102004 2167.3076155 ],[3228.60629962 2432.26266231],[2637.83076572 2377.64367701],[2644.5634308  2112.27308309]
DJI_20250422093054_0384_D:[3287.81998523 1514.79606433],[3282.69320987 1779.41176625],[2690.81894693 1724.24342872],[2697.21633112 1459.48544025]
DJI_20250422093110_0392_D:[2666.87243372 2430.63817427],[2675.33745503 2167.53515894],[3260.25654779 2225.32778013],[3251.11381145 2487.33019937]
DJI_20250422093104_0389_D:[2964.48084207 1654.97446193],[3171.27805882 1495.3093149 ],[3496.43661497 1983.08243875],[3290.69110126 2143.59928141]
DJI_20250422093100_0387_D:[3285.78383872 2301.78444811],[3351.73113798 2558.03084793],[2768.26124317 2669.94231831],[2701.12870969 2413.50066563]
DJI_20250422093102_0388_D:[3195.13856366 1702.88040891],[3458.30793757 1720.87336931],[3379.73649054 2309.01173739],[3116.22748005 2292.41202411]
DJI_20250422093052_0383_D:[3292.83728332 1179.31448234],[3288.61711719 1441.23690989],[2698.6289451  1385.79852193],[2704.95341923 1123.92860428]
26
DJI_20250422093058_0386_D:[2918.70150753 1942.40410573],[2912.06010609 2207.97899574],[2320.71462005 2152.36334523],[2327.57747743 1887.30154414]
DJI_20250422093056_0385_D:[2939.44749038 1623.78412816],[2933.23259795 1889.16499175],[2341.05286344 1834.09169601],[2348.28238962 1569.369206  ]
DJI_20250422093100_0387_D:[2918.17798286 2173.80467449],[2985.26556372 2431.19748847],[2400.45671828 2541.4183008 ],[2333.01035827 2284.5777393 ]
DJI_20250422093054_0384_D:[2970.30360637 1291.03651088],[2964.80067763 1554.52197745],[2373.41332305 1500.5417482 ],[2380.74770304 1237.82974402]
DJI_20250422093102_0388_D:[2957.90922203 2011.51165864],[3222.67311133 2028.83211154],[3142.21017952 2616.54683835],[2878.06277024 2600.08412578]
DJI_20250422092726_0280_D:[1709.65564717 1935.54089511],[1719.18198292 1677.45585756],[2292.17862879 1735.14595603],[2283.03447155 1994.73660326]
DJI_20250422093106_0390_D:[2932.20931541 2033.07541459],[2942.90481452 1772.31770773],[3518.21926226 1836.83714633],[3507.79985079 2096.11789608]
DJI_20250422092728_0281_D:[1710.55545428 2251.38026816],[1716.08010106 1992.49409685],[2291.6717581  2045.60629692],[2285.85340307 2305.83189534]
DJI_20250422093104_0389_D:[2990.38604406 2039.62738835],[3197.75158093 1878.86740691],[3520.58384853 2365.43365068],[3314.61942468 2526.05190225]
DJI_20250422093108_0391_D:[2961.95120107 2333.28797663],[2970.34994143 2071.6593261 ],[3547.92580905 2128.59995613],[3539.07771775 2388.48093377]
27
DJI_20250422092726_0280_D:[2394.05385983 2176.25201549],[2402.93464341 1917.80225207],[2978.44680615 1976.88149747],[2969.38579297 2235.06637839]
DJI_20250422092724_0279_D:[2537.87516283 1731.06234415],[2745.50062293 1572.82175537],[3067.71121698 2060.26533093],[2860.24313109 2218.75157168]
DJI_20250422092722_0278_D:[2809.2751274  1472.13507704],[3074.29427562 1487.8056613 ],[3000.64136045 2077.66951791],[2734.99623244 2062.28909643]
DJI_20250422092728_0281_D:[2399.31209999 2484.51423425],[2405.01308496 2226.08375042],[2982.36096812 2278.45857379],[2975.79424415 2536.45210424]
DJI_20250422092720_0277_D:[3395.68292977 1875.77079655],[3464.89539924 2133.63762362],[2879.46155592 2249.9551602 ],[2810.00922168 1991.32338942]
DJI_20250422092718_0276_D:[3446.52368564 1807.46327187],[3442.436501   2074.35226964],[2847.56333564 2022.85513168],[2852.30225046 1755.30556202]
DJI_20250422092716_0275_D:[3440.29975804 1506.76843716],[3437.53792146 1772.45549018],[2843.16998593 1720.90378678],[2847.33381174 1454.74286075]
DJI_20250422093058_0386_D:[2216.80564262 1703.8062708 ],[2209.62325105 1966.89227011],[1631.06573435 1912.52268901],[1639.05689431 1651.77228959]
DJI_20250422092730_0282_D:[2431.82753995 2816.5427935 ],[2436.84317083 2557.2366448 ],[3019.52682094 2608.26299594],[3012.86476421 2866.86668361]
DJI_20250422093100_0387_D:[2174.74864481 2136.44740717],[2241.58556574 2392.08667105],[1669.13814348 2497.95400668],[1603.04162744 2244.48128038]
28
DJI_20250422093102_0388_D:[2595.39697502 1707.46943236],[2860.4132751 1724.8301026],[2781.44795487 2313.71070805],[2516.60286578 2296.27318496]
DJI_20250422093100_0387_D:[3091.096601   1734.08015848],[3158.60240985 1990.90885208],[2574.68452303 2102.05400315],[2507.56448368 1845.06726887]
DJI_20250422093104_0389_D:[2522.6483093  2050.93128093],[2730.54676982 1890.28837792],[3056.66776538 2377.76358363],[2849.24627514 2537.87689677]
DJI_20250422093058_0386_D:[3204.47267374 1571.11918237],[3198.85444816 1834.83334205],[2609.43426814 1779.69213486],[2616.16978033 1516.01363051]
DJI_20250422093106_0390_D:[2641.95884494 2394.56292013],[2652.84217529 2134.46494559],[3230.69203201 2197.38487461],[3219.22405615 2456.44818517]
DJI_20250422093056_0385_D:[3223.89674727 1255.75020118],[3219.13738007 1517.73954472],[2630.09295635 1462.52149107],[2636.76118337 1200.7016034 ]
DJI_20250422093108_0391_D:[2674.55720512 2696.86898303],[2682.83369981 2437.23042737],[3262.24255341 2492.95909005],[3252.65331603 2751.30726678]
DJI_20250422092724_0279_D:[1830.2907034  1058.48104382],[2036.06954895  901.41595438],[2353.08102127 1379.50671156],[2145.52804029 1538.03615939]
DJI_20250422092726_0280_D:[1434.26372876 2293.83146147],[1442.0745765  2037.60724756],[2008.5102399  2097.28367075],[2000.21941175 2355.44837442]
DJI_20250422093054_0384_D:[3252.10584488  928.70042016],[3248.51988819 1187.19872388],[2661.59030354 1132.36925017],[2667.90254497  874.14108524]
29
DJI_20250422092724_0279_D:[2040.06664976 1715.51537604],[2248.99018893 1555.4031733 ],[2574.07485706 2047.62596996],[2364.31872545 2207.62864539]
DJI_20250422092722_0278_D:[2436.58215466 1129.31180213],[2703.67542161 1143.92621594],[2628.61325628 1737.27468713],[2360.32634559 1721.98943944]
DJI_20250422093100_0387_D:[2377.11148859 1678.57052126],[2444.41588176 1937.0997203 ],[1860.64070428 2048.55724878],[1794.85186651 1791.44491991]
DJI_20250422092726_0280_D:[2070.29482368 2549.44496807],[2078.28266058 2289.83550892],[2658.97289927 2350.10573898],[2649.90789782 2609.96981185]
DJI_20250422093058_0386_D:[2538.02716369 1319.44782957],[2531.01012166 1583.92542477],[1941.50176797 1531.07352013],[1950.28763116 1268.4324837 ]
DJI_20250422092720_0277_D:[3605.02135907 1412.09350178],[3676.34799538 1670.78596018],[3088.86401384 1786.00413818],[3018.04642391 1525.67286685]
DJI_20250422093102_0388_D:[2317.63045786 2369.37336879],[2584.22886749 2387.28923091],[2505.67575469 2973.38781204],[2241.11956874 2954.82084629]
DJI_20250422092728_0281_D:[2080.45405891 2862.16507176],[2084.83409868 2604.02554312],[2666.45122291 2658.15731081],[2660.27784679 2916.3919157 ]
DJI_20250422092718_0276_D:[3774.27816542 1419.85398698],[3772.51662812 1686.70394682],[3177.18076895 1632.86371847],[3180.58911432 1364.70703971]
DJI_20250422093056_0385_D:[2558.96197998 1003.69635217],[2551.92974323 1265.48952051],[1963.3397943  1214.70621896],[1972.94778209  954.89383271]
30
DJI_20250422093102_0388_D:[2211.31625896 1479.57345034],[2475.80161142 1496.12360747],[2396.61175995 2085.74742871],[2132.05902539 2068.14886442]
DJI_20250422093104_0389_D:[2088.09488877 2133.29754294],[2295.37786153 1972.70560955],[2623.05706199 2461.44697441],[2415.45836177 2620.95262275]
DJI_20250422093100_0387_D:[3185.10680722 1298.92287338],[3253.56513832 1554.18753403],[2670.09968321 1664.59111919],[2602.87462477 1408.62789585]
DJI_20250422093106_0390_D:[2427.20841409 2775.91076464],[2437.56947099 2517.37764666],[3016.98730435 2579.96308377],[3005.11765065 2837.70164981]
DJI_20250422093058_0386_D:[3412.72274786 1183.41082737],[3408.83490394 1444.39862688],[2821.34510652 1388.22706541],[2827.31348925 1126.98040778]
DJI_20250422093442_0498_D:[1855.92064513 1952.07290775],[2010.4317171  2162.08952369],[1528.83820523 2473.98675492],[1377.13261773 2265.30074263]
DJI_20250422093440_0497_D:[2163.37629942 1187.05135959],[2153.54511024 1445.45183959],[1582.05494294 1393.00042383],[1593.93396161 1137.40277638]
DJI_20250422093108_0391_D:[2463.81006709 3078.47851565],[2471.3451159  2821.87863764],[3051.45957406 2877.43475804],[3041.66636709 3132.99154997]
DJI_20250422093056_0385_D:[3429.90056327  872.4991133 ],[3427.22649503 1130.11715168],[2841.38320681 1073.45686116],[2846.94791959  815.69476852]
DJI_20250422092724_0279_D:[1406.74431182 1140.613341  ],[1609.93286092  982.5895075 ],[1921.06476649 1459.2639657 ],[1715.28444282 1618.20026944]
31
DJI_20250422092700_0267_D:[2776.31960461 1950.77201732],[2772.06045347 2219.11797955],[2175.09852667 2168.1671634 ],[2179.63142435 1900.72722543]
DJI_20250422092658_0266_D:[2776.04451942 1614.83594045],[2772.20955178 1882.5853293 ],[2175.22406214 1833.2299118 ],[2180.20340871 1566.56585852]
DJI_20250422092402_0178_D:[1845.214752   2119.51625205],[1850.10223314 1841.09834008],[2470.23416576 1893.36693078],[2465.53322414 2172.90807138]
DJI_20250422092400_0177_D:[1896.28233771 1789.25875864],[1902.28285032 1510.62114439],[2523.94265394 1561.90371165],[2519.03402321 1841.68447543]
DJI_20250422092702_0268_D:[2758.83591033 2284.90266737],[2753.8932605  2553.12518918],[2156.54184224 2500.00208844],[2160.90700001 2232.52931996]
DJI_20250422092656_0265_D:[2793.44130331 1308.0823658 ],[2789.81397255 1574.74497119],[2192.01864676 1526.36437008],[2197.59690323 1260.93605179]
DJI_20250422092404_0179_D:[1829.70401468 2447.0693493 ],[1833.42238898 2170.56899425],[2450.52487336 2223.91945885],[2446.11495715 2501.40225577]
DJI_20250422092358_0176_D:[1924.2667009  1457.85310778],[1931.13954703 1181.5669552 ],[2550.60425242 1231.20755742],[2545.72131863 1508.78757986]
DJI_20250422092704_0269_D:[2732.58680456 2600.25587712],[2727.73604571 2865.82318055],[2133.71551221 2812.37704579],[2137.20605507 2547.42812316]
DJI_20250422092406_0180_D:[1869.87545129 2763.09351119],[1872.56087466 2487.78099701],[2490.52971616 2542.12320528],[2486.29134894 2818.14789187]
32
DJI_20250422092746_0290_D:[2523.87113636 2129.67220456],[2530.33916479 1864.42354345],[3120.50796587 1919.03710619],[3114.18087856 2183.76891924]
DJI_20250422092744_0289_D:[2548.68604381 1801.56591556],[2555.08648942 1537.00420505],[3144.48490754 1591.78621721],[3139.028214   1855.97177941]
DJI_20250422092748_0291_D:[2510.99663643 2437.08157524],[2517.46489157 2172.82581711],[3106.47512673 2227.08012905],[3099.37850759 2490.65198831]
DJI_20250422092658_0266_D:[3416.65274708 1862.63712601],[3413.19727269 2130.59316052],[2815.91267864 2081.15877956],[2819.83069678 1812.52898274]
DJI_20250422092656_0265_D:[3434.88170504 1555.62070744],[3432.4920362  1823.42453308],[2833.7731944  1772.95159018],[2837.44278418 1504.61948505]
DJI_20250422092700_0267_D:[3416.57467208 2199.01868094],[3411.7451463  2466.51359134],[2815.39935584 2417.7068688 ],[2819.80267491 2149.34115995]
DJI_20250422092742_0288_D:[2556.19956705 1482.70946955],[2562.64417978 1220.58907423],[3149.30177763 1275.55016688],[3144.55653031 1537.46669921]
DJI_20250422093040_0377_D:[2239.70892257 1975.33263463],[2232.59240502 2243.61134578],[1642.71479953 2185.55209032],[1650.10034594 1919.45460963]
DJI_20250422092750_0292_D:[2478.93798387 2752.16050018],[2485.15757062 2489.64480361],[3073.38775304 2543.14462824],[3065.75022748 2804.8401892 ]
DJI_20250422093038_0376_D:[2244.72367797 1663.4929729 ],[2236.99544578 1932.06791389],[1645.63017187 1876.20343348],[1654.41963735 1610.01479625]
33
DJI_20250422092656_0265_D:[2723.24898954 1717.2844734 ],[2719.23385253 1985.89838762],[2121.38445587 1936.00566825],[2126.32439524 1668.57158319]
DJI_20250422092658_0266_D:[2705.7112718  2024.69885025],[2701.62387743 2292.75318488],[2105.81345184 2241.94393881],[2110.02645288 1974.91279523]
DJI_20250422092404_0179_D:[1902.89382908 2023.78937104],[1908.05313131 1747.17398473],[2524.4355484  1798.76557693],[2519.73217203 2076.4233833 ]
DJI_20250422092406_0180_D:[1941.57337175 2340.79811933],[1945.75893657 2063.61000094],[2564.21864015 2116.39612628],[2559.64823451 2394.35281173]
DJI_20250422092402_0178_D:[1920.44612765 1694.15574594],[1926.62859377 1417.4633163 ],[2544.65769687 1467.96997142],[2539.81487034 1745.85230195]
DJI_20250422092654_0264_D:[2745.69125058 1390.51520833],[2741.60644591 1658.51967851],[2142.20992174 1609.25712537],[2148.08636216 1342.5878337 ]
DJI_20250422092700_0267_D:[2705.40314907 2360.39191439],[2701.00444432 2627.25760959],[2106.54231796 2574.94652125],[2110.19351139 2308.9143494 ]
DJI_20250422092408_0181_D:[1946.6943095 2673.617032 ],[1949.41715731 2397.00209251],[2569.41114415 2449.70435739],[2565.42376782 2726.88304389]
DJI_20250422092400_0177_D:[1973.24988865 1364.48334061],[1980.33067908 1089.46940207],[2598.38667312 1139.16720163],[2593.55524538 1415.40252848]
DJI_20250422092652_0263_D:[2772.17209517 1070.46525969],[2768.234571   1336.15963195],[2169.01763614 1287.99730642],[2175.59470448 1023.78174679]
34
DJI_20250422092748_0291_D:[2480.7100012  2020.25932431],[2487.39463765 1756.06457295],[3075.52428652 1810.95910417],[3069.23036884 2074.80641157]
DJI_20250422092750_0292_D:[2448.35571757 2337.15758736],[2454.82347279 2073.03412606],[3043.3863782  2127.50652504],[3036.52941966 2391.14874657]
DJI_20250422092746_0290_D:[2493.50917804 1712.20090701],[2500.19787349 1448.63572012],[3088.2761374  1503.50948367],[3082.74595825 1766.89376663]
DJI_20250422092656_0265_D:[3470.62365377 1977.8013256 ],[3466.79539522 2246.33657127],[2868.7037954  2197.17819197],[2872.72358025 1927.77134087]
DJI_20250422092654_0264_D:[3494.65767492 1651.86946358],[3491.83530537 1920.83222555],[2891.58648391 1869.82837472],[2895.48248494 1600.14151386]
DJI_20250422092658_0266_D:[3450.64408365 2284.03158848],[3445.74777575 2551.0173582 ],[2850.3569162  2503.25654837],[2854.6310753  2235.24251481]
DJI_20250422092752_0293_D:[2412.92823456 2687.49155326],[2419.22532096 2424.11135175],[3008.90967457 2478.4789061 ],[3001.36685306 2741.20973321]
DJI_20250422093036_0375_D:[2312.84876856 1730.59089146],[2305.06485366 1999.54201453],[1712.16817379 1942.46003077],[1720.80499658 1675.69634318]
DJI_20250422092744_0289_D:[2518.24704782 1386.12547759],[2524.85484467 1124.9391033 ],[3110.92474739 1179.63803691],[3106.27387149 1440.78234314]
DJI_20250422093038_0376_D:[2274.51948424 2087.05659833],[2267.48187187 2355.91318521],[1675.65806855 2296.77533648],[1682.69142228 2029.96415285]
35
DJI_20250422092654_0264_D:[2694.89240787 1799.63803739],[2690.53518903 2069.95655028],[2089.57184037 2018.8586889 ],[2094.69330532 1749.77731535]
DJI_20250422092406_0180_D:[1993.1680268  1918.06163271],[1998.57354849 1640.69329359],[2617.21936336 1692.18928107],[2612.57388136 1970.45306452]
DJI_20250422092408_0181_D:[1996.20777777 2251.6672272 ],[2000.24093909 1973.0482326 ],[2621.72903133 2024.63089986],[2617.59335053 2303.93433536]
DJI_20250422092656_0265_D:[2672.70195519 2127.21114003],[2668.53774819 2396.37267416],[2070.45323443 2344.75348818],[2074.51646466 2076.66514786]
DJI_20250422092652_0263_D:[2721.58635846 1476.19989171],[2717.24647905 1745.938399  ],[2115.15842462 1695.85134222],[2121.11026123 1427.50148285]
DJI_20250422092404_0179_D:[1955.74918291 1601.92517338],[1962.11356345 1326.85140767],[2577.45913723 1376.86846985],[2572.68801327 1653.11656638]
DJI_20250422092410_0182_D:[1922.16156949 2580.03452812],[1925.40656635 2302.59133644],[2546.07726248 2355.81740071],[2541.84153062 2633.97524368]
DJI_20250422092658_0266_D:[2655.23510109 2433.61577298],[2651.10532959 2700.57616266],[2056.288659  2648.1614145],[2059.51686593 2382.10923876]
DJI_20250422092650_0262_D:[2750.00320566 1145.0215947 ],[2745.92960682 1412.83952184],[2143.56981197 1364.30004556],[2150.09481693 1098.01717393]
DJI_20250422092402_0178_D:[1974.97229293 1272.19081518],[1982.25727642  998.89946058],[2597.86421276 1047.73674785],[2593.07600768 1322.36357098]
36
DJI_20250422093512_0513_D:[2495.64088665 2086.59698755],[2502.80778252 1841.43011717],[3048.52217359 1894.55481014],[3041.46589243 2139.41983402]
DJI_20250422093510_0512_D:[2512.01898663 1798.35836372],[2519.34068408 1553.87317669],[3064.11600197 1607.33552462],[3057.49148004 1851.62505944]
DJI_20250422093514_0514_D:[2487.26353407 2370.27085395],[2494.34685092 2125.66080279],[3039.56309937 2178.55213933],[3032.0158223  2422.75024866]
DJI_20250422093418_0486_D:[3405.63176803 1997.65243377],[3398.80631987 2256.97952413],[2821.4336714 2202.7577334],[2828.3560669  1942.73385881]
DJI_20250422093416_0485_D:[3441.76689929 1705.8150416 ],[3435.8341782  1965.03972676],[2857.95670765 1909.64838795],[2864.71748759 1649.83485432]
DJI_20250422093508_0511_D:[2523.26557016 1510.84218192],[2530.67952916 1267.61273554],[3074.64855415 1321.31700212],[3068.53226179 1564.45477854]
DJI_20250422093420_0487_D:[3386.66827395 2344.71734793],[3378.64965751 2602.98285375],[2802.52171214 2549.69118283],[2809.78433316 2290.56090927]
DJI_20250422093516_0515_D:[2472.64370896 2665.19545623],[2479.52718098 2421.72191457],[3024.39061079 2474.14130035],[3016.45257812 2717.07863341]
DJI_20250422093414_0484_D:[3477.86783393 1392.30861885],[3473.17142123 1650.23949049],[2895.55785354 1594.07464779],[2901.84915259 1335.65719108]
DJI_20250422093800_0597_D:[2202.26869113 1901.39868298],[2193.27790263 2143.75752611],[1660.56137295 2086.35075277],[1669.77062713 1845.77858518]
37
DJI_20250422093800_0597_D:[2697.69940134 1749.4910712 ],[2688.84555223 1993.08007567],[2147.45487803 1936.31677843],[2156.85556052 1693.59852568]
DJI_20250422093802_0598_D:[2676.30020622 2040.69927694],[2667.22772388 2284.49472979],[2125.86598943 2226.48036151],[2134.86801584 1983.4404834 ]
DJI_20250422093510_0512_D:[2011.95409372 1954.61977044],[2019.57202279 1709.51133081],[2565.55152984 1762.03191056],[2558.31766577 2007.90936431]
DJI_20250422093512_0513_D:[1995.83771739 2243.07524214],[2002.7358381  1997.85824803],[2549.12620867 2051.19163237],[2542.01758829 2297.07286568]
DJI_20250422093758_0596_D:[2721.38931687 1448.90243614],[2712.70928614 1691.11125622],[2172.34803756 1635.50054195],[2182.19725208 1394.27051741]
DJI_20250422093508_0511_D:[2022.86063412 1666.50290279],[2031.14285223 1422.07816283],[2576.83606801 1473.6826169 ],[2569.54542594 1718.9849249 ]
DJI_20250422093804_0599_D:[2653.16905505 2327.52633455],[2644.3766589  2570.93692489],[2102.90406477 2512.65508014],[2111.03482267 2269.90549133]
DJI_20250422093514_0514_D:[1988.91057528 2525.84497643],[1995.1780007  2281.75102209],[2540.60398681 2335.9814998 ],[2533.54419591 2580.62838263]
DJI_20250422093506_0510_D:[2047.61784593 1376.81297918],[2056.56336689 1134.10995446],[2601.15034527 1184.91938854],[2593.80877819 1428.58790028]
DJI_20250422093756_0595_D:[2746.76489598 1176.31057303],[2738.40076962 1416.35502787],[2199.54749239 1362.05518603],[2209.6659599  1123.08714605]
38
DJI_20250422093510_0512_D:[2530.09207868 2178.89378584],[2537.23645932 1934.39497136],[3081.34077024 1987.36118029],[3074.09904344 2231.4201483 ]
DJI_20250422093508_0511_D:[2541.14768844 1891.76667256],[2548.39210405 1647.26542133],[3092.61457296 1700.70237351],[3085.86705262 1944.86591239]
DJI_20250422093420_0487_D:[3365.11755866 1941.91407416],[3358.35828606 2200.42141071],[2782.6124943  2145.93229443],[2789.58055805 1886.8777539 ]
DJI_20250422093512_0513_D:[2514.02874553 2465.87932045],[2521.00241483 2221.93641343],[3065.1425099  2274.33272124],[3057.48614096 2517.72927932]
DJI_20250422093418_0486_D:[3382.17655606 1596.31300792],[3376.60847213 1854.12406616],[2800.93123234 1799.06671358],[2807.54635378 1540.85995525]
DJI_20250422093506_0510_D:[2565.19590853 1602.42713189],[2572.54442495 1358.95747757],[3115.91737731 1412.97908419],[3109.66307562 1656.18996475]
DJI_20250422093422_0488_D:[3358.1406298  2292.35387442],[3350.26828246 2550.44167548],[2774.73134703 2496.74868063],[2781.98094732 2237.90871425]
DJI_20250422093416_0485_D:[3416.8220791  1307.23468768],[3412.18554703 1563.45479822],[2837.11128204 1507.48213792],[2843.51894513 1250.96260823]
DJI_20250422093514_0514_D:[2505.74921381 2746.45152639],[2512.63428426 2504.27188526],[3055.39793248 2556.19769678],[3047.25796593 2797.71908558]
DJI_20250422093504_0509_D:[2579.9848627  1315.42319792],[2587.48901133 1073.59551869],[3130.17255339 1128.32239295],[3124.38157021 1370.00258002]
39
DJI_20250422093804_0599_D:[2987.38104897 1969.69662731],[2978.66659206 2213.38303209],[2436.06864059 2156.77187711],[2444.86715803 1913.26083124]
DJI_20250422093802_0598_D:[3009.78544187 1684.8916415 ],[3001.20093127 1927.7394324 ],[2459.74209326 1870.7578868 ],[2468.99286405 1628.17965623]
DJI_20250422093806_0600_D:[2960.0463611  2274.01144317],[2950.90169145 2517.07574733],[2409.03183822 2460.17021423],[2417.65219574 2217.18162577]
DJI_20250422093800_0597_D:[3029.75375137 1396.10921393],[3021.81157623 1637.50255289],[2481.33874584 1581.15466892],[2490.55837486 1340.14180577]
DJI_20250422093852_0623_D:[2822.80410902 2091.8009492 ],[2834.00817057 1849.15899986],[3371.1384688  1911.29040713],[3360.07350718 2153.0172081 ]
DJI_20250422093850_0622_D:[2843.09887238 1791.98981152],[2853.87994322 1549.31317454],[3391.77597214 1612.2079668 ],[3381.74283489 1854.09652809]
DJI_20250422093854_0624_D:[2804.26884429 2386.81221086],[2815.61824788 2144.64039367],[3352.43453273 2205.50463092],[3340.64783231 2446.61818842]
DJI_20250422093508_0511_D:[1693.45728522 2027.89126922],[1700.96497409 1783.79089593],[2242.64983288 1835.96506433],[2235.3709606 2081.4420112]
DJI_20250422093506_0510_D:[1716.64249925 1738.81333554],[1725.22925577 1495.15408175],[2266.89845862 1545.86130794],[2259.14961282 1790.98170962]
DJI_20250422093808_0601_D:[2951.3583372  2544.54471642],[2942.06901622 2785.8983107 ],[2401.97696124 2729.46763726],[2410.17323341 2488.04740809]
40
DJI_20250422093506_0510_D:[2119.19421602 1978.58394259],[2126.77017532 1732.75131031],[2674.58733797 1785.85117934],[2667.33483274 2032.15039728]
DJI_20250422093508_0511_D:[2096.03646769 2268.99314597],[2102.96036543 2023.45533542],[2650.44025372 2076.91366407],[2643.23240423 2322.83799176]
DJI_20250422093804_0599_D:[2584.1212766  1727.98224938],[2575.30695214 1971.77486448],[2034.39369756 1915.4285337 ],[2043.78414044 1672.77932034]
DJI_20250422093504_0509_D:[2132.93388557 1689.34949804],[2141.21301645 1443.84204067],[2689.41636489 1496.74334577],[2682.08481664 1742.83438442]
DJI_20250422093806_0600_D:[2556.82364612 2032.43657656],[2548.00277822 2276.36166038],[2007.4559317  2218.56981452],[2016.2472808  1975.69556514]
DJI_20250422093802_0598_D:[2608.10497171 1443.72852198],[2599.01350942 1685.96299106],[2059.59997184 1630.32439918],[2069.84400649 1389.31810228]
DJI_20250422093510_0512_D:[2086.55076433 2555.36630522],[2092.84992729 2311.14355982],[2639.15481271 2365.0293539 ],[2631.96750826 2609.5342047 ]
DJI_20250422093808_0601_D:[2548.83443901 2304.50902827],[2540.27935531 2547.45336318],[2000.94875243 2489.04679544],[2008.90904249 2247.01657669]
DJI_20250422093502_0508_D:[2138.33991782 1407.65075334],[2147.1014977  1163.72133665],[2694.31322043 1215.77423508],[2687.11054416 1460.43134535]
DJI_20250422093800_0597_D:[2629.1452313  1156.80026177],[2620.26594229 1396.82121422],[2082.29808066 1342.92571191],[2092.94027858 1104.23993955]
41
DJI_20250422093516_0515_D:[2082.09410032 2087.30088314],[2089.47505995 1841.92299505],[2636.14649602 1894.96989982],[2628.93543921 2140.95405992]
DJI_20250422093756_0595_D:[2633.1308635  1901.90534482],[2624.35626852 2145.53956237],[2083.6577426  2088.57815993],[2092.69504444 1845.8571052 ]
DJI_20250422093514_0514_D:[2097.45333703 1790.47922803],[2105.4068589 1545.8440242],[2651.11508224 1598.04621984],[2643.92186767 1843.40738292]
DJI_20250422093754_0594_D:[2653.39163798 1610.79802633],[2644.56927931 1853.33828337],[2105.15026742 1797.35040821],[2114.84002127 1555.85213958]
DJI_20250422093518_0516_D:[2055.09463505 2371.58377512],[2061.80381339 2126.26577842],[2609.00400814 2179.87925511],[2601.90232203 2425.7147217 ]
DJI_20250422093758_0596_D:[2606.85584733 2178.70381461],[2597.99171229 2422.12108408],[2057.59809875 2363.95569837],[2066.13014068 2121.34448412]
DJI_20250422093512_0513_D:[2106.19218276 1506.32769141],[2114.61312487 1262.96612583],[2659.52065167 1314.14640052],[2652.44375463 1558.34830142]
DJI_20250422093752_0593_D:[2667.12918769 1325.85194623],[2658.2488315  1566.75360659],[2119.880824   1511.68644787],[2130.24433708 1271.9551746 ]
DJI_20250422093520_0517_D:[2033.31196521 2656.42294029],[2039.44674233 2411.79688157],[2587.22112608 2466.40869395],[2580.07656396 2711.43769291]
DJI_20250422093800_0597_D:[2582.79078277 2480.97306462],[2573.98597633 2723.19640207],[2034.4961536  2663.99893794],[2042.33269296 2422.46327877]
42
DJI_20250422093412_0483_D:[3189.88631373 1842.76999505],[3183.43686617 2104.52630395],[2599.83141845 2049.28645152],[2606.85036234 1787.49668953]
DJI_20250422093414_0484_D:[3185.93343659 2139.80321812],[3178.63346425 2400.97781518],[2596.46973225 2345.79449303],[2603.58801696 2084.38343294]
DJI_20250422093410_0482_D:[3177.74350284 1539.83509287],[3171.86695724 1801.05607957],[2587.63283632 1745.49186074],[2594.8136668  1484.46204939]
DJI_20250422093516_0515_D:[2755.31533198 1961.7002856 ],[2762.39468758 1716.40209902],[3306.82252793 1770.24142205],[3300.16132226 2014.80152115]
DJI_20250422093518_0516_D:[2728.35122292 2246.0876462 ],[2735.47566934 2000.3561113 ],[3281.03546857 2053.19044772],[3273.77087683 2298.08737048]
DJI_20250422093514_0514_D:[2770.08302351 1665.09316458],[2776.99243098 1421.01559837],[3320.0351114  1475.64090018],[3314.13114376 1719.10236576]
DJI_20250422093416_0485_D:[3146.79191909 2455.52994351],[3138.79090579 2714.96586845],[2558.78747996 2660.09968556],[2565.83562098 2400.30142899]
DJI_20250422093520_0517_D:[2706.69441226 2532.03318181],[2714.02532604 2286.48542361],[3260.64724969 2338.72583207],[3252.5664393  2583.30889043]
DJI_20250422093408_0481_D:[3212.24733862 1244.01264679],[3206.70657736 1502.64765323],[2624.79698281 1446.14214066],[2632.3680017  1187.80426444]
DJI_20250422093136_0405_D:[1539.84257525 2146.29063396],[1548.36687642 1881.18834483],[2135.36306278 1939.91438522],[2126.92270361 2206.90093806]
43
DJI_20250422093518_0516_D:[2129.473514   1996.24250018],[2136.95014912 1751.21421387],[2682.99522307 1803.8087769 ],[2675.91756518 2049.40072336]
DJI_20250422093520_0517_D:[2106.96773136 2281.37157779],[2114.01203298 2035.76236293],[2661.57560598 2089.36950741],[2654.32782474 2335.42855648]
DJI_20250422093754_0594_D:[2577.5441341  1981.43598261],[2568.69604549 2224.09882732],[2030.68777015 2166.77366831],[2039.64436424 1925.09675122]
DJI_20250422093516_0515_D:[2157.34722076 1712.66663141],[2165.35968874 1468.76726579],[2709.99866243 1520.81574468],[2702.93819791 1765.3677225 ]
DJI_20250422093752_0593_D:[2591.22422643 1694.94857328],[2582.19517965 1937.2387362 ],[2044.28333181 1880.77712881],[2054.03661471 1639.60462754]
DJI_20250422093756_0595_D:[2557.3087079  2273.22569452],[2548.63883581 2515.71801563],[2010.29934997 2457.47435368],[2018.46786749 2215.83526688]
DJI_20250422093750_0592_D:[2613.73947812 1416.96904686],[2604.57413162 1658.21102309],[2066.85977981 1602.62062377],[2077.32536434 1362.6106472 ]
DJI_20250422093522_0518_D:[2072.94143871 2565.52739135],[2079.37810602 2320.67781971],[2626.87934428 2374.96628196],[2619.63236882 2620.17547844]
DJI_20250422093514_0514_D:[2173.39374425 1417.79715652],[2181.86019691 1175.87611391],[2724.63442152 1227.0603072 ],[2717.7046473  1469.75452376]
DJI_20250422093758_0596_D:[2531.0379687  2548.68262587],[2522.41663947 2789.7307183 ],[1985.31734269 2730.3121015 ],[1992.83945905 2490.00687332]
44
DJI_20250422093410_0482_D:[3138.75705869 1928.88219728],[3132.00046173 2190.00292165],[2550.05425288 2134.66447352],[2557.17872666 1873.58985408]
DJI_20250422093408_0481_D:[3173.6697276  1631.07189123],[3167.12510185 1891.08297449],[2586.38257185 1834.71534002],[2594.01863177 1574.86512596]
DJI_20250422093412_0483_D:[3150.04298302 2230.68709435],[3142.76192974 2490.88611463],[2562.49753975 2436.13255728],[2569.42074198 2175.74787483]
DJI_20250422093520_0517_D:[2742.77747464 2165.62591794],[2749.9575054  1920.57181258],[3293.74966153 1973.74106112],[3286.59653523 2217.9757446 ]
DJI_20250422093518_0516_D:[2763.94531538 1881.14405466],[2770.84099939 1637.11299756],[3312.69342375 1690.74059506],[3306.41607364 1934.07647855]
DJI_20250422093522_0518_D:[2708.21687035 2449.73147994],[2715.52220064 2204.94428915],[3259.90443986 2257.30700791],[3252.03006229 2501.17728942]
DJI_20250422093406_0480_D:[3205.10151091 1326.68102577],[3199.49466648 1583.39710797],[2623.03555137 1527.65073324],[2630.43434685 1271.18558441]
DJI_20250422093516_0515_D:[2790.63172507 1599.10335432],[2797.39982319 1356.62886766],[3337.30960428 1411.1712774 ],[3331.70568802 1653.04261662]
DJI_20250422093414_0484_D:[3144.94964201 2524.9385301 ],[3136.89363406 2783.09556365],[2559.1467453  2728.62935243],[2566.10205612 2470.07516947]
DJI_20250422093138_0406_D:[1573.49858648 2073.0257251 ],[1582.02897789 1809.62410279],[2165.63927182 1867.01309273],[2157.34553457 2132.19921018]
45
DJI_20250422093520_0517_D:[2233.52141564 1901.87134532],[2241.20035286 1656.14128916],[2789.10561689 1709.16378023],[2782.02374986 1955.28534847]
DJI_20250422093522_0518_D:[2198.56776583 2187.37157573],[2205.84967276 1941.11652039],[2754.69472917 1994.67883763],[2747.40830242 2241.23410592]
DJI_20250422093518_0516_D:[2256.32479246 1617.45476255],[2264.24601925 1373.57149737],[2809.67278413 1425.68477386],[2802.94369251 1670.07391235]
DJI_20250422093750_0592_D:[2484.71048433 1789.10601662],[2475.43071775 2032.02645493],[1937.57818444 1974.72656707],[1947.3967225  1733.09871228]
DJI_20250422093524_0519_D:[2182.29145462 2478.14360845],[2188.93463004 2231.65575732],[2739.57688692 2285.43594937],[2732.30086768 2532.10318238]
DJI_20250422093752_0593_D:[2462.44049747 2068.57121578],[2453.48489139 2311.32304216],[1916.35875671 2253.0618201 ],[1925.2738729  2011.48453936]
DJI_20250422093748_0591_D:[2505.99118029 1495.06685966],[2496.48936003 1737.41045411],[1958.0998667  1681.34491009],[1968.74817732 1440.41744512]
DJI_20250422093754_0594_D:[2449.11459451 2355.46400131],[2440.52576974 2597.2988398 ],[1904.27764394 2538.10353133],[1912.20364846 2297.30747359]
DJI_20250422093516_0515_D:[2284.70428879 1335.55280987],[2292.97890262 1094.00129858],[2836.08641543 1145.70569142],[2829.55543299 1387.85404218]
DJI_20250422093408_0481_D:[3715.23184424 1910.48101009],[3708.50170676 2171.44683494],[3129.60596099 2115.80511873],[3136.73512939 1853.4980664 ]
46
DJI_20250422092758_0296_D:[2477.90014927 2001.52784374],[2484.85012651 1734.3131914 ],[3079.6563516  1790.30117651],[3073.09690788 2057.13390621]
DJI_20250422092800_0297_D:[2453.20692255 2313.64532062],[2460.12830757 2047.87417597],[3052.25830941 2103.62923991],[3044.94480023 2368.91481511]
DJI_20250422092756_0295_D:[2494.99541185 1694.8514417 ],[2502.02715426 1428.37801671],[3096.50086916 1484.61377711],[3090.65655723 1750.83544816]
DJI_20250422092646_0260_D:[3468.12278384 1958.92533844],[3464.70137895 2228.02222661],[2865.20394171 2179.29924293],[2868.89799915 1909.43911232]
DJI_20250422092802_0298_D:[2428.4644168  2611.54552668],[2435.38167039 2347.99411381],[3024.77637345 2403.76553027],[3016.73863843 2666.74372332]
DJI_20250422092644_0259_D:[3495.57135589 1615.695513  ],[3493.71094958 1881.99422123],[2898.99284268 1833.22860746],[2901.97995826 1566.30238142]
DJI_20250422092648_0261_D:[3464.79471259 2312.57721835],[3459.61261279 2582.54168109],[2857.50249033 2533.78110106],[2862.02969304 2262.82414328]
DJI_20250422093026_0370_D:[2289.59356912 1709.52751416],[2282.19069943 1976.73114352],[1693.38837503 1920.9983371 ],[1701.64404286 1656.01812834]
DJI_20250422093028_0371_D:[2281.41352247 2046.66104064],[2274.28773307 2314.3458134 ],[1684.95742931 2255.51135839],[1692.06944087 1989.84649955]
DJI_20250422092754_0294_D:[2522.99062154 1381.61587274],[2529.87808345 1119.09207617],[3118.78818537 1174.84269841],[3113.86206303 1437.26606234]
47
DJI_20250422092646_0260_D:[2885.25531474 1713.81796559],[2881.78547579 1983.19744969],[2281.08772055 1933.80995942],[2285.51929603 1665.30364664]
DJI_20250422092648_0261_D:[2879.10531612 2065.62378191],[2874.77167191 2336.99034038],[2270.54238739 2285.35953402],[2274.94339764 2014.69259358]
DJI_20250422092644_0259_D:[2917.64984588 1373.55037208],[2914.93559687 1639.17068013],[2319.42334015 1591.7370466 ],[2323.92192319 1327.07401672]
DJI_20250422092414_0184_D:[1784.5080259  1956.82983469],[1789.71572857 1679.85340585],[2406.34872469 1730.05587222],[2401.87978882 2008.47856117]
DJI_20250422092650_0262_D:[2861.42856956 2405.62407495],[2856.55274095 2676.06813739],[2252.96903683 2623.28875068],[2257.04503912 2353.3429545 ]
DJI_20250422092416_0185_D:[1757.32489256 2280.87857006],[1761.23793353 2005.41566221],[2374.56798374 2056.98562327],[2370.47365483 2333.73203776]
DJI_20250422092412_0183_D:[1799.53793402 1615.08356743],[1806.15201772 1340.3363838 ],[2419.86106763 1388.86370939],[2414.90797256 1665.26669705]
DJI_20250422092418_0186_D:[1747.08834077 2589.55571176],[1749.59226582 2319.39824768],[2353.22341688 2371.42171154],[2349.69754644 2642.68343289]
DJI_20250422092756_0295_D:[3072.30250753 1944.76852396],[3078.55304503 1677.74681693],[3666.28546899 1734.91193909],[3660.56706221 2000.08163793]
DJI_20250422092758_0296_D:[3054.26957333 2250.84092605],[3061.18891518 1983.98034059],[3648.77638748 2039.11773191],[3641.59215363 2303.99985176]
48
DJI_20250422092756_0295_D:[2426.33288666 2108.49713967],[2433.17756947 1840.46828076],[3029.93942561 1896.25129093],[3023.25634415 2163.93292784]
DJI_20250422092754_0294_D:[2454.81847805 1791.03817103],[2461.67396673 1525.32962071],[3054.08289018 1580.69513271],[3048.18435246 1846.21013233]
DJI_20250422092758_0296_D:[2409.59575153 2414.41385489],[2416.22258283 2147.29457421],[3012.06007742 2202.79232032],[3004.79703082 2469.43494894]
DJI_20250422092648_0261_D:[3529.49683258 1894.06562729],[3525.87904272 2164.68090397],[2923.27506254 2114.53416756],[2927.32922583 1843.03217565]
DJI_20250422092752_0293_D:[2465.43767515 1478.49422953],[2472.62347736 1217.12041237],[3058.02187716 1272.52805316],[3052.54200114 1533.88746553]
DJI_20250422093028_0371_D:[2350.61306914 1633.39556204],[2342.97790815 1900.85450561],[1752.25033896 1845.06767107],[1760.9015414 1579.7158892]
DJI_20250422092646_0260_D:[3529.61828785 1544.0188095 ],[3527.84104997 1811.85941494],[2929.26400084 1761.89601726],[2932.37735947 1493.37515676]
DJI_20250422092650_0262_D:[3513.08231629 2233.63728527],[3507.95449548 2504.08551374],[2905.49085154 2454.79263766],[2910.17697719 2183.24365416]
DJI_20250422093030_0372_D:[2298.131114   1971.31786957],[2291.05208892 2239.31501087],[1700.77358857 2181.3959394 ],[1708.03829116 1915.41238083]
DJI_20250422092800_0297_D:[2385.48359665 2722.36394106],[2391.9352598  2458.32522805],[2983.84332575 2513.59322185],[2975.98150813 2777.05135399]
49
DJI_20250422092650_0262_D:[2871.5201788  1972.73330239],[2867.06754061 2244.42351398],[2262.17828796 2192.49148143],[2266.94920642 1921.54761382]
DJI_20250422092648_0261_D:[2888.27170187 1633.4992194 ],[2884.41263259 1904.23779568],[2280.25673523 1853.76335073],[2285.28785365 1583.95655533]
DJI_20250422092652_0263_D:[2842.08573261 2305.28909668],[2837.32054198 2575.42085297],[2235.21060727 2522.85063899],[2239.46235345 2253.3023416 ]
DJI_20250422092412_0183_D:[1787.80572382 2056.1108924 ],[1792.83069926 1779.19364539],[2409.150004   1830.30678549],[2404.58980314 2108.62932465]
DJI_20250422092410_0182_D:[1800.53148481 1728.90451743],[1806.66962576 1453.00927937],[2422.03700252 1502.18850595],[2417.24774408 1779.6631054 ]
DJI_20250422092646_0260_D:[2892.99462702 1287.13168658],[2890.02242752 1553.98025357],[2290.82171088 1506.01324098],[2295.83228868 1240.24967959]
DJI_20250422092414_0184_D:[1775.09231932 2399.01234308],[1778.64167533 2121.86437205],[2396.41272804 2174.33269259],[2392.3913799  2452.68176182]
DJI_20250422092408_0181_D:[1876.43962393 1402.24165576],[1883.22723176 1128.78190516],[2497.02869372 1175.97176528],[2492.46037268 1450.99035849]
DJI_20250422092654_0264_D:[2814.91800606 2625.97702662],[2810.0769799  2893.21343866],[2211.6359022  2840.54146987],[2215.11666449 2573.72042143]
DJI_20250422092754_0294_D:[3084.1536087  2052.63267201],[3090.38978836 1786.69909291],[3675.36085941 1842.49042577],[3669.3961573 2106.5095078]
50
DJI_20250422092754_0294_D:[2433.67689368 2186.51902231],[2440.25648444 1919.96894469],[3033.80259418 1974.98383343],[3027.2048608  2241.14308161]
DJI_20250422092752_0293_D:[2443.84093417 1869.47574964],[2450.81454707 1605.73727383],[3038.46884485 1661.02873253],[3032.25396377 1924.5592409 ]
DJI_20250422092756_0295_D:[2405.26601027 2505.35910461],[2411.73998099 2238.09915622],[3008.44916365 2293.33640086],[3001.14096584 2560.04852169]
DJI_20250422092650_0262_D:[3530.02732318 1831.8932438 ],[3526.45819763 2102.45081462],[2923.83750088 2051.61014139],[2928.01982804 1780.17237677]
DJI_20250422092750_0292_D:[2479.44957656 1521.59008836],[2486.3916445  1260.63506558],[3070.35715449 1315.55602365],[3064.99462692 1576.46420822]
DJI_20250422092652_0263_D:[3499.46649659 2163.72336885],[3494.63291792 2433.38006234],[2894.11755257 2383.88872716],[2898.71950354 2113.1964059 ]
DJI_20250422093032_0373_D:[2275.51011475 1918.54912263],[2268.2850618  2187.36854992],[1676.60888039 2129.54754995],[1684.17370093 1862.85229291]
DJI_20250422092648_0261_D:[3544.12079961 1494.33687955],[3542.10744219 1763.31059634],[2940.64507417 1711.89123075],[2944.13737372 1442.23052718]
DJI_20250422093030_0372_D:[2320.69395229 1574.64592429],[2313.10494255 1841.73858645],[1723.19440385 1786.84399671],[1731.95691612 1521.95124193]
DJI_20250422093034_0374_D:[2295.43875981 2230.00748899],[2288.36262705 2498.35432738],[1696.77961485 2437.68629202],[1703.41425953 2171.23420897]
51
DJI_20250422092642_0258_D:[2882.92214432 1850.54758377],[2879.52612749 2118.18101787],[2283.29558994 2069.24453839],[2287.28252392 1802.41300984]
DJI_20250422092644_0259_D:[2864.27998288 2171.65355252],[2860.6126572  2439.67018775],[2263.5609233  2389.98573569],[2267.02654123 2122.61909488]
DJI_20250422092640_0257_D:[2888.48732656 1547.19975221],[2885.59325956 1813.60808275],[2290.32939389 1765.99086814],[2294.54863696 1500.53275738]
DJI_20250422092420_0187_D:[1806.47302203 2089.45460477],[1810.85539365 1821.4087795 ],[2407.54050215 1870.61748736],[2403.41050078 2139.90117093]
DJI_20250422092418_0186_D:[1801.61160399 1779.7180154 ],[1807.13484473 1508.98024785],[2410.64717791 1557.05238395],[2406.23094541 1829.22744488]
DJI_20250422092422_0188_D:[1802.04245508 2401.99529679],[1805.31989834 2136.24858154],[2397.89737366 2186.60100264],[2394.07979709 2453.41227108]
DJI_20250422092638_0256_D:[2896.04537721 1244.99672885],[2893.5272269  1508.86472076],[2300.42727631 1462.37067458],[2305.01284547 1199.5739334 ]
DJI_20250422092646_0260_D:[2829.44854738 2519.93096288],[2825.21552275 2788.19982958],[2225.59433317 2736.73655578],[2228.73809859 2468.99841451]
DJI_20250422092416_0185_D:[1816.65535109 1458.21587278],[1823.52079946 1185.68934404],[2434.06470848 1232.85179192],[2429.23709035 1507.02572414]
DJI_20250422092802_0298_D:[3064.72112581 2070.55615051],[3071.77223418 1805.93690361],[3654.38437306 1862.95954239],[3647.51373411 2125.79263584]
52
DJI_20250422092804_0299_D:[2436.01007051 2130.09475155],[2443.24131715 1865.78598805],[3031.81016965 1921.88956609],[3024.66875924 2185.94086209]
DJI_20250422092802_0298_D:[2446.45974756 1825.27625187],[2454.00165082 1561.19406991],[3042.63290657 1617.73719727],[3035.8955935  1881.70425307]
DJI_20250422092806_0300_D:[2426.42076828 2443.37850689],[2433.17301501 2179.76242445],[3021.36494112 2235.03839707],[3013.96480329 2498.25022181]
DJI_20250422092800_0297_D:[2471.06242001 1523.83548913],[2478.48188088 1260.49726619],[3067.65505604 1316.7519587 ],[3061.78324419 1580.06425947]
DJI_20250422092640_0257_D:[3512.7196861  1785.61023817],[3510.32735625 2051.8038677 ],[2916.99839069 2003.88961563],[2920.05403299 1736.94573256]
DJI_20250422092642_0258_D:[3507.8614042  2089.16901672],[3504.18312702 2355.70230564],[2910.6131687  2308.42225973],[2914.20301609 2040.96827135]
DJI_20250422093022_0368_D:[2304.37101069 1817.46521136],[2297.26015232 2085.28311511],[1707.35315426 2028.96701722],[1715.08818015 1763.3257254 ]
DJI_20250422092638_0256_D:[3518.09433062 1482.46895265],[3516.8689813  1746.98224505],[2925.08714153 1698.27611299],[2927.73603767 1433.15367116]
DJI_20250422092808_0301_D:[2394.3850875  2741.00083753],[2400.83006372 2479.23085558],[2987.75637029 2534.2056102 ],[2979.94837641 2795.47242436]
DJI_20250422093020_0367_D:[2331.87968928 1499.08739572],[2323.96989638 1765.72502219],[1734.56304178 1711.03033366],[1743.88457595 1446.70708904]
53
DJI_20250422092640_0257_D:[2764.73139837 1945.45416451],[2761.33683245 2213.43111971],[2165.33666119 2164.36067137],[2169.08005804 1897.42754531]
DJI_20250422092638_0256_D:[2773.22097618 1639.40005161],[2770.02822438 1906.35325842],[2175.05597141 1858.55317305],[2179.3520799  1592.77459828]
DJI_20250422092422_0188_D:[1924.21003878 2005.34284638],[1928.81002073 1738.59165904],[2523.29389284 1787.42682455],[2519.14572912 2055.16028145]
DJI_20250422092642_0258_D:[2758.29298975 2250.60617373],[2754.56499037 2518.29447163],[2158.70345093 2467.79882991],[2162.03342796 2200.99477209]
DJI_20250422092424_0189_D:[1914.65043621 2321.95484597],[1918.28450266 2056.2684681 ],[2510.8868418  2106.00551996],[2506.92887884 2372.48935877]
DJI_20250422092420_0187_D:[1931.04621084 1688.86139469],[1936.58128745 1421.42064265],[2533.9952643  1469.20170709],[2529.72429151 1737.80178842]
DJI_20250422092636_0255_D:[2792.35448149 1318.37515375],[2789.82679046 1582.9649556 ],[2196.73864093 1537.45136825],[2201.16767774 1274.12975531]
DJI_20250422092426_0190_D:[1896.59290417 2633.15579723],[1899.11311783 2368.3712575 ],[2492.02002431 2418.83087242],[2488.39895674 2684.27796006]
DJI_20250422092644_0259_D:[2739.14523611 2572.34293586],[2735.34959732 2838.76174848],[2139.89811596 2787.39260885],[2142.48325005 2521.69635235]
DJI_20250422092418_0186_D:[1929.16398398 1374.59357451],[1935.69313902 1106.18576959],[2538.66955973 1152.89614629],[2534.30212687 1422.66761568]
54
DJI_20250422092638_0256_D:[3224.28926845 1884.08042168],[3221.30813191 2150.25817898],[2627.44117517 2102.34966465],[2630.86948103 1836.08400518]
DJI_20250422092806_0300_D:[2726.49951752 2047.13995344],[2733.37657885 1783.59806241],[3318.26000153 1839.43993368],[3311.68492466 2102.10331194]
DJI_20250422092640_0257_D:[3216.54444324 2189.47239915],[3212.79336614 2455.7583205 ],[2618.55256731 2408.02063339],[2621.99014271 2141.49763349]
DJI_20250422092636_0255_D:[3242.18923826 1562.01061608],[3240.46068827 1826.76644595],[2647.94791129 1779.68064006],[2650.92423086 1514.94794054]
DJI_20250422092808_0301_D:[2693.6188531  2346.75330757],[2700.62402562 2083.53848476],[3285.52076726 2138.43698976],[3278.10955599 2400.67668881]
DJI_20250422092804_0299_D:[2736.77978125 1733.99006548],[2743.72769117 1471.29287969],[3327.83327726 1528.56957411],[3321.92029936 1790.53327122]
DJI_20250422092634_0254_D:[3254.7543693 1270.2776344],[3253.85695159 1532.21272194],[2664.31081781 1485.21466997],[2667.18678764 1223.40665504]
DJI_20250422092642_0258_D:[3209.7761282  2493.07250607],[3205.12782179 2758.14786524],[2611.74697076 2710.46129104],[2615.32842112 2444.9690687 ]
DJI_20250422092810_0302_D:[2689.17235083 2665.27681135],[2696.40321487 2403.28102101],[3280.81698558 2457.34482373],[3272.4315749  2718.18254307]
DJI_20250422092802_0298_D:[2747.50298281 1430.56000327],[2754.36294791 1169.57925904],[3337.40070381 1227.89518422],[3332.29107364 1488.27997762]
55
DJI_20250422092636_0255_D:[2772.8023782  1755.58182937],[2769.94572379 2022.49206285],[2175.6095355 1975.1981104],[2179.28783051 1709.37652456]
DJI_20250422092638_0256_D:[2752.55985201 2079.71689943],[2749.1060735  2347.19913385],[2154.22596452 2297.74907672],[2157.69188653 2031.24756257]
DJI_20250422092424_0189_D:[1936.481455   1884.04243119],[1941.4015798  1618.77312574],[2532.92706882 1666.91057753],[2528.77347164 1933.17265732]
DJI_20250422092426_0190_D:[1916.63602913 2196.03843564],[1920.52980127 1929.94469953],[2513.62552793 1978.98726572],[2509.73497935 2245.93420915]
DJI_20250422092634_0254_D:[2788.58170321 1460.12029312],[2785.95950178 1724.95996432],[2193.90332691 1678.96028425],[2198.08554838 1415.30706695]
DJI_20250422092640_0257_D:[2743.73857159 2386.72914822],[2740.1308633  2653.52656034],[2145.48643637 2602.99786804],[2148.33853269 2337.03682722]
DJI_20250422092422_0188_D:[1947.65418606 1566.36510082],[1953.48843503 1301.7762342 ],[2545.60852292 1348.7455584 ],[2541.32441363 1614.51900454]
DJI_20250422092428_0191_D:[1873.4807259  2505.84209072],[1876.55654564 2240.28113538],[2469.87874852 2290.856469  ],[2466.02158687 2557.18199171]
DJI_20250422092632_0253_D:[2789.88628717 1143.37069545],[2787.67217239 1406.1329781 ],[2196.00801366 1361.87806018],[2200.58067917 1100.45914983]
DJI_20250422092642_0258_D:[2736.77940187 2690.67122573],[2732.88297637 2955.47206722],[2139.6255874  2903.75728431],[2142.00437972 2639.61949997]
56
DJI_20250422093400_0477_D:[3111.94635269 1996.90880186],[3104.84689788 2258.59540851],[2521.7553921  2202.74039035],[2529.04294349 1941.1212675 ]
DJI_20250422093358_0476_D:[3139.52499598 1689.02780689],[3132.53080166 1950.93817607],[2548.02319998 1893.79399283],[2555.95158716 1632.08351946]
DJI_20250422093402_0478_D:[3090.01283192 2297.12449626],[3082.60955154 2557.70724672],[2501.22265948 2502.56529395],[2508.10459093 2241.90403107]
DJI_20250422093530_0522_D:[2765.67912872 2061.56806044],[2772.98786256 1814.6414117 ],[3320.74274719 1868.84582109],[3313.6546245  2114.95555361]
DJI_20250422093356_0475_D:[3178.72113643 1401.6181618 ],[3172.4645605  1661.08718896],[2590.85120672 1604.18570299],[2598.73191875 1344.99140017]
DJI_20250422093532_0523_D:[2735.61289368 2361.89872152],[2742.82354091 2115.20080318],[3290.82993369 2167.8865447 ],[3283.21563689 2413.6547992 ]
DJI_20250422093528_0521_D:[2784.4678145  1767.91148314],[2791.50292842 1521.51107387],[3338.94840537 1576.42071931],[3332.73527251 1822.13131163]
DJI_20250422093148_0411_D:[1576.41455739 1970.76275631],[1585.95951844 1709.90706226],[2163.80892188 1767.57935288],[2154.71836377 2030.27391987]
DJI_20250422093526_0520_D:[2806.78252142 1495.06155908],[2813.40711126 1250.22342319],[3359.46106164 1305.53905803],[3354.26215298 1549.78023288]
DJI_20250422093404_0479_D:[3057.22372993 2623.89985627],[3048.92833038 2882.1029554 ],[2470.22460215 2826.37435013],[2477.21859037 2567.94448174]
57
DJI_20250422093528_0521_D:[2430.35028155 1930.87963428],[2437.82780723 1684.28106811],[2987.25700937 1737.97669634],[2980.26212817 1984.54726302]
DJI_20250422093530_0522_D:[2411.8658388  2223.81825886],[2419.21104839 1977.26687805],[2968.48590857 2031.05540338],[2961.02572414 2277.45031336]
DJI_20250422093526_0520_D:[2453.06181441 1658.06125846],[2460.5392531  1412.43967187],[3009.14131714 1465.78355162],[3002.74701219 1711.47154085]
DJI_20250422093532_0523_D:[2382.55841082 2523.28555853],[2389.37671157 2277.56848008],[2938.33431508 2330.66199526],[2930.7793909  2576.11198769]
DJI_20250422093400_0477_D:[3482.43793287 1824.43360988],[3476.11694131 2084.8578878 ],[2896.29451867 2029.47889132],[2903.19759223 1768.33390301]
DJI_20250422093402_0478_D:[3460.55115515 2123.2664881 ],[3453.44521049 2383.26824475],[2874.74522128 2329.51449232],[2881.72053697 2068.65031806]
DJI_20250422093358_0476_D:[3509.82439542 1519.08146082],[3504.12461864 1779.008414  ],[2923.57012513 1721.39137799],[2930.6044574  1460.86778349]
DJI_20250422093742_0588_D:[2280.93235766 1702.76653466],[2271.566636   1944.89376966],[1737.69663144 1888.78174957],[1747.80900487 1648.41544724]
DJI_20250422093524_0519_D:[2476.85122689 1372.16597862],[2484.41168636 1129.56335527],[3029.11352196 1182.62867299],[3023.25406093 1425.40138126]
DJI_20250422093744_0589_D:[2252.63110687 2002.44090132],[2243.69798887 2245.36167733],[1709.02280893 2187.20150353],[1718.08110487 1945.94291435]
58
DJI_20250422093402_0478_D:[3007.4308921  1863.42611226],[3000.77795735 2124.15583502],[2419.80513481 2068.94778477],[2426.97584468 1808.60873354]
DJI_20250422093400_0477_D:[3028.78300097 1563.77460965],[3022.38117905 1824.02024536],[2440.85625287 1768.59379183],[2448.47716583 1508.87388518]
DJI_20250422093404_0479_D:[2976.34171552 2191.25690223],[2968.84231215 2451.36133912],[2389.30399036 2395.05098012],[2396.55261759 2135.20591769]
DJI_20250422093528_0521_D:[2860.51622354 2178.53821538],[2867.7931421  1931.68442471],[3414.4714785  1985.27190742],[3407.13990689 2231.04490279]
DJI_20250422093526_0520_D:[2883.42418955 1905.28903862],[2890.25534851 1658.6706054 ],[3436.50631156 1713.02302655],[3430.22209718 1958.65653403]
DJI_20250422093358_0476_D:[3056.13906845 1257.88595923],[3049.80313621 1516.70600599],[2468.05652521 1460.47268765],[2476.35359545 1202.30275353]
DJI_20250422093146_0410_D:[1686.60262276 2098.25017278],[1695.30375194 1837.30704959],[2274.5212396  1895.30564269],[2265.97827744 2157.71355362]
DJI_20250422093144_0409_D:[1723.93888265 1797.51704352],[1733.60200963 1536.3651974 ],[2314.24485853 1592.36610535],[2305.48742524 1855.06177391]
DJI_20250422093406_0480_D:[2985.90792759 2508.78191715],[2977.86383179 2767.11834654],[2400.2893198  2710.63380873],[2407.34019107 2452.33753958]
DJI_20250422093530_0522_D:[2841.18112107 2470.79630152],[2848.77152861 2224.77285832],[3394.77970422 2277.22495757],[3386.53461824 2522.03734215]
59
DJI_20250422093526_0520_D:[2196.62909538 2039.47917914],[2204.0168372  1792.06092375],[2755.4331977 1845.2948622],[2748.32812385 2093.11259921]
DJI_20250422093524_0519_D:[2221.23773635 1750.01809588],[2229.05615474 1504.30902966],[2777.61797713 1556.82623235],[2770.71635393 1803.03570705]
DJI_20250422093528_0521_D:[2174.30795433 2312.50460166],[2181.3636296 2065.386731 ],[2732.56674032 2119.39956596],[2725.18631058 2366.8206913 ]
DJI_20250422093746_0590_D:[2476.43340955 1922.62985237],[2467.43406667 2166.21971433],[1928.38210521 2108.65119252],[1937.65701915 1866.29743968]
DJI_20250422093744_0589_D:[2506.36396928 1628.34682943],[2497.24687522 1871.65726063],[1957.56070298 1815.55002212],[1967.58303762 1573.59822621]
DJI_20250422093748_0591_D:[2461.32962677 2211.9181835 ],[2452.21187697 2454.77670857],[1914.47748784 2395.25916754],[1923.27060697 2153.50168139]
DJI_20250422093530_0522_D:[2156.83069212 2604.08276833],[2163.42737437 2358.31316198],[2713.50216401 2412.83595346],[2705.97601218 2658.77857416]
DJI_20250422093522_0518_D:[2239.16312025 1462.818797  ],[2247.48856595 1219.78688341],[2792.45514051 1271.78254392],[2785.6490295  1515.43227497]
DJI_20250422093742_0588_D:[2534.22278893 1330.34452147],[2525.02602489 1571.52430881],[1987.24315644 1517.03356286],[1997.96306815 1277.31193784]
DJI_20250422093404_0479_D:[3696.08554037 2049.27742009],[3688.93265978 2308.9331793 ],[3112.95897228 2254.81455604],[3120.14808554 1993.76248722]
60
DJI_20250422093404_0479_D:[3099.2525869  1799.86636985],[3092.4274909 2060.7730602],[2510.68667985 2004.77643657],[2518.18588887 1744.08542288]
DJI_20250422093406_0480_D:[3109.63508354 2119.15643805],[3102.10974055 2379.80919256],[2521.28044676 2323.63642781],[2528.73502887 2062.98992241]
DJI_20250422093402_0478_D:[3128.9156838  1471.93747144],[3123.16838902 1731.87446375],[2541.20931063 1676.84880772],[2548.40536669 1417.24819237]
DJI_20250422093524_0519_D:[2790.20062861 1986.58576298],[2797.19411421 1739.74720437],[3344.6354439  1793.67545857],[3338.0431528  2039.67557808]
DJI_20250422093526_0520_D:[2767.76202038 2277.358301  ],[2774.96080991 2029.54142989],[3324.87517778 2082.65967171],[3317.43480293 2329.51863972]
DJI_20250422093408_0481_D:[3074.91106436 2431.98318405],[3066.67560984 2692.89221959],[2483.84232775 2636.21188988],[2491.2523647 2375.1887566]
DJI_20250422093522_0518_D:[2805.07434064 1697.57612879],[2811.966599   1452.69395549],[3356.29398751 1507.61704048],[3350.41437366 1751.79388745]
DJI_20250422093528_0521_D:[2744.38287157 2550.31638588],[2751.8563798  2303.49791855],[3301.24093674 2355.94464505],[3292.9164966  2601.70542091]
DJI_20250422093142_0408_D:[1606.45953233 1875.69986009],[1615.90207252 1612.75928973],[2199.11951    1668.96807898],[2190.40421026 1933.71590629]
DJI_20250422093144_0409_D:[1597.7051262  2190.95306331],[1605.87061787 1928.60479559],[2187.60061105 1986.99416524],[2179.37799985 2250.95539924]