1
DJI_20250417095000_0345_D:[3201.03522289 1928.39866544],[3217.22731541 2216.80853301],[2573.49514943 2187.73182214],[2563.92384662 1909.66031233]
DJI_20250417094958_0344_D:[3208.10056946 1542.99986537],[3225.58750176 1828.12326798],[2579.17203697 1813.22677343],[2569.33359835 1538.25224991]
DJI_20250417095218_0414_D:[2699.58540538 2297.71080671],[2688.12507629 1964.63160731],[3407.19497986 1984.6536441 ],[3406.53281473 2301.38406704]
DJI_20250417095216_0413_D:[2793.41023757 1868.77180446],[2783.14527705 1531.47658426],[3490.80514437 1572.00666795],[3490.13440706 1892.39445281]
DJI_20250417095002_0346_D:[3174.81193134 2269.5702068 ],[3190.21416188 2559.03359327],[2551.2517229  2518.78152518],[2541.52141124 2239.72416667]
DJI_20250417095220_0415_D:[2711.58980183 2697.4051173 ],[2700.18049202 2369.08788016],[3424.95716525 2368.89291005],[3423.23836082 2681.2230308 ]
DJI_20250417094956_0343_D:[3217.07646951 1197.41317995],[3235.5137612 1476.9436857],[2590.03614979 1474.45648693],[2580.15404326 1204.6914837 ]
DJI_20250417095214_0412_D:[2816.17173264 1491.02366677],[2806.66078378 1151.38271193],[3506.7239337  1211.45812542],[3506.32088922 1533.88215037]
DJI_20250417095004_0347_D:[3188.2443169  2594.34990305],[3202.9983146  2885.41236155],[2563.89126329 2834.02332261],[2553.90974821 2553.33878028]
DJI_20250417094840_0305_D:[1404.89844435 1985.80446838],[1387.47210269 1706.70618203],[2029.53661784 1740.20667512],[2041.00578068 2011.37490355]
2
DJI_20250417095216_0413_D:[1921.68485206 2125.10411832],[1897.56645535 1791.9558947 ],[2648.80979565 1819.6678117 ],[2660.54646697 2136.94611542]
DJI_20250417095214_0412_D:[1950.1664132  1743.81336901],[1927.99536968 1407.45122523],[2672.02901795 1454.17402658],[2682.8917454  1774.38617371]
DJI_20250417095338_0454_D:[2504.9866433  1792.39589577],[2524.09422656 2128.80867243],[1810.51034658 2114.90945253],[1803.76034252 1796.48800893]
DJI_20250417095218_0414_D:[1822.41586233 2553.95717877],[1795.75796167 2226.14759724],[2556.97562178 2234.24097229],[2569.981554   2546.86127642]
DJI_20250417095336_0453_D:[2488.32158403 1342.26755537],[2506.5197354  1668.33992952],[1797.92770594 1678.31620412],[1792.79390658 1369.24249066]
DJI_20250417095340_0455_D:[2547.37642072 2295.37802103],[2566.52529016 2639.66419258],[1850.82634839 2596.94816744],[1843.05802941 2271.40633451]
DJI_20250417095212_0411_D:[1948.98193687 1353.61461614],[1927.00622143 1013.9516971 ],[2667.6070325  1076.98170468],[2679.25016368 1400.46293342]
DJI_20250417095220_0415_D:[1828.45546217 2954.04613292],[1800.48629205 2631.94461372],[2567.45469337 2620.63489587],[2580.58516278 2928.16613513]
DJI_20250417095334_0452_D:[2512.00620396  893.89828664],[2530.98710264 1209.24170054],[1823.20277417 1244.69732453],[1818.22219928  945.26508923]
DJI_20250417095342_0456_D:[2549.33081182 2715.63491963],[2569.03585216 3063.95957318],[1855.87506347 2999.84421647],[1846.58644256 2670.6942854 ]
3
DJI_20250417095002_0346_D:[2913.01121331 1809.23783059],[2926.33065956 2093.37177081],[2299.90242507 2069.50003442],[2292.35423088 1795.61191852]
DJI_20250417095004_0347_D:[2926.69063194 2132.35078251],[2939.81228457 2419.5615799 ],[2311.79635532 2384.20997021],[2303.67217836 2107.40010606]
DJI_20250417095000_0345_D:[2937.74540286 1468.36699678],[2951.43162503 1750.03564141],[2321.59960294 1737.54784499],[2314.55572913 1465.92483699]
DJI_20250417094838_0304_D:[1667.61901527 2068.81426658],[1654.24784152 1793.36286165],[2282.34835577 1825.22932716],[2290.66726248 2092.76763323]
DJI_20250417094958_0344_D:[2942.9593886  1087.10486135],[2957.48202203 1363.94106658],[2326.59396613 1365.7158746 ],[2319.69119322 1098.61551478]
DJI_20250417094836_0303_D:[1676.52278444 1749.94966348],[1663.795241   1473.02783152],[2290.08659381 1511.80268615],[2298.75215931 1780.84211013]
DJI_20250417095006_0348_D:[2959.65301759 2544.71228198],[2972.50834462 2833.33984321],[2344.40078862 2783.87836064],[2335.45192211 2505.60302079]
DJI_20250417095214_0412_D:[3107.84641733 2022.40176723],[3102.9997642  1696.02817028],[3776.8667079  1729.03990099],[3772.09611347 2039.23244161]
DJI_20250417095216_0413_D:[3087.84162    2396.55541775],[3082.640809   2073.93478144],[3762.51407909 2087.41702174],[3757.16102271 2394.23461864]
DJI_20250417094840_0305_D:[1655.64244795 2436.59372943],[1640.01859367 2162.78618873],[2273.25383156 2183.39006721],[2282.65691797 2449.33756232]
4
DJI_20250417095212_0411_D:[2570.6913484 1895.6197006],[2557.09765035 1565.05451468],[3263.54740036 1602.83198909],[3267.08785364 1917.33882357]
DJI_20250417095214_0412_D:[2573.02267396 2285.92789918],[2560.11941775 1960.35052502],[3268.21249977 1980.82283407],[3270.33334325 2290.70390578]
DJI_20250417095004_0347_D:[3401.52535381 1902.79142234],[3418.5064775 2190.4873575],[2768.87781567 2163.42131509],[2757.3025302  1885.90375011]
DJI_20250417095002_0346_D:[3385.48025685 1578.50207251],[3403.27087908 1862.40064708],[2755.96435198 1846.67761634],[2744.42494041 1572.74606429]
DJI_20250417095216_0413_D:[2549.96827058 2665.45587635],[2536.01875733 2344.50955679],[3249.7226159  2345.43693421],[3251.95819351 2651.13835514]
DJI_20250417095006_0348_D:[3435.63381025 2318.51788428],[3451.5067464  2608.52483916],[2801.1748603 2567.4077291],[2789.52303422 2287.55377378]
DJI_20250417095000_0345_D:[3410.73401847 1236.46176622],[3429.60081842 1517.01767397],[2779.79247186 1512.44825935],[2768.14283204 1241.54217511]
DJI_20250417095208_0409_D:[2522.18690696 1239.31745384],[2511.63972086  959.3298577 ],[3112.84357014 1015.39978923],[3120.87151998 1284.53011837]
DJI_20250417095218_0414_D:[2455.11132734 3091.826812  ],[2439.55961133 2777.77154712],[3162.15297435 2758.82346221],[3164.79713209 3058.41659513]
DJI_20250417095340_0455_D:[1912.29968934 1759.1693313 ],[1921.0382504  2090.40964704],[1251.29129265 2076.81986467],[1253.04143727 1763.5878063 ]
5
DJI_20250417095212_0411_D:[1937.69749069 2114.31004322],[1914.92149469 1785.19500598],[2655.80603627 1812.58270454],[2667.4885711  2126.20993175]
DJI_20250417095342_0456_D:[2544.29845912 1941.41201524],[2563.90193339 2278.51011584],[1851.73091252 2256.32307095],[1843.25351461 1937.21087682]
DJI_20250417095340_0455_D:[2543.69593083 1521.24605783],[2562.71644337 1851.83533169],[1850.02268971 1851.21462673],[1842.92384843 1537.98151406]
DJI_20250417095214_0412_D:[1938.90133545 2505.1489882 ],[1916.06617138 2181.61125873],[2658.4178762  2192.05299793],[2669.33475235 2500.53128384]
DJI_20250417095344_0457_D:[2579.10985866 2389.83669576],[2599.07630369 2731.87687075],[1887.26502191 2685.62764785],[1877.48370032 2362.01166318]
DJI_20250417095208_0409_D:[1981.71699139 1418.77066703],[1969.02727699 1136.9958209 ],[2596.16400181 1185.85782091],[2606.09562165 1457.00851162]
DJI_20250417095216_0413_D:[1913.61762536 2887.38379574],[1888.86324408 2569.33711733],[2636.31078748 2560.58232401],[2648.08468244 2864.21307516]
DJI_20250417095338_0454_D:[2500.15759273 1024.5169965 ],[2518.99741836 1344.63929408],[1810.84649122 1372.67563727],[1804.85572742 1068.98899361]
DJI_20250417095546_0518_D:[3320.61654442 1945.50572323],[3313.07641748 1611.2135966 ],[3982.14477749 1639.54285679],[3980.29929757 1955.13879583]
DJI_20250417095548_0519_D:[3331.90324856 2332.27380855],[3325.61114603 2001.94740711],[3998.10454148 2009.11964829],[3994.100683   2321.14160732]
6
DJI_20250417095342_0456_D:[3233.64639594 1669.57397954],[3264.20311635 2006.12362611],[2507.03798481 1998.61921725],[2489.0696546  1679.49094925]
DJI_20250417095546_0518_D:[2640.62955225 2209.79699709],[2623.04573802 1874.8723215 ],[3341.24247103 1888.78022566],[3347.84525471 2205.56641024]
DJI_20250417095344_0457_D:[3268.02730602 2123.67406071],[3297.98467356 2466.07644678],[2540.9653173  2434.54863926],[2522.56453711 2110.02548383]
DJI_20250417095544_0517_D:[2696.35202761 1825.84298719],[2679.5017423  1486.71655689],[3391.44744815 1521.59244944],[3398.21180957 1842.05137146]
DJI_20250417095340_0455_D:[3232.52714208 1246.93721882],[3263.33533251 1576.03517098],[2506.35578468 1589.81226744],[2489.02174085 1277.36319447]
DJI_20250417095548_0519_D:[2648.22420056 2601.97629657],[2630.97450688 2271.89557674],[3352.52466899 2264.7132108 ],[3357.90462074 2577.11361221]
DJI_20250417095542_0516_D:[2748.81975231 1422.42153958],[2732.00796926 1076.53402222],[3444.37154744 1133.35460323],[3451.85847412 1459.77921309]
DJI_20250417095346_0458_D:[3273.43581434 2574.08965823],[3302.43829162 2921.47881799],[2546.05162812 2866.58393678],[2527.53605657 2537.38397617]
DJI_20250417095550_0520_D:[2701.90262886 3024.69005957],[2685.3433466  2702.43798662],[3404.80902986 2670.75206847],[3408.62780183 2975.9751993 ]
DJI_20250417095338_0454_D:[3184.22152771  746.79956697],[3215.8363978  1064.11805788],[2464.24140933 1106.08798622],[2447.17864026  804.16239378]
7
DJI_20250417095544_0517_D:[2153.93650585 2069.63583681],[2129.47866297 1733.38084534],[2872.92474153 1754.76518174],[2886.3200748  2073.05041124]
DJI_20250417095546_0518_D:[2096.90667722 2454.20148454],[2071.07263964 2122.89982087],[2819.99183033 2123.7151558 ],[2833.8384187  2437.64243636]
DJI_20250417095542_0516_D:[2202.97968579 1667.64668223],[2179.09801783 1323.89948713],[2924.2345051  1366.54258399],[2937.77283899 1691.560152  ]
DJI_20250417095722_0566_D:[2253.40495232 1988.3508386 ],[2272.87625798 2344.28350385],[1546.86744583 2321.55482918],[1538.73611079 1987.53683985]
DJI_20250417095548_0519_D:[2102.46604951 2846.21267082],[2076.22123303 2520.5473426 ],[2828.16867902 2500.69588037],[2841.44536554 2809.60559496]
DJI_20250417095720_0565_D:[2224.36490072 1575.7094033 ],[2242.10796008 1925.60713089],[1517.03947176 1926.84623403],[1511.45862519 1598.23986795]
DJI_20250417095344_0457_D:[3809.36477675 1873.53538159],[3847.17688779 2211.95084971],[3063.56325612 2194.14737898],[3038.06697852 1872.72441922]
DJI_20250417095540_0515_D:[2195.28483052 1269.7110073 ],[2171.6426492   920.62756342],[2919.26706163  984.6312986 ],[2933.38474406 1314.61890625]
DJI_20250417095342_0456_D:[3774.5402914  1420.08540219],[3813.81206824 1751.87901965],[3030.37841687 1757.47085231],[3004.67837937 1442.09161051]
DJI_20250417095724_0567_D:[2275.91165761 2430.78122662],[2295.55027668 2791.63036725],[1570.18895965 2740.27577408],[1560.83407915 2401.97891131]
8
DJI_20250417095722_0566_D:[2808.75166443 1724.43126324],[2836.78919843 2077.51357393],[2072.95929084 2071.52476192],[2057.53981585 1739.51809727]
DJI_20250417095724_0567_D:[2831.14769    2169.72967082],[2858.57896587 2528.66965801],[2094.77262006 2494.37197762],[2078.94664342 2157.15080619]
DJI_20250417095720_0565_D:[2780.28296022 1312.30211748],[2807.27647154 1658.59682775],[2044.76221477 1676.1005625 ],[2031.19968594 1350.18260182]
DJI_20250417095542_0516_D:[1667.10408547 1911.05238395],[1636.11350963 1570.5231384 ],[2410.1249765  1599.57531492],[2430.00284467 1922.14195247]
DJI_20250417095544_0517_D:[1622.62732482 2310.10110397],[1590.51871041 1977.69393288],[2361.62703089 1986.25839869],[2381.80130251 2301.51916268]
DJI_20250417095540_0515_D:[1656.70891601 1514.14238899],[1626.5643365  1167.67992447],[2403.55824506 1217.48924247],[2423.51290625 1545.65363599]
DJI_20250417095726_0568_D:[2844.26531628 2628.19029101],[2870.62140733 2993.30370771],[2104.65578549 2928.96558443],[2088.8736233  2586.26430287]
DJI_20250417095718_0564_D:[2787.1065946   884.50252414],[2813.78380079 1221.89490697],[2051.69741687 1264.37887691],[2039.35990753  946.36088587]
DJI_20250417095546_0518_D:[1565.85820013 2693.56654758],[1531.66198842 2366.93863623],[2307.18172423 2355.60174462],[2328.35416099 2665.86063374]
DJI_20250417095923_0626_D:[3282.30726581 2033.88827345],[3270.32647262 1688.29914018],[3957.50426132 1708.25512819],[3959.75295655 2031.96763188]
9
DJI_20250417095206_0408_D:[2101.16272901 1948.01858285],[2089.2125116  1662.12697817],[2724.92109441 1692.67168253],[2734.31317718 1967.38774018]
DJI_20250417095208_0409_D:[2086.41763485 2283.31909604],[2073.48404899 2000.66609003],[2706.48841251 2017.38011308],[2716.00773816 2289.11649662]
DJI_20250417095346_0458_D:[2426.10203008 1816.77676455],[2443.87538434 2148.33548345],[1745.88483299 2132.87375185],[1737.93618869 1818.78260875]
DJI_20250417095204_0407_D:[2079.0239143  1602.82260438],[2067.60490747 1316.56498676],[2703.45308623 1359.9575742 ],[2713.23674828 1635.14798912]
DJI_20250417095344_0457_D:[2421.41158532 1376.64914357],[2438.8997821  1700.99347558],[1742.40307279 1709.17618132],[1735.52941447 1401.62676764]
DJI_20250417095348_0459_D:[2495.50007768 2276.87891253],[2514.10322975 2613.71036828],[1813.08204926 2573.52763959],[1803.4535835  2254.57877262]
DJI_20250417095202_0406_D:[2119.07984322 1267.25994177],[2107.79141151  981.17753419],[2742.40531842 1036.34840518],[2752.94005314 1311.39928222]
DJI_20250417095350_0460_D:[2496.36423538 2657.41835784],[2515.90826097 2997.68785228],[1815.23040703 2939.22419401],[1803.88636376 2617.16610264]
DJI_20250417095342_0456_D:[2387.16827557  935.05596503],[2403.94850636 1251.25594402],[1710.0317283  1283.59176788],[1704.75445598  983.54432056]
DJI_20250417095212_0411_D:[2079.32865629 3107.06177445],[2058.18855376 2797.57109767],[2784.25819094 2777.83739238],[2793.80419127 3073.5941381 ]
10
DJI_20250417095346_0458_D:[3089.58248321 1571.67210465],[3117.02501088 1906.3477827 ],[2369.49679561 1903.71111983],[2353.31886272 1586.33317653]
DJI_20250417095348_0459_D:[3160.7742084  2041.20674293],[3188.18188489 2382.01798211],[2437.47834953 2354.2698501 ],[2420.40048953 2031.21312832]
DJI_20250417095344_0457_D:[3082.26635476 1124.55620961],[3110.19878295 1450.98235035],[2365.00073966 1472.12424825],[2349.20038597 1162.1450494 ]
DJI_20250417095350_0460_D:[3161.79954969 2427.9359886 ],[3189.37253733 2772.97033121],[2438.54656045 2726.91923516],[2420.48065086 2399.90798595]
DJI_20250417095540_0515_D:[2921.26354031 2031.73424216],[2906.54243512 1691.43131537],[3613.36460438 1714.43528003],[3618.75754621 2035.78992541]
DJI_20250417095542_0516_D:[2924.92943404 2425.40710748],[2910.8040377  2092.63219614],[3613.50910758 2093.53600405],[3617.68044575 2408.08515593]
DJI_20250417095538_0514_D:[2895.38949756 1644.63447597],[2879.55118116 1299.51163576],[3588.53246152 1343.18632669],[3595.74639607 1668.9769089 ]
DJI_20250417095206_0408_D:[1511.57737724 2142.34158977],[1497.22085514 1852.53455013],[2165.63884401 1876.07718593],[2177.13967041 2154.79589432]
DJI_20250417095544_0517_D:[2869.24683917 2819.58519684],[2855.20370863 2496.11963223],[3555.44518398 2475.81328339],[3558.87410936 2781.99888452]
DJI_20250417095204_0407_D:[1488.08605884 1791.92867261],[1475.21912446 1501.17602725],[2144.05267448 1537.56111632],[2155.18011302 1817.31379164]
11
DJI_20250417095204_0407_D:[2580.5920477  2023.01671358],[2570.40687768 1744.36783809],[3172.25372344 1770.73202934],[3180.66526581 2038.55763318]
DJI_20250417095206_0408_D:[2601.80279805 2359.19105225],[2591.85734544 2082.23203302],[3192.15126436 2095.84184741],[3199.53829495 2362.01558497]
DJI_20250417095012_0351_D:[3387.0735326  1919.70745389],[3399.96567627 2205.97527563],[2754.67859239 2178.45639701],[2743.88760559 1902.02346822]
DJI_20250417095202_0406_D:[2621.61824804 1694.83295843],[2610.84529651 1415.08072769],[3212.26778366 1453.08284116],[3221.99369425 1721.86396777]
DJI_20250417095010_0350_D:[3393.47952121 1523.83925305],[3408.05764908 1809.70291969],[2759.55176794 1796.32904268],[2748.2036809  1520.33042039]
DJI_20250417095014_0352_D:[3387.46994188 2312.39529104],[3399.07958098 2598.31840168],[2755.5026859  2557.73235551],[2744.92029082 2281.45371817]
DJI_20250417095208_0409_D:[2584.52515663 2681.24234171],[2574.29381947 2408.50735262],[3171.27398202 2408.93777696],[3178.18703775 2671.21105396]
DJI_20250417095008_0349_D:[3388.5272108  1171.29641625],[3403.79566316 1452.69895018],[2759.13027618 1450.59521617],[2748.12934618 1178.78246241]
DJI_20250417095200_0405_D:[2663.63294515 1376.87686759],[2652.88314452 1097.7455637 ],[3251.93407049 1148.47586629],[3262.38848116 1416.6269472 ]
DJI_20250417095348_0459_D:[1939.0508774  1809.95222474],[1949.98533547 2125.7142979 ],[1309.99489557 2111.34032637],[1306.97613436 1811.82170379]
12
DJI_20250417094826_0298_D:[2140.08956538 2011.56832245],[2123.83174225 1469.75507699],[3296.77443099 1542.74914852],[3307.8214432  2054.46495118]
DJI_20250417094828_0299_D:[1908.49131292 2881.72371687],[1886.36515097 2225.91444967],[3317.90343478 2263.85612673],[3329.67570885 2875.97831972]
DJI_20250417094824_0297_D:[2338.52364529 1662.95660557],[2330.79683442 1354.93536366],[3006.16869417 1402.74978232],[3013.02788994 1700.82337085]
DJI_20250417094830_0300_D:[2332.00875855 2673.31814721],[2323.92050544 2396.58213474],[2939.54430666 2408.80929343],[2945.10648485 2677.30002764]
DJI_20250417094636_0243_D:[3571.30286785 1852.79857895],[3580.67229883 2129.36601117],[2953.70154893 2099.83178247],[2945.89437536 1830.00093995]
DJI_20250417095012_0351_D:[2296.48251508 1678.70703543],[2306.37413626 1964.30886671],[1700.38985453 1944.80122583],[1692.64507695 1669.65018648]
DJI_20250417095014_0352_D:[2297.45038779 2071.90743563],[2307.83940242 2358.14850719],[1702.17324516 2324.44134141],[1692.98450477 2048.58834508]
DJI_20250417094634_0242_D:[3575.07191773 1523.23588942],[3585.71252983 1797.94975338],[2959.87130221 1776.34969432],[2951.68450497 1508.32483597]
DJI_20250417094822_0296_D:[2041.48339127  727.18592563],[2027.71077952  157.26184808],[3261.31848494  310.90202871],[3272.81920434  849.54628108]
DJI_20250417094638_0244_D:[3568.95220712 2194.08977467],[3577.07539276 2470.5891382 ],[2951.14126369 2433.34061389],[2943.6280806  2163.46333583]
13
DJI_20250417095014_0352_D:[2798.58420557 1897.36920478],[2809.73138199 2183.79845711],[2184.60669691 2156.70658357],[2174.79992902 1880.38212498]
DJI_20250417095012_0351_D:[2797.16884945 1504.13498841],[2808.59322734 1789.35312931],[2183.53671453 1776.14419973],[2174.40657415 1501.05897054]
DJI_20250417094826_0298_D:[1204.9301631  2325.90413227],[1184.56705218 1791.04048177],[2396.96527783 1845.73071929],[2411.35085115 2353.31445834]
DJI_20250417095016_0353_D:[2821.1405523  2280.46949189],[2831.85296782 2566.40965716],[2206.87963823 2525.89051989],[2196.54263092 2249.8727315 ]
DJI_20250417094824_0297_D:[1800.26951592 1843.45676528],[1791.98972573 1536.75365484],[2482.14347092 1578.23317448],[2489.48459598 1875.43364117]
DJI_20250417094828_0299_D:[ 785.6364599  3244.47882551],[ 751.86298198 2605.15701659],[2233.11432377 2623.54097701],[2251.81198594 3227.65378503]
DJI_20250417095010_0350_D:[2800.94090309 1109.43991618],[2813.01830623 1392.68687776],[2186.48345711 1394.24390824],[2177.75421863 1121.07364675]
DJI_20250417094822_0296_D:[1059.41730552 1069.31329052],[1044.64465096  506.23041154],[2317.37558725  630.47565568],[2330.64109004 1167.23601776]
DJI_20250417095018_0354_D:[2819.74781281 2659.20088948],[2830.12459737 2942.55174089],[2207.92158253 2889.56684642],[2196.89981361 2615.83829471]
DJI_20250417095202_0406_D:[3196.86458264 2100.1959278 ],[3186.98385652 1821.70335409],[3762.81869223 1843.75568606],[3771.45490963 2111.002981  ]
14
DJI_20250417094638_0244_D:[3124.26203698 1772.26235338],[3132.30457166 2047.74350834],[2518.51666485 2020.50867955],[2511.402586   1751.94114334]
DJI_20250417094640_0245_D:[3126.08724873 2097.84809075],[3133.59427878 2373.04668297],[2520.67825843 2338.14573199],[2513.28647449 2069.76778037]
DJI_20250417094636_0243_D:[3125.76870841 1432.67865918],[3134.35804847 1706.87384262],[2520.96731554 1687.79843175],[2514.16155402 1420.50806228]
DJI_20250417094824_0297_D:[2829.26361617 2133.19364924],[2822.17774385 1827.85926211],[3476.26496739 1860.19408124],[3482.18719331 2155.37505985]
DJI_20250417094822_0296_D:[2945.59580871 1605.01434431],[2933.99835434 1041.05071149],[4095.98934205 1148.1245335 ],[4102.5336459  1677.42743908]
DJI_20250417094826_0298_D:[3000.28509077 2823.00218477],[2988.22707337 2293.92976436],[4091.32895828 2319.19567306],[4096.31528738 2817.00936905]
DJI_20250417094642_0246_D:[3107.54627584 2448.86029042],[3114.4994122  2722.18849421],[2504.27715228 2679.25760438],[2496.54984148 2412.58035296]
DJI_20250417094634_0242_D:[3130.08808143 1107.75063639],[3139.31778377 1378.839054  ],[2528.25969309 1367.92013534],[2521.64237153 1103.6127606 ]
DJI_20250417094446_0188_D:[1543.16642027 2131.33000911],[1539.86450969 1863.32000409],[2147.56283543 1898.85543461],[2150.46277072 2162.12225588]
DJI_20250417094828_0299_D:[2955.39628287 3840.13398506],[2942.00535828 3211.96840058],[4264.33274636 3175.48332648],[4261.23670838 3756.10050416]
15
DJI_20250417094444_0187_D:[2236.99183523 2069.81536223],[2234.92641041 1799.2647817 ],[2835.0888023  1837.24542259],[2837.35034408 2102.64952287]
DJI_20250417094442_0186_D:[2244.00538967 1743.2324759 ],[2242.42649893 1472.53754543],[2843.58191667 1516.80476423],[2846.14730503 1782.44441167]
DJI_20250417094446_0188_D:[2245.63067661 2372.11092811],[2242.6628515 2102.3132299],[2841.99855019 2133.41603342],[2844.41808976 2397.96657141]
DJI_20250417094640_0245_D:[2397.34844343 1866.75770195],[2404.91273034 2142.00552384],[1811.15499555 2112.4255108 ],[1803.8833862  1844.41754245]
DJI_20250417094638_0244_D:[2395.74142754 1541.14104655],[2402.85927842 1815.9830819 ],[1809.00504552 1794.62126335],[1802.96727796 1527.08909677]
DJI_20250417094440_0185_D:[2234.70524437 1428.17830503],[2233.76300377 1160.01781103],[2832.19760406 1209.97571089],[2834.88702631 1473.35345611]
DJI_20250417094448_0189_D:[2258.13893239 2688.94948172],[2254.62389523 2421.48130023],[2851.39759027 2445.88317823],[2853.57714761 2708.04495952]
DJI_20250417094642_0246_D:[2380.05891146 2219.11733005],[2388.1355129  2493.22656354],[1796.39545638 2454.93468351],[1787.76745796 2187.98427622]
DJI_20250417094300_0135_D:[3772.04299057 1771.5547636 ],[3776.66504703 2053.51928021],[3138.52140573 2018.80147291],[3134.25235892 1741.18035097]
DJI_20250417094636_0243_D:[2399.18412365 1202.80802592],[2405.81038627 1475.64025484],[1813.06976814 1462.96532663],[1808.36533306 1197.46536958]
16
DJI_20250417094712_0261_D:[2914.58940114 1814.2236774 ],[2917.65601956 2092.60320834],[2307.53124327 2065.39217616],[2294.00692337 1793.46358931]
DJI_20250417094714_0262_D:[2914.24227113 2152.5692747 ],[2916.85806264 2424.21815748],[2307.7698019  2389.01571491],[2293.8477421  2123.39335436]
DJI_20250417094710_0260_D:[2901.20881558 1440.35817454],[2905.45273822 1725.65767726],[2293.26863893 1708.43941423],[2279.49872585 1430.08702097]
DJI_20250417094410_0170_D:[1680.46528279 2024.69632053],[1696.9299461  1751.59899823],[2308.95929008 1794.26244302],[2303.83905001 2063.41010674]
DJI_20250417094716_0263_D:[2923.04184162 2467.42097797],[2925.40103393 2732.57581191],[2315.58865931 2690.86435777],[2301.08336497 2431.29148388]
DJI_20250417094412_0171_D:[1707.63668042 2367.47945049],[1722.13220614 2090.26142389],[2330.7913046  2126.77760309],[2326.55299683 2399.77381213]
DJI_20250417094408_0169_D:[1718.16939468 1714.12372173],[1734.69153878 1447.73512001],[2344.30961886 1494.70112294],[2339.87530864 1757.37140229]
DJI_20250417094708_0259_D:[2911.60805554 1091.20413976],[2915.96954393 1379.88649634],[2305.43917415 1370.98459987],[2292.56073354 1089.48966921]
DJI_20250417094748_0279_D:[3077.16492327 2143.81831904],[3062.57459746 1839.53395531],[3696.94778299 1874.71176211],[3723.28305003 2169.37719164]
DJI_20250417094746_0278_D:[3101.73556381 1797.88336492],[3085.33404626 1501.30275388],[3717.41914897 1545.83617588],[3746.16516955 1833.2933359 ]
17
DJI_20250417095048_0369_D:[2764.92003674 1580.38833486],[2777.45083686 1936.38906882],[2023.42993079 1918.63304896],[1995.53144364 1577.33930562]
DJI_20250417095050_0370_D:[2735.42285204 2022.69318781],[2747.75799537 2370.1014996 ],[1992.71021394 2332.80792029],[1963.49826426 1999.36802646]
DJI_20250417094746_0278_D:[1687.93603947 1970.86180748],[1703.92022372 1598.47611212],[2538.22143968 1648.57897814],[2543.97272242 2008.04118323]
DJI_20250417094748_0279_D:[1655.35312974 2397.8794304 ],[1671.8100432  2014.47972754],[2508.84909449 2051.40508897],[2512.96003153 2421.10194215]
DJI_20250417095046_0368_D:[2725.56041846 1135.64871355],[2738.61081689 1499.44919793],[1987.15124044 1498.80244812],[1960.3544581  1150.60809375]
DJI_20250417095052_0371_D:[2736.615475   2473.92112336],[2748.42695418 2807.01224291],[1998.77123897 2751.68050939],[1968.79373095 2431.27679538]
DJI_20250417094750_0280_D:[1681.80444304 2819.4446655 ],[1696.36118164 2426.05466466],[2535.0546768 2447.915367 ],[2539.72295443 2826.83140306]
DJI_20250417095044_0367_D:[2756.43709352  660.23017243],[2768.81470168 1029.36600575],[2018.16105493 1047.45781981],[1993.79314633  694.41648065]
DJI_20250417095124_0387_D:[3366.7067438  2178.81805002],[3338.71616145 1837.96370957],[4020.91117747 1867.17643295],[4062.21559283 2192.37120575]
DJI_20250417095054_0372_D:[2726.15478284 2888.94975905],[2738.59903836 3206.40102712],[1996.1028643  3136.80954087],[1964.33155149 2830.74581692]
18
DJI_20250417094714_0262_D:[2736.21182486 1715.53656966],[2742.24803364 1995.11023861],[2138.05568396 1970.26063767],[2121.15326985 1697.22895442]
DJI_20250417094716_0263_D:[2744.42603807 2029.56592321],[2750.47269949 2303.94498282],[2144.27009669 2272.24266165],[2126.4990541  2004.02430639]
DJI_20250417094408_0169_D:[1880.35382144 2148.27198182],[1893.48408084 1873.01305395],[2501.78538321 1912.77789331],[2500.39071203 2183.83768956]
DJI_20250417094712_0261_D:[2736.1691438 1378.6876156],[2742.40475298 1663.58168313],[2138.54380768 1646.9729563 ],[2122.34213741 1368.99671035]
DJI_20250417094406_0168_D:[1892.7911835  1827.27908422],[1906.2198112 1558.9351311],[2512.74531499 1603.24541958],[2511.82943344 1867.69778978]
DJI_20250417094410_0170_D:[1843.7807443  2459.39744546],[1856.99592161 2178.61504141],[2466.57659552 2213.88826631],[2464.32596466 2490.33521941]
DJI_20250417094718_0264_D:[2730.22417756 2386.35642107],[2736.27407162 2652.8532322 ],[2130.82562893 2612.49287069],[2112.22099761 2351.72236542]
DJI_20250417094404_0167_D:[1889.69615311 1522.49749157],[1904.28826835 1258.8503357 ],[2515.36262839 1308.88716516],[2514.32926752 1568.91344113]
DJI_20250417094710_0260_D:[2721.35478241 1007.75630972],[2728.50366197 1297.87406895],[2124.20618675 1291.54644841],[2108.12344907 1008.80521765]
DJI_20250417094412_0171_D:[1871.74253945 2797.11823609],[1883.18636905 2513.82255235],[2487.94138206 2542.75482711],[2486.32589715 2821.54013058]
19
DJI_20250417094744_0277_D:[1947.7728898 2155.1864633],[1964.09295239 1475.48409489],[3405.98955751 1573.51212065],[3452.71914084 2209.650946  ]
DJI_20250417094746_0278_D:[2308.31115478 2476.89722182],[2308.2404606  2149.88897929],[3001.17341076 2174.72951624],[3015.72980656 2491.18845392]
DJI_20250417094742_0276_D:[1623.66952568 1012.6702852 ],[1672.93336215   78.87948257],[3767.89322479  370.80548251],[3856.70894912 1222.21646396]
DJI_20250417094748_0279_D:[2280.16793491 2837.90195568],[2281.18061577 2504.34360212],[2974.95264868 2519.36902555],[2987.6362385  2841.96274549]
DJI_20250417095052_0371_D:[2262.61829751 1922.99367899],[2282.86272471 2220.22960697],[1654.55418222 2193.11381788],[1622.0857889 1906.3916649]
DJI_20250417095050_0370_D:[2260.00270438 1537.19810457],[2279.93824047 1843.14712507],[1649.54904122 1830.04169497],[1618.38568458 1535.36880049]
DJI_20250417094716_0263_D:[3676.86495305 1857.94784286],[3664.19372159 2147.31796394],[3011.1693323  2118.84207661],[3010.27048753 1835.77324021]
DJI_20250417094714_0262_D:[3664.01075122 1532.61084953],[3652.8051766  1827.13183857],[3001.99181436 1805.50773888],[3000.71541918 1517.63293443]
DJI_20250417094718_0264_D:[3663.85260902 2230.45120526],[3649.72704666 2511.78272942],[2996.99526336 2474.63713928],[2996.47370251 2199.13188807]
DJI_20250417095054_0372_D:[2254.86770388 2282.6551318 ],[2276.33731191 2570.13029173],[1651.49790177 2531.76047805],[1616.95928376 2254.09639029]
20
DJI_20250417094718_0264_D:[3151.50297246 1979.28986787],[3148.89485959 2254.44177755],[2533.39926066 2224.04825146],[2523.23470946 1954.85517303]
DJI_20250417094716_0263_D:[3164.08631138 1623.34530813],[3162.09274872 1905.10083257],[2547.09680893 1883.16567956],[2537.21977821 1607.73055819]
DJI_20250417094742_0276_D:[3262.90527959 1938.92554675],[3214.32316645 1092.2195165 ],[4853.51812058 1263.08863862],[4975.34392837 2027.60904411]
DJI_20250417094714_0262_D:[3153.69981086 1313.25227785],[3152.31350709 1598.96555683],[2540.23375365 1583.70347895],[2530.68741116 1304.60112244]
DJI_20250417094744_0277_D:[3054.49569536 2670.37939164],[3025.80589179 2042.08852886],[4253.20259115 2094.92287151],[4323.92714098 2681.66571969]
DJI_20250417094720_0265_D:[3152.91466927 2359.87278502],[3148.79355055 2626.44862192],[2533.36391327 2586.06361293],[2523.71421374 2324.89020417]
DJI_20250417094746_0278_D:[2830.41830268 2711.09516502],[2819.9344867  2396.64101939],[3460.82377387 2411.83206245],[3483.35241713 2716.03621708]
DJI_20250417094712_0261_D:[3151.66067386  980.58714688],[3151.16557706 1270.10996252],[2540.58922676 1262.7922272 ],[2531.1749542   980.10892092]
DJI_20250417094404_0167_D:[1467.72397227 1913.8957086 ],[1490.92886326 1642.70174251],[2106.85082054 1685.67799822],[2097.15411168 1953.17780168]
DJI_20250417094406_0168_D:[1476.972359  2213.4706132],[1498.21428092 1938.94255395],[2108.28111549 1976.52140734],[2099.3922794  2247.18959432]
21
DJI_20250417095054_0372_D:[2769.63543678 1792.92857433],[2782.31222136 2173.25136534],[1970.11070569 2143.41867017],[1935.56737798 1779.72190958]
DJI_20250417095052_0371_D:[2782.80644582 1332.10261549],[2794.74547665 1725.75637634],[1979.12489768 1714.1920903 ],[1946.87716792 1338.42926706]
DJI_20250417095056_0373_D:[2760.85828431 2291.61299786],[2773.25259272 2654.77136245],[1966.24468267 2603.4487829 ],[1930.42570488 2255.35497137]
DJI_20250417095050_0370_D:[2780.05362375  840.31422772],[2792.66298309 1244.92175686],[1976.01606547 1255.44405652],[1945.08776167  869.94898863]
DJI_20250417094738_0274_D:[1626.96472692 1305.19466404],[1651.06138889  968.28020963],[2454.71459596 1038.10859608],[2456.60137808 1365.80551678]
DJI_20250417095058_0374_D:[2798.55436913 2761.73216607],[2809.18220143 3106.66203431],[2004.77416805 3035.9193212 ],[1968.94329486 2704.21799675]
DJI_20250417094746_0278_D:[1539.62059296 3245.0394162 ],[1558.49175382 2807.53509288],[2469.73879874 2813.66074947],[2474.27072921 3234.10722049]
DJI_20250417095120_0385_D:[3322.2654817  2437.92843051],[3290.55338172 2055.71338658],[4039.88144003 2075.92890361],[4089.26406311 2438.6052744 ]
DJI_20250417095118_0384_D:[3438.37918331 2022.86138047],[3400.36654435 1645.61856302],[4153.62750019 1685.48617109],[4210.81594476 2043.30801182]
DJI_20250417095116_0383_D:[3380.19269831 1599.03756989],[3342.84993659 1239.15603784],[4091.43518081 1299.55578669],[4149.31478242 1642.02794064]
22
DJI_20250417094742_0276_D:[1464.84362508 3474.68461603],[1510.1006469  2396.85531694],[3618.96795887 2449.43094803],[3686.54315179 3412.70877222]
DJI_20250417094738_0274_D:[2260.40084774 1683.08171842],[2263.63282379 1401.58344909],[2899.10446506 1447.24569624],[2911.55534544 1721.62800792]
DJI_20250417094744_0277_D:[1840.70226923 3774.55299181],[1857.36000218 3034.81949027],[3306.0344865  3028.36090451],[3344.37028499 3716.96138061]
DJI_20250417095054_0372_D:[2283.53466259 1574.82750024],[2304.35540179 1880.61492484],[1673.38462551 1867.1976927 ],[1639.77219839 1572.58243072]
DJI_20250417095056_0373_D:[2277.79965812 1967.83728995],[2299.13622673 2263.82926103],[1670.51658485 2236.28996085],[1635.39566565 1950.69803084]
DJI_20250417094720_0265_D:[3716.69657725 1942.66127286],[3699.65608753 2232.91220062],[3040.1689006  2200.52346283],[3041.64128685 1916.41838562]
DJI_20250417094736_0273_D:[2222.80839523 1322.21585355],[2227.24745754 1053.64244618],[2856.94877759 1107.67613618],[2868.91478661 1370.03515379]
DJI_20250417094718_0264_D:[3710.56934747 1542.32391875],[3696.2619504  1840.46107808],[3038.15782141 1818.74499464],[3038.21233565 1527.22959178]
DJI_20250417095058_0374_D:[2308.44587687 2340.02182104],[2329.40307393 2625.73757669],[1701.04870407 2585.09537085],[1665.23482642 2308.9177475 ]
DJI_20250417095052_0371_D:[2294.15073096 1212.31241561],[2313.63653892 1525.54381851],[1681.39504493 1523.80242135],[1650.11068694 1222.40475044]
23
DJI_20250417094720_0265_D:[2924.39593592 1719.25765101],[2925.5961141  2000.83093103],[2313.75867022 1974.83364068],[2299.34430176 1699.55963168]
DJI_20250417094722_0266_D:[2935.26824046 2117.31603341],[2935.21663792 2390.18664696],[2322.53924705 2353.88618329],[2308.29659608 2086.77338758]
DJI_20250417094718_0264_D:[2920.71622828 1341.34162686],[2923.11887177 1629.24417595],[2313.38898725 1613.63735352],[2298.84649614 1332.46903598]
DJI_20250417094400_0165_D:[1710.67345231 1840.32390243],[1730.75665846 1572.15863609],[2340.1346514 1616.6906635],[2334.66798681 1881.08846725]
DJI_20250417094402_0166_D:[1665.99852153 2196.33070842],[1685.93410903 1918.38617883],[2300.07425423 1956.96410524],[2294.08919212 2230.83868011]
DJI_20250417094724_0267_D:[2916.81331834 2507.00132555],[2916.46957022 2769.25838463],[2305.45203461 2723.60814867],[2290.54181597 2466.52139463]
DJI_20250417094738_0274_D:[3008.66589132 1922.89563476],[2994.32537343 1650.2349878 ],[3576.67964628 1687.09959967],[3603.94719449 1952.61072244]
DJI_20250417094404_0167_D:[1675.81449886 2549.82297765],[1694.07041376 2264.6397281 ],[2308.90734489 2297.09522335],[2303.6205822  2577.94796186]
DJI_20250417094716_0263_D:[2932.63084854  990.70188801],[2935.36672971 1282.98750578],[2327.98262954 1275.94156975],[2314.12532197  990.64849828]
DJI_20250417094358_0164_D:[1719.36017494 1507.12498016],[1740.67782432 1247.41850835],[2349.36477221 1298.30077975],[2343.46092456 1554.67080049]
24
DJI_20250417094738_0274_D:[2260.5536144  2139.99050137],[2263.65978818 1847.48754366],[2898.81545558 1880.38487789],[2911.09771439 2165.08834445]
DJI_20250417094736_0273_D:[2222.51275053 1774.57796696],[2226.8027647  1493.67356314],[2857.67377796 1535.59315048],[2869.53344278 1809.50728054]
DJI_20250417094734_0272_D:[2226.35026176 1446.69543786],[2232.04360427 1175.67729935],[2860.73993608 1228.4030889 ],[2872.02246283 1493.13777782]
DJI_20250417095058_0374_D:[2297.7809523  1869.55876419],[2318.88143161 2166.94967823],[1691.27923828 2142.88543884],[1655.71109374 1855.88917034]
DJI_20250417095056_0373_D:[2267.89685061 1498.39258125],[2289.27591739 1804.34041319],[1662.99552578 1793.60036448],[1628.30622903 1498.86662413]
DJI_20250417094722_0266_D:[3724.28884984 1901.07832139],[3705.19019518 2191.9964824 ],[3046.41608335 2159.50674117],[3049.07621486 1874.67118067]
DJI_20250417095100_0375_D:[2314.1380649  2254.21665554],[2335.24057458 2542.09687555],[1705.6881513  2504.27252924],[1668.93058383 2226.00086273]
DJI_20250417094720_0265_D:[3708.73272328 1483.96091509],[3692.57107154 1783.51243439],[3035.44042365 1761.63298658],[3036.58158562 1468.64947543]
DJI_20250417094724_0267_D:[3706.39930394 2310.62115126],[3685.54715118 2590.67202425],[3027.81104121 2548.59638786],[3030.96663653 2273.99239327]
DJI_20250417095054_0372_D:[2274.36605712 1108.19935071],[2295.11592685 1422.04498387],[1668.11372225 1425.43288886],[1635.16592016 1123.52484146]
25
DJI_20250417095058_0374_D:[2638.01228605 1575.91117833],[2652.48198177 1922.64816293],[1927.50398274 1905.4083434 ],[1893.76831197 1572.52283395]
DJI_20250417095100_0375_D:[2658.36231845 2014.58335678],[2672.07606336 2350.11828252],[1943.55797865 2315.40764248],[1908.91157124 1992.65352642]
DJI_20250417094736_0273_D:[1792.70188568 2015.7494314 ],[1809.75651056 1691.56200414],[2532.88137458 1732.41603745],[2536.969107   2047.54886613]
DJI_20250417094738_0274_D:[1832.88816628 2431.33133764],[1847.85026125 2093.17868884],[2576.04781614 2122.53123503],[2581.13357484 2450.59001517]
DJI_20250417094734_0272_D:[1796.01866814 1642.10251347],[1815.37609386 1329.80047297],[2536.48322411 1383.93023273],[2539.45496752 1688.1246742 ]
DJI_20250417095056_0373_D:[2603.20651594 1153.58537728],[2618.72760862 1510.17777062],[1896.26186623 1509.90409037],[1863.11633124 1168.24108931]
DJI_20250417095102_0376_D:[2667.92852212 2423.55971578],[2681.23681648 2745.90428996],[1952.24488792 2695.51820734],[1916.61996538 2384.78114698]
DJI_20250417094732_0271_D:[2120.03299606 1020.0261168 ],[2251.92513428  747.03933302],[2901.02590747 1078.76696682],[2794.00992165 1354.03179924]
DJI_20250417095054_0372_D:[2610.15522943  711.48494165],[2625.58228837 1076.54634703],[1903.40949214 1094.06076096],[1872.02441518  744.77257573]
DJI_20250417095104_0377_D:[2825.23039591 2811.55564671],[2930.99759632 3100.17228239],[2220.47910847 3247.89079717],[2095.57734341 2976.07533332]
26
DJI_20250417094736_0273_D:[2256.84513312 2235.19341666],[2260.08592798 1947.38056318],[2880.20799927 1976.13693864],[2892.29545494 2256.4874286 ]
DJI_20250417094734_0272_D:[2258.21246503 1912.07319418],[2262.8479992  1632.50159292],[2882.23504244 1672.03795075],[2893.77334774 1944.72879104]
DJI_20250417094732_0271_D:[2430.05355631 1490.47094369],[2536.43885002 1238.85011836],[3097.06554507 1516.94185276],[3009.05759668 1769.10053658]
DJI_20250417094738_0274_D:[2294.80992296 2596.21724342],[2296.93455393 2298.59480745],[2919.74636902 2318.16914076],[2932.12442314 2607.63346133]
DJI_20250417095100_0375_D:[2280.29526665 1773.07595238],[2301.80232042 2068.55133053],[1683.74611514 2048.07698863],[1647.51533614 1762.81815765]
DJI_20250417094724_0267_D:[3658.09301297 1838.67806207],[3639.4127837  2126.36868616],[2992.77211963 2095.35193378],[2994.78124863 1813.62113315]
DJI_20250417095102_0376_D:[2287.51131954 2123.79365531],[2309.32535744 2410.35868307],[1690.06038416 2377.81097139],[1652.50295627 2100.72725119]
DJI_20250417095058_0374_D:[2265.0722091  1398.43176273],[2286.4279196  1701.25932112],[1671.8443724  1694.13844183],[1637.00021265 1402.22778168]
DJI_20250417094730_0270_D:[3237.94735138 1357.85140406],[3504.45924603 1366.50048495],[3457.00860717 2000.62752909],[3195.96400453 2010.28919525]
DJI_20250417094722_0266_D:[3672.30467613 1437.90813936],[3655.40916918 1734.2043209 ],[3009.66778868 1712.69257072],[3011.19518744 1422.75457602]
27
DJI_20250417094724_0267_D:[2861.04602187 1621.33825086],[2862.36399781 1906.57241595],[2250.48356555 1881.19037538],[2234.39424393 1602.33575353]
DJI_20250417094726_0268_D:[2863.19367912 2034.45890883],[2864.01516988 2309.76031601],[2251.35532418 2274.77553445],[2234.61411296 2005.25398807]
DJI_20250417094728_0269_D:[2960.70302992 2124.09822232],[3145.88430549 2316.31779122],[2674.16246136 2701.65725336],[2480.67080592 2524.55988631]
DJI_20250417094722_0266_D:[2877.42915651 1233.74028806],[2879.01178705 1526.35941374],[2268.52064467 1510.60858952],[2253.28254035 1224.80033237]
DJI_20250417094356_0163_D:[1694.95455898 2074.5119024 ],[1718.52234993 1800.16551301],[2328.99903953 1844.36181723],[2321.10877528 2114.98811456]
DJI_20250417094358_0164_D:[1752.3692259  2373.45210777],[1772.23231508 2091.8136198 ],[2382.99445842 2128.05961208],[2378.0179071  2405.43290734]
DJI_20250417094354_0162_D:[1759.20662073 1479.18365011],[1867.66334948 1232.49841231],[2435.75662472 1471.53635513],[2344.18339685 1720.40736584]
DJI_20250417094734_0272_D:[3020.30910033 2134.34103313],[3005.72241099 1858.0718049 ],[3584.64848327 1890.2907281 ],[3613.10637859 2159.35687486]
DJI_20250417094730_0270_D:[3002.1990826  2142.45735058],[3268.05886884 2129.23344993],[3226.48807381 2726.20891988],[2966.61182382 2755.38799207]
DJI_20250417094732_0271_D:[3055.74817698 1995.76551929],[3142.31501657 1738.44891471],[3668.20489971 1994.65597157],[3597.93615024 2251.23693023]
28
DJI_20250417094732_0271_D:[1919.17839221 1748.64084043],[2053.66349865 1459.09703748],[2693.87014121 1762.46610916],[2582.93800008 2052.24723154]
DJI_20250417095102_0376_D:[2578.5936732  1648.40841785],[2594.3074327  1985.23696804],[1888.85901599 1965.63244286],[1852.93955559 1641.72545395]
DJI_20250417094734_0272_D:[1884.29413861 2375.15622203],[1899.9795986  2050.08377799],[2599.98890507 2081.43333753],[2604.68259007 2397.38668392]
DJI_20250417095104_0377_D:[2512.5935779  2084.79683328],[2625.86513764 2390.12455849],[1944.35330099 2562.03475785],[1814.4199046  2274.41744992]
DJI_20250417095100_0375_D:[2569.59959434 1255.81458349],[2585.46726492 1601.95848342],[1883.15282259 1597.38748696],[1848.54444781 1265.09257977]
DJI_20250417094730_0270_D:[2834.25450435  954.2002114 ],[3145.60708001  976.33936869],[3103.17823381 1694.93778441],[2799.22137046 1696.09182859]
DJI_20250417094736_0273_D:[1886.30586895 2735.56106685],[1899.66594074 2401.9538874 ],[2599.00183921 2420.34729793],[2604.73924088 2744.24453385]
DJI_20250417095106_0378_D:[2760.47716109 2407.04055378],[3085.17079792 2387.65003618],[3026.74872604 3074.05570289],[2714.05725601 3114.28546259]
DJI_20250417095058_0374_D:[2550.39370293  841.22305939],[2566.68731406 1194.04741467],[1870.58439758 1205.83654402],[1837.38407018  867.65518403]
DJI_20250417094728_0269_D:[3745.58813317 1157.69965112],[3933.3692464  1407.66723495],[3376.59282861 1871.90529812],[3176.07246163 1642.5566187 ]
29
DJI_20250417094728_0269_D:[2909.43079024 1586.96223579],[3096.85564395 1794.43573297],[2624.59759247 2193.8451373 ],[2428.9371356  2002.05956219]
DJI_20250417094730_0270_D:[2575.17394097 1815.22934408],[2854.31156399 1810.92988482],[2823.5697818  2419.95484018],[2550.94602369 2440.6578046 ]
DJI_20250417094726_0268_D:[3192.88477184 1605.9421685 ],[3185.3823034  1892.83911308],[2563.96595992 1867.7195636 ],[2555.32023564 1586.99762468]
DJI_20250417094732_0271_D:[2595.0090742  2263.98890409],[2694.3378051  1998.21231686],[3236.39333171 2248.76303411],[3154.01373307 2513.48420207]
DJI_20250417094734_0272_D:[2696.43322036 2551.44781175],[2689.96263519 2263.89175301],[3280.53607061 2285.03855889],[3301.27943317 2564.90295533]
DJI_20250417094724_0267_D:[3188.1665248 1195.4333979],[3181.87415988 1490.45660369],[2562.79915833 1474.80927172],[2554.2544511  1186.42085737]
DJI_20250417094736_0273_D:[2696.87772355 2860.58700145],[2689.59064103 2567.26690535],[3279.08074768 2577.86535159],[3299.72681546 2863.00114797]
DJI_20250417094354_0162_D:[1315.4781273  1765.06921006],[1434.81688738 1511.08442898],[2009.0002904 1745.2200334],[1906.40855986 2001.22458079]
DJI_20250417094722_0266_D:[3200.9551374   813.23487717],[3195.69291725 1113.60997515],[2579.6617471  1107.20344636],[2571.41336461  813.69058573]
DJI_20250417094356_0163_D:[1367.3736434  2480.55642884],[1398.32486471 2197.17201529],[2012.32054113 2234.78107448],[1996.76412445 2514.44718208]
30
DJI_20250417095104_0377_D:[2584.17376966 1485.66867588],[2703.58517216 1834.13777947],[1969.28340361 2041.989418  ],[1830.85853823 1715.38221935]
DJI_20250417095106_0378_D:[2217.2266159  2171.15409012],[2585.5869835  2158.62695774],[2545.06135628 2906.47904089],[2192.13037948 2943.35172044]
DJI_20250417095102_0376_D:[2828.76803272 1069.98367179],[2837.79348229 1449.16263791],[2073.11816779 1450.28756345],[2040.81896508 1087.29435432]
DJI_20250417094732_0271_D:[1433.36562466 2128.63977641],[1591.97562141 1807.0918444 ],[2289.34421986 2119.70702297],[2157.82732122 2440.83807591]
DJI_20250417094730_0270_D:[2314.31780245  630.16021846],[2664.55408573  663.76254798],[2633.31863423 1439.49828005],[2292.22262454 1432.36142772]
DJI_20250417095108_0379_D:[2609.29395418 2736.82432054],[2858.4537927  2468.18885151],[3327.31587726 3008.35807012],[3105.11345763 3281.17391713]
DJI_20250417094734_0272_D:[1581.86173433 2923.19370959],[1606.79701968 2561.26754886],[2360.22487822 2578.92892478],[2358.09610854 2930.08027655]
DJI_20250417095100_0375_D:[2816.87199021  656.24029419],[2826.67111287 1042.93263663],[2067.71494644 1060.92273826],[2036.71515012  691.23182115]
DJI_20250417095110_0380_D:[3237.21167222 2866.23708089],[3209.40766547 2495.81741143],[3910.79143937 2500.12323524],[3957.83235858 2852.31076517]
DJI_20250417094728_0269_D:[3644.04344246  543.90986388],[3848.74090903  829.49876383],[3258.80966467 1337.8766873 ],[3040.30344043 1075.54687665]
31
DJI_20250417094416_0173_D:[2474.04146252 2134.06643069],[2475.988542   1862.51969453],[3067.48623438 1903.3646338 ],[3074.26644513 2170.36119414]
DJI_20250417094414_0172_D:[2450.23768861 1841.86279617],[2452.45485882 1574.12095198],[3045.90285688 1619.77108221],[3053.17764111 1883.24256558]
DJI_20250417094418_0174_D:[2474.34639408 2510.03665033],[2475.22984259 2234.41137189],[3065.55447384 2266.28516383],[3072.42643754 2537.03861784]
DJI_20250417094328_0149_D:[3499.16942835 1887.13341487],[3489.94698997 2165.50385275],[2865.87230803 2129.2014225 ],[2865.590177   1854.50096313]
DJI_20250417094412_0171_D:[2472.15554395 1530.64102979],[2474.11840814 1266.90114013],[3070.35349619 1318.41440186],[3078.72553337 1578.05567139]
DJI_20250417094326_0148_D:[3491.96457304 1546.89831895],[3484.10121535 1831.72554781],[2855.96966682 1800.27034569],[2855.16727456 1519.39757487]
DJI_20250417094330_0150_D:[3503.62071818 2218.97644007],[3492.51586467 2490.84126458],[2871.00706174 2448.74511935],[2871.73539862 2180.19543655]
DJI_20250417094420_0175_D:[2432.71403289 2786.32223864],[2434.03664951 2509.73000133],[3021.73613365 2536.60216242],[3027.4055434  2808.28385499]
DJI_20250417094708_0259_D:[2153.61224664 1966.6671549 ],[2169.16338078 2242.95482104],[1578.26193659 2211.9652033 ],[1554.32573359 1942.62385721]
DJI_20250417094706_0258_D:[2143.64829705 1616.38601847],[2158.41010463 1898.50284342],[1566.1276403  1875.94025788],[1543.88575291 1601.21025742]
32
DJI_20250417094706_0258_D:[2829.73232185 1846.21014843],[2835.04749536 2126.74598106],[2220.80562151 2098.29974094],[2207.12773789 1824.60222996]
DJI_20250417094704_0257_D:[2839.5087953  1519.27411442],[2844.74849417 1803.99995474],[2230.06845277 1783.22981567],[2217.26040347 1505.59810216]
DJI_20250417094708_0259_D:[2838.38709538 2197.03037131],[2843.49919833 2470.90093982],[2231.75440216 2434.62161062],[2217.41916702 2167.15435281]
DJI_20250417094416_0173_D:[1820.35221107 1892.57052654],[1832.08165085 1625.57284305],[2433.2629064  1670.45292473],[2430.71266516 1933.43931444]
DJI_20250417094418_0174_D:[1821.22249999 2270.66604732],[1830.85165912 1998.75641827],[2431.802196   2035.24876894],[2430.34620162 2302.82053245]
DJI_20250417094702_0256_D:[2838.28150575 1188.57750908],[2843.70621483 1474.52645833],[2233.23174914 1461.99423125],[2221.17581556 1183.24967918]
DJI_20250417094414_0172_D:[1795.14253439 1601.6150334 ],[1807.98977082 1339.11435419],[2410.10302193 1388.17837898],[2407.23790455 1647.00356978]
DJI_20250417094420_0175_D:[1784.03724802 2548.20034404],[1793.23990657 2274.80940604],[2391.57876226 2306.60542118],[2389.74056265 2575.65688643]
DJI_20250417094710_0260_D:[2826.95274442 2549.90950722],[2832.07057686 2816.61084243],[2222.1759197  2772.26375299],[2206.95670966 2511.53120449]
DJI_20250417094752_0281_D:[3568.83978154 1365.85011119],[3525.96449498  837.95352224],[4611.88961346  967.12482444],[4688.92608268 1463.76108514]
33
DJI_20250417094418_0174_D:[2537.93779618 2092.77789418],[2537.97806871 1823.14688998],[3125.85871754 1862.67855586],[3133.72875952 2127.67884512]
DJI_20250417094420_0175_D:[2495.87076842 2372.46020474],[2496.45833667 2100.69535686],[3082.76783737 2135.10946703],[3089.38734418 2402.16358063]
DJI_20250417094416_0173_D:[2539.35479056 1716.61897977],[2540.32907719 1452.46349685],[3128.01165846 1500.77254631],[3135.86542136 1760.65487671]
DJI_20250417094326_0148_D:[3429.26516532 1982.48460414],[3421.86292384 2260.87296262],[2795.62771244 2222.90677194],[2794.10628066 1948.29948314]
DJI_20250417094324_0147_D:[3448.25993263 1638.37693575],[3441.83878763 1922.51240156],[2812.43976093 1889.62559275],[2810.83064497 1609.4806991 ]
DJI_20250417094414_0172_D:[2515.62253677 1424.9956356 ],[2516.79827354 1165.73022622],[3105.37578672 1218.60681829],[3113.77323679 1473.91216206]
DJI_20250417094422_0176_D:[2498.5268295  2704.80295249],[2498.66321505 2431.84183579],[3081.07191739 2459.2504473 ],[3087.22184476 2727.32910287]
DJI_20250417094328_0149_D:[3434.89589655 2319.14662586],[3426.26682319 2589.80237866],[2805.44587092 2547.31629567],[2804.3673139  2280.05770105]
DJI_20250417094322_0146_D:[3473.20629146 1262.29449882],[3467.48724073 1548.42337808],[2841.44434355 1520.38814915],[2840.27964117 1238.25635448]
DJI_20250417094704_0257_D:[2099.85660955 1724.78585659],[2114.46527639 2004.77731804],[1524.42578943 1978.87679783],[1502.8927122 1706.1889434]
34
DJI_20250417094704_0257_D:[2896.2361513  1963.18429059],[2900.61659226 2242.79210872],[2283.21707585 2210.84254744],[2270.94079741 1937.99989814]
DJI_20250417094702_0256_D:[2894.96717174 1627.32598952],[2899.61284219 1909.58483411],[2285.22197169 1885.96717591],[2273.56719636 1610.64940824]
DJI_20250417094706_0258_D:[2886.29809539 2290.54329431],[2890.6759647  2564.67068256],[2274.95275545 2525.1933481 ],[2261.91072465 2257.51108227]
DJI_20250417094700_0255_D:[2873.43339844 1276.06057369],[2879.16261156 1560.20710704],[2268.06561924 1546.56413016],[2256.31038865 1269.56412754]
DJI_20250417094418_0174_D:[1777.85275673 1844.46925455],[1788.38375893 1578.38305675],[2389.77776553 1622.16595585],[2387.71104575 1884.18792694]
DJI_20250417094420_0175_D:[1739.53074089 2125.2105558 ],[1749.64524589 1856.46891644],[2349.49919964 1895.50936086],[2347.0763066  2160.09035467]
DJI_20250417094422_0176_D:[1747.09884845 2460.99567692],[1755.58557259 2190.28761824],[2352.1701331  2222.81294032],[2350.40310107 2489.21603533]
DJI_20250417094758_0284_D:[3030.099152   2200.90184991],[3019.76622622 1923.94834906],[3602.17948041 1953.5241024 ],[3619.48894289 2222.72448582]
DJI_20250417094416_0173_D:[1780.3219984  1466.39259897],[1792.97473784 1206.72251375],[2393.02211175 1258.49013873],[2389.82273786 1514.54577988]
DJI_20250417094708_0259_D:[2894.53590543 2638.25120379],[2898.60503706 2904.27436117],[2286.88008706 2857.4198174 ],[2273.29046819 2597.32343773]
35
DJI_20250417094420_0175_D:[2538.79253385 1960.23768516],[2538.84509198 1693.25757587],[3124.94495287 1735.28530566],[3132.3041633  1997.75584021]
DJI_20250417094422_0176_D:[2540.55253492 2297.17107765],[2540.22912378 2027.65243984],[3123.61973753 2062.67501601],[3130.48376255 2327.47763525]
DJI_20250417094418_0174_D:[2581.03954197 1678.31181361],[2580.47821494 1414.54603468],[3167.12248401 1461.7709994 ],[3175.77706356 1721.13935476]
DJI_20250417094322_0146_D:[3436.09158542 1692.2328796 ],[3430.31325776 1974.9862556 ],[2802.10034707 1940.37947024],[2800.60897006 1661.5784262 ]
DJI_20250417094324_0147_D:[3409.36472943 2073.17076047],[3403.0349244  2352.25009867],[2773.02548464 2312.69253352],[2771.00716502 2037.43270441]
DJI_20250417094424_0177_D:[2502.56444911 2622.96442585],[2502.30474396 2348.70651465],[3090.66636793 2377.51773387],[3096.79810073 2646.87597569]
DJI_20250417094320_0145_D:[3447.97447992 1310.26193546],[3444.15738123 1593.77343047],[2821.3725622  1566.73161916],[2819.09364133 1287.21397728]
DJI_20250417094326_0148_D:[3388.58144528 2415.55463934],[3381.36399486 2687.47837844],[2755.99911242 2643.04738735],[2754.00964111 2374.62803806]
DJI_20250417094416_0173_D:[2583.88598224 1303.33963606],[2584.1744008  1046.45666668],[3169.21780923 1102.21451906],[3177.93148532 1355.10275219]
DJI_20250417094702_0256_D:[2068.28269051 1820.91179502],[2082.62128948 2098.67687911],[1495.33331078 2070.10523877],[1474.63465281 1799.54667844]
36
DJI_20250417095414_0472_D:[2859.91351275 1594.41169766],[2883.58922817 1932.01882466],[2149.65305403 1931.94728179],[2129.72532133 1611.6495326 ]
DJI_20250417095416_0473_D:[2911.22558601 2022.52182715],[2933.51681086 2361.77370162],[2196.56763882 2337.13744   ],[2177.17455697 2015.24352213]
DJI_20250417095136_0393_D:[1533.78437607 2205.33747627],[1538.94611063 1833.38507137],[2373.8439507  1865.36917997],[2381.95813284 2220.40981404]
DJI_20250417095412_0471_D:[2853.17133625 1126.20787585],[2877.5608726  1462.87815973],[2140.18852799 1487.63883331],[2120.5611685  1168.22830106]
DJI_20250417095134_0392_D:[1514.68607173 1755.35279416],[1522.77305025 1391.42786143],[2357.2713128  1444.14245342],[2364.36637995 1792.18955348]
DJI_20250417095418_0474_D:[2931.2915889  2500.83591293],[2953.33524871 2842.4589403 ],[2211.00680064 2793.2851446 ],[2190.83604154 2469.13459317]
DJI_20250417095138_0394_D:[1535.26917843 2662.43889572],[1537.39480194 2281.79993954],[2378.52903824 2291.24186277],[2387.99421423 2654.12579315]
DJI_20250417095132_0391_D:[1544.67636428 1327.0745244 ],[1554.13094175  974.01965532],[2383.23463034 1044.45569492],[2390.68069827 1382.88503437]
DJI_20250417095410_0470_D:[2935.03214809  275.46404652],[2962.3023754   772.91664595],[1948.46312931  857.80944933],[1911.76876271  399.51196757]
DJI_20250417095510_0500_D:[3254.81215162 2044.37687595],[3237.45878257 1705.59241341],[3920.90078241 1726.8066821 ],[3935.64646967 2046.83255035]
37
DJI_20250417095508_0499_D:[2498.24239496 1928.33471976],[2479.08936037 1587.61954206],[3209.32283135 1615.05334995],[3226.28198902 1937.58354875]
DJI_20250417095510_0500_D:[2585.11391007 2318.98953297],[2566.0661182  1980.04443777],[3290.01339006 1986.32823581],[3306.12452075 2307.09468034]
DJI_20250417095416_0473_D:[3577.52423547 1743.62205725],[3601.71691094 2081.75442727],[2831.94663467 2071.84408024],[2810.93769358 1750.43817811]
DJI_20250417095506_0498_D:[2482.57544601 1518.6415912 ],[2463.78784636 1177.71667591],[3194.70577946 1227.6576184 ],[3212.12873579 1550.36985434]
DJI_20250417095512_0501_D:[2532.99512619 2725.62735125],[2513.81887132 2388.8000697 ],[3240.67741943 2373.41269998],[3256.08343776 2692.30395353]
DJI_20250417095414_0472_D:[3523.50361689 1314.64644901],[3549.88597302 1650.41373859],[2783.45263877 1664.50485857],[2761.2694311  1345.27722312]
DJI_20250417095418_0474_D:[3603.55319127 2219.29773859],[3626.50791438 2560.63947916],[2850.42939237 2527.14574167],[2829.46557543 2202.66002042]
DJI_20250417095420_0475_D:[3580.42863274 2640.58702427],[3602.16579233 2982.14681059],[2825.59140426 2928.404625  ],[2804.65695255 2603.45093709]
DJI_20250417095504_0497_D:[2506.72254222 1089.6050624 ],[2488.10882055  750.72998129],[3215.35741732  823.69765863],[3233.59970821 1144.49896817]
DJI_20250417095412_0471_D:[3517.94776959  847.38225039],[3546.11777704 1181.00719701],[2776.83154793 1219.03998288],[2754.12936075  901.53118142]
38
DJI_20250417095418_0474_D:[2855.58677854 1974.40715017],[2877.62611756 2313.41943893],[2143.71623956 2291.37938301],[2123.99864319 1969.70405029]
DJI_20250417095416_0473_D:[2835.81344656 1504.20085873],[2857.90254769 1839.08623057],[2130.83930893 1841.16549732],[2111.99394379 1523.29140412]
DJI_20250417095132_0391_D:[1581.12799855 1903.45877688],[1589.07340439 1528.73597691],[2438.34960046 1575.60190825],[2447.16165329 1933.31884153]
DJI_20250417095134_0392_D:[1553.41221077 2343.61022861],[1560.04206791 1960.41162594],[2412.01091123 1987.83942265],[2420.32289005 2353.24261874]
DJI_20250417095420_0475_D:[2829.79684124 2392.96530299],[2851.79400304 2733.2481736 ],[2116.72664648 2690.04040261],[2096.16511006 2367.19931614]
DJI_20250417095414_0472_D:[2782.88438878 1082.54394226],[2806.19515961 1414.3513563 ],[2083.43646491 1440.7062434 ],[2064.23828365 1125.72173809]
DJI_20250417095130_0390_D:[1581.6753908  1459.40662401],[1592.22586673 1093.66808007],[2443.07168297 1161.75683111],[2451.33542065 1511.60862634]
DJI_20250417095136_0393_D:[1577.02959881 2800.48018043],[1580.60449863 2411.99555011],[2429.97866346 2417.34456851],[2439.22172947 2787.51171434]
DJI_20250417095508_0499_D:[3234.62105227 2176.23250115],[3217.09482663 1839.56315884],[3898.48280194 1853.43565826],[3913.69185357 2171.67554588]
DJI_20250417095506_0498_D:[3220.1637924 1771.671039 ],[3202.13164715 1434.13366604],[3884.48243591 1470.86959508],[3901.02639916 1789.84239345]
39
DJI_20250417095506_0498_D:[2063.28567234 2057.9516262 ],[2044.03964877 1717.97067107],[2796.45997132 1738.92831866],[2813.91031523 2061.07348017]
DJI_20250417095508_0499_D:[2080.75393338 2465.38182896],[2060.71332728 2127.13532813],[2810.98232445 2126.09624536],[2828.3863874  2446.70864255]
DJI_20250417095504_0497_D:[2086.92873407 1628.42273587],[2068.33795938 1288.52200777],[2818.99444803 1332.13796353],[2836.71313492 1654.15253932]
DJI_20250417095758_0584_D:[2274.0353008  2026.52872882],[2298.17392388 2383.43999178],[1566.89732602 2356.85487619],[1545.13316428 2021.76473297]
DJI_20250417095510_0500_D:[2169.29542104 2851.41838078],[2148.94918722 2516.30642267],[2892.08246408 2494.5841191 ],[2908.97760522 2812.26243843]
DJI_20250417095756_0583_D:[2248.46487665 1575.26504072],[2272.25771965 1930.45820531],[1543.94740199 1932.02760646],[1523.56213418 1598.52508471]
DJI_20250417095502_0496_D:[2058.0676197  1246.44360446],[2039.97839852  908.23722812],[2790.64557243  970.90755224],[2808.80574524 1291.64121089]
DJI_20250417095800_0585_D:[2288.61422534 2433.4549963 ],[2313.0521854  2789.38598295],[1582.56280635 2737.86987809],[1559.55851473 2403.69817081]
DJI_20250417095754_0582_D:[2234.51831161 1155.56361896],[2257.75698033 1507.00999003],[1533.56368401 1534.51132975],[1514.65120454 1204.43890411]
DJI_20250417095418_0474_D:[4010.25263456 1676.93017368],[4034.62222691 2015.4826523 ],[3243.68510449 2009.19970093],[3221.90914375 1686.86678913]
40
DJI_20250417095420_0475_D:[3400.7674982  1813.22775004],[3423.71972241 2155.88649656],[2653.85442371 2142.63874092],[2632.81770729 1817.25483748]
DJI_20250417095504_0497_D:[2678.71732383 1913.39649899],[2660.0086868  1572.48206274],[3380.17922681 1601.56138227],[3397.68454959 1923.95861391]
DJI_20250417095506_0498_D:[2654.52616785 2343.52855546],[2635.92268554 2003.30296875],[3357.65609557 2009.06869913],[3374.22202919 2330.96329084]
DJI_20250417095418_0474_D:[3422.48751954 1396.05405802],[3446.19535138 1735.64059258],[2679.44663769 1743.0654429 ],[2658.63832988 1420.42021125]
DJI_20250417095422_0476_D:[3409.06840846 2250.51510867],[3431.30017128 2591.86177078],[2663.75532454 2557.89822764],[2642.3960739  2233.55296768]
DJI_20250417095502_0496_D:[2649.51951445 1529.36083334],[2630.50966979 1189.10732662],[3351.80314765 1238.35133493],[3370.39185278 1560.22525636]
DJI_20250417095508_0499_D:[2670.40527249 2749.66112051],[2651.70731655 2411.93844271],[3370.85029121 2395.21747443],[3386.70105613 2714.84156572]
DJI_20250417095416_0473_D:[3395.23512307  931.8008318 ],[3419.82354712 1265.14498345],[2662.12738822 1295.71962922],[2641.57212556  978.6162262 ]
DJI_20250417095500_0495_D:[2612.61682669 1167.80366759],[2593.38057627  830.3757517 ],[3313.93222617  897.73820106],[3333.63210225 1217.21959689]
DJI_20250417095424_0477_D:[3419.50294648 2713.7542162 ],[3440.69141948 3053.14222994],[2673.8653548  2997.30477294],[2652.34865725 2674.39175323]
41
DJI_20250417095514_0502_D:[2632.17472154 2082.22429032],[2612.98357    1739.79868427],[3340.30071408 1758.91607361],[3355.72257366 2082.76236263]
DJI_20250417095412_0471_D:[3471.10260744 1873.96131619],[3497.73401114 2215.05686586],[2727.02185123 2201.42122961],[2704.65820867 1877.50340074]
DJI_20250417095410_0470_D:[3766.546029   1364.83980872],[3779.8081963  1832.36748869],[2741.68721587 1836.57395991],[2715.27797909 1402.55117085]
DJI_20250417095516_0503_D:[2582.71978394 2496.5743003 ],[2563.51150631 2155.57406567],[3295.50077546 2152.69854427],[3310.14148679 2475.33942407]
DJI_20250417095512_0501_D:[2598.67922834 1697.20253589],[2579.68045666 1356.33251686],[3303.19498266 1396.23510068],[3319.26142045 1718.76436108]
DJI_20250417095414_0472_D:[3472.16092118 2339.68495788],[3497.08268004 2679.15734187],[2732.62787216 2642.05257855],[2710.7987116  2319.43662181]
DJI_20250417095408_0469_D:[3437.18543166 1069.34163988],[3465.02717789 1404.71864438],[2696.85742482 1430.32487084],[2675.16398701 1111.48061996]
DJI_20250417095518_0504_D:[2596.53964793 2886.22451673],[2577.92690293 2550.39796148],[3304.84582086 2527.15236143],[3318.17882055 2845.09534511]
DJI_20250417095510_0500_D:[2650.48849433 1290.82662026],[2631.54623455  950.89427918],[3349.57895056 1012.39552952],[3366.49302214 1334.01970075]
DJI_20250417095416_0473_D:[3519.04234204 2768.63647865],[3541.47288806 3107.10948494],[2776.95992689 3047.04169706],[2756.39873045 2724.8942358 ]
42
DJI_20250417095140_0395_D:[1924.75473294 2003.99005908],[1920.26111894 1652.33940832],[2701.75568469 1687.24814194],[2715.93859822 2023.16855591]
DJI_20250417095142_0396_D:[1964.78162645 2437.14949017],[1958.16606109 2077.21611384],[2745.37604069 2092.12868674],[2760.29480906 2435.33326291]
DJI_20250417095410_0470_D:[2520.05445642 1733.59205091],[2549.72889358 2172.32360818],[1647.2884468  2152.22661164],[1607.7536122  1744.79443606]
DJI_20250417095412_0471_D:[2559.61744147 2133.7077044 ],[2582.02726367 2467.83117015],[1874.96088789 2440.71108233],[1856.22430577 2123.77537484]
DJI_20250417095138_0394_D:[1949.58811422 1582.01706191],[1947.00570842 1243.46540285],[2712.16045772 1297.85132093],[2725.47248503 1622.00467982]
DJI_20250417095408_0469_D:[2529.10535604 1343.55678709],[2550.54164708 1673.68100455],[1844.81372428 1685.84438546],[1828.55040791 1372.60330895]
DJI_20250417095144_0397_D:[2006.72710127 2807.45797726],[1999.10431618 2447.59901093],[2778.79649014 2446.1772769 ],[2793.16425343 2789.20141218]
DJI_20250417095414_0472_D:[2566.74422449 2585.76593478],[2588.76819087 2917.64227456],[1887.42650781 2867.34828628],[1868.09952154 2552.42543707]
DJI_20250417095136_0393_D:[1951.91499187 1167.92039041],[1951.34729844  840.86798492],[2707.39344341  913.46032644],[2719.91707683 1227.45235582]
DJI_20250417095406_0468_D:[2485.77487701  968.84639767],[2507.20927158 1294.80472175],[1805.49202057 1327.50858167],[1790.02050281 1018.16843676]
43
DJI_20250417095408_0469_D:[3385.94180677 1595.14751616],[3412.84202539 1934.50241267],[2646.58196245 1933.41962973],[2625.22778839 1611.16296903]
DJI_20250417095516_0503_D:[2641.4394865 1966.0208885],[2622.49495518 1622.82284271],[3350.04878318 1648.71599088],[3364.88157407 1973.3184321 ]
DJI_20250417095518_0504_D:[2655.55172004 2359.9822085 ],[2637.23002877 2020.5497819 ],[3360.88662536 2025.75402962],[3374.42381276 2346.94846034]
DJI_20250417095410_0470_D:[3657.37777313 2083.42703256],[3670.24377995 2524.53004263],[2672.93981762 2481.06938998],[2646.58524285 2070.02495052]
DJI_20250417095406_0468_D:[3339.70986371 1208.95738245],[3367.65045602 1544.77109956],[2604.61937188 1564.42338694],[2583.11117727 1245.36698919]
DJI_20250417095514_0502_D:[2690.22122204 1553.4180231 ],[2671.22879207 1210.27942133],[3392.87475975 1258.07346931],[3408.58712654 1582.50918271]
DJI_20250417095520_0505_D:[2643.47304969 2737.14112824],[2625.54617738 2401.25057235],[3348.80693916 2386.78692882],[3361.19181141 2704.77271246]
DJI_20250417095412_0471_D:[3417.69658759 2401.30404811],[3443.41042191 2743.14774813],[2677.52400684 2703.02563832],[2655.47839175 2378.32031272]
DJI_20250417095404_0467_D:[3299.02433029  805.80419348],[3327.44177962 1136.28986563],[2568.62861612 1176.30766549],[2547.58568048  861.95193241]
DJI_20250417095512_0501_D:[2656.55819941 1174.54122331],[2637.74447587  834.60179933],[3354.36400032  902.33755128],[3370.81846914 1223.98827411]
44
DJI_20250417095144_0397_D:[2052.52504879 2260.92869318],[2045.21568325 1923.22487596],[2786.55000352 1945.08463322],[2800.46494013 2267.85707062]
DJI_20250417095142_0396_D:[2013.84060152 1903.89463091],[2007.36618342 1568.16340798],[2753.72824838 1604.80670722],[2768.11689125 1925.95554445]
DJI_20250417095408_0469_D:[2529.71579807 1842.44059425],[2550.60671477 2166.98389811],[1862.09279568 2154.09031597],[1845.73565231 1845.81356424]
DJI_20250417095406_0468_D:[2487.92211167 1474.66511962],[2508.89825024 1796.55907902],[1823.09130178 1803.19092976],[1807.34265119 1497.40041431]
DJI_20250417095146_0398_D:[2082.15222038 2679.9513222 ],[2073.64878849 2344.04639327],[2804.46234552 2346.93211527],[2818.01418585 2667.91253732]
DJI_20250417095140_0395_D:[1977.60870016 1498.10298237],[1973.0630784  1171.73293193],[2712.36058686 1225.48581343],[2726.03634835 1538.39090714]
DJI_20250417095410_0470_D:[2523.66347197 2365.73609229],[2551.41095372 2767.6075222 ],[1702.53734488 2708.99764073],[1665.26092313 2333.48863745]
DJI_20250417095404_0467_D:[2452.43518845 1088.02028817],[2472.87075618 1405.86961683],[1790.38030905 1431.98284811],[1775.88774663 1129.96393724]
DJI_20250417095412_0471_D:[2560.6251163  2611.27634659],[2582.38419362 2937.00428505],[1894.78215888 2887.16533382],[1876.07955792 2577.80440081]
DJI_20250417095148_0399_D:[2067.71101064 3054.24611052],[2058.47019878 2721.50704568],[2781.71946421 2707.93522121],[2794.60437042 3026.07472195]
45
DJI_20250417095406_0468_D:[3217.933778  1746.5087084],[3244.65375633 2087.40185207],[2485.24421912 2079.41181296],[2464.41152756 1755.93855065]
DJI_20250417095408_0469_D:[3262.12211337 2135.13528209],[3287.87978507 2478.07264298],[2526.59046849 2449.25206777],[2505.85175462 2123.82022065]
DJI_20250417095404_0467_D:[3178.64693002 1338.01464437],[3205.67366396 1675.29846433],[2449.06394062 1688.20590855],[2428.75562774 1368.0125577 ]
DJI_20250417095520_0505_D:[2776.10772923 2201.18000316],[2758.87043081 1860.65292119],[3476.37390516 1875.24450719],[3488.56113935 2197.34500625]
DJI_20250417095518_0504_D:[2787.63326731 1821.39671248],[2769.8753195  1478.75679946],[3486.5377455  1513.28447676],[3500.00035594 1837.26429682]
DJI_20250417095522_0506_D:[2839.05654046 2619.90287113],[2822.1617495 2282.4510043],[3536.58631504 2273.4297462 ],[3547.64866523 2592.63023781]
DJI_20250417095516_0503_D:[2773.28239212 1424.57183739],[2754.78931187 1079.62481081],[3474.06755367 1135.15471562],[3489.00839684 1461.18028393]
DJI_20250417095410_0470_D:[3461.27444837 2770.14814115],[3475.38165723 3184.90293238],[2522.70653918 3098.72378493],[2495.08216733 2710.32187622]
DJI_20250417095402_0466_D:[3155.05263605  883.13715635],[3182.34154282 1214.20126936],[2429.73920661 1250.02422542],[2410.15564124  935.36659718]
DJI_20250417095144_0397_D:[1288.84964083 1945.56198215],[1289.56504328 1600.70852881],[2085.72663448 1637.36341849],[2093.17576639 1967.50540566]
46
DJI_20250417094652_0251_D:[2874.48347765 1664.99476032],[2880.83213034 1944.84466942],[2268.1897765  1920.91669121],[2257.99701158 1648.03297598]
DJI_20250417094654_0252_D:[2862.34023858 2025.60033789],[2868.52857985 2301.90772518],[2258.25987226 2269.37829147],[2247.39009575 1999.82072784]
DJI_20250417094650_0250_D:[2891.97962487 1305.61682843],[2898.43788248 1585.59428589],[2288.22882607 1570.4218998 ],[2278.87924493 1297.45573797]
DJI_20250417094656_0253_D:[2864.33752504 2350.8777287 ],[2870.11630995 2622.77965826],[2262.38258802 2582.33903607],[2251.16452381 2316.89629437]
DJI_20250417094430_0180_D:[1717.02935971 2125.5139082 ],[1721.91740363 1855.36203076],[2327.63112013 1893.20983931],[2327.19908618 2158.9215195 ]
DJI_20250417094428_0179_D:[1742.51830658 1810.31215137],[1748.30038444 1542.75541156],[2353.26982614 1585.64547252],[2352.8342523  1848.91306348]
DJI_20250417094432_0181_D:[1725.61635953 2438.28756558],[1729.02707198 2167.40214479],[2332.87493435 2199.29261265],[2333.02211902 2465.63225998]
DJI_20250417094808_0289_D:[3035.7007754  2120.64480735],[3030.55149727 1861.66634254],[3583.3893601  1890.49643951],[3588.33765972 2142.62401269]
DJI_20250417094806_0288_D:[3036.76440872 1809.91477375],[3030.68173311 1551.38078834],[3582.98431855 1587.54588074],[3589.58615535 1839.31080417]
DJI_20250417094426_0178_D:[1809.2855431  1453.30202324],[1815.60542551 1191.05141659],[2416.12827718 1239.71753947],[2416.02257923 1497.92073418]
47
DJI_20250417094428_0179_D:[2334.900956  2044.6751801],[2335.46700185 1774.52015533],[2931.08719389 1813.52665509],[2935.52245244 2078.93345754]
DJI_20250417094430_0180_D:[2308.95981154 2360.21235361],[2309.49291197 2088.12499995],[2905.30061424 2121.63166949],[2908.94451216 2388.85500994]
DJI_20250417094426_0178_D:[2399.24830679 1685.63662681],[2399.49784664 1420.12459539],[2991.09289506 1465.48454735],[2996.63774519 1726.41439933]
DJI_20250417094432_0181_D:[2315.402355   2671.00068088],[2315.30865149 2398.87891813],[2908.53317262 2426.00856111],[2911.95581496 2693.16046932]
DJI_20250417094654_0252_D:[2248.17703145 1798.80511693],[2259.20581454 2075.32128987],[1668.80453047 2048.38126353],[1653.59691906 1778.99781718]
DJI_20250417094316_0143_D:[3630.88049944 1948.43769653],[3626.31667828 2225.29991396],[3001.94077154 2188.47013038],[3001.19684735 1915.32977013]
DJI_20250417094424_0177_D:[2365.54813948 1369.73828051],[2366.87369965 1110.26300983],[2954.51118227 1161.48268307],[2959.74226747 1416.82193435]
DJI_20250417094314_0142_D:[3639.80359836 1586.41203567],[3637.26856491 1865.32422902],[3013.73288395 1834.91853459],[3011.98070537 1559.85064635]
DJI_20250417094656_0253_D:[2251.71150898 2122.96317321],[2263.10290501 2395.76254242],[1674.44847673 2360.46178532],[1658.11860042 2094.54036101]
DJI_20250417094652_0251_D:[2259.47455118 1440.10403141],[2269.79450653 1719.43216046],[1677.73023281 1701.50788131],[1664.0865555  1429.54356529]
48
DJI_20250417094656_0253_D:[2912.15105182 1917.44900216],[2917.63820336 2193.66651169],[2308.22195979 2163.93728384],[2297.50901004 1894.40789521]
DJI_20250417094654_0252_D:[2909.63725352 1591.33564155],[2915.58219905 1870.72400169],[2304.84085617 1849.08304492],[2294.44108966 1576.60762621]
DJI_20250417094658_0254_D:[2905.77230024 2241.35519678],[2910.78458849 2513.99281581],[2302.13675865 2475.96812765],[2291.15355203 2209.79184869]
DJI_20250417094652_0251_D:[2921.36056811 1232.02528861],[2927.54051433 1513.52282693],[2315.77685119 1500.51443974],[2306.02756229 1226.06992215]
DJI_20250417094426_0178_D:[1752.698402   1872.10452226],[1759.23808646 1605.09195135],[2361.86505295 1646.67519121],[2361.28643464 1909.38569591]
DJI_20250417094428_0179_D:[1687.71423192 2230.57683636],[1693.59346099 1959.67057769],[2299.18089528 1995.34329002],[2298.36606563 2261.82766151]
DJI_20250417094804_0287_D:[3010.30381474 1930.1037137 ],[3001.33251115 1657.12758253],[3582.92577147 1694.24179316],[3597.20168462 1959.57082653]
DJI_20250417094806_0288_D:[2985.29637075 2209.61597948],[2979.49586388 1953.44049173],[3527.56392594 1978.77540827],[3533.65798506 2228.31376889]
DJI_20250417094700_0255_D:[2888.02723071 2559.04348309],[2893.15440995 2828.16174368],[2283.73516589 2782.75043442],[2271.84966545 2519.89706509]
DJI_20250417094424_0177_D:[1722.74004938 1554.24302466],[1731.18381286 1292.87672593],[2329.50674292 1340.04946679],[2327.84289288 1597.5794894 ]
49
DJI_20250417094426_0178_D:[2399.32483814 2117.61425603],[2399.52228111 1847.50841344],[2992.00246808 1884.90231068],[2997.39169786 2150.21123465]
DJI_20250417094424_0177_D:[2364.39860607 1798.14346306],[2365.66108649 1532.82901329],[2955.47818946 1576.61096919],[2960.56767614 1837.52081348]
DJI_20250417094428_0179_D:[2335.42313113 2477.17609591],[2335.9075818  2203.80655807],[2931.0577124  2234.78567314],[2935.33763474 2503.24805644]
DJI_20250417094422_0176_D:[2404.64029013 1479.22177109],[2405.94994585 1220.78575673],[2988.61705906 1270.38378775],[2994.26729255 1524.66353122]
DJI_20250417094318_0144_D:[3597.84488437 1829.09291784],[3592.98325083 2107.37731904],[2968.26062543 2072.7740634 ],[2967.25893216 1798.29379857]
DJI_20250417094656_0253_D:[2241.86459574 1681.09254148],[2253.22804115 1957.82696427],[1664.88307091 1933.98129838],[1648.88368712 1664.3725211 ]
DJI_20250417094658_0254_D:[2235.14144267 2002.73426482],[2246.86089362 2276.55356663],[1658.73922681 2244.01263796],[1641.63431937 1977.1136739 ]
DJI_20250417094320_0145_D:[3599.2350764  2164.42248301],[3592.97449555 2438.93227381],[2969.00163962 2399.53223294],[2968.50313135 2128.60631467]
DJI_20250417094316_0143_D:[3625.61974575 1503.61547632],[3621.63831583 1783.67716265],[2998.10803919 1753.27049906],[2997.1473315  1477.03541814]
DJI_20250417094430_0180_D:[2309.93707038 2789.52501972],[2310.35608799 2515.62834672],[2904.39368836 2541.10232968],[2907.86382875 2810.0316184 ]
50
DJI_20250417094658_0254_D:[2906.62118875 1826.92361686],[2911.78077432 2104.64809089],[2301.2638647  2076.72643029],[2290.32717364 1805.75132675]
DJI_20250417094656_0253_D:[2912.21292473 1502.98078776],[2917.84883041 1783.1507557 ],[2307.6721626 1763.6423951],[2297.02780561 1490.38743476]
DJI_20250417094700_0255_D:[2888.93170609 2144.52675618],[2894.22236456 2419.91582553],[2281.79815202 2384.52926452],[2269.94734463 2115.76553534]
DJI_20250417094654_0252_D:[2909.04759884 1177.59652685],[2915.15017874 1459.6965262 ],[2304.8092498  1448.39258464],[2294.52294042 1173.3706251 ]
DJI_20250417094426_0178_D:[1742.0210056  2274.34676679],[1748.35071433 2002.85338209],[2352.78395224 2037.57929714],[2352.17716567 2304.58305793]
DJI_20250417094424_0177_D:[1709.56583642 1953.26806802],[1717.82988933 1686.23844311],[2319.24209235 1727.08821677],[2317.5371833  1989.99612697]
DJI_20250417094702_0256_D:[2907.78301446 2499.38246126],[2911.95848261 2770.02830482],[2298.96210451 2724.93286397],[2287.2970995  2460.55364136]
DJI_20250417094802_0286_D:[3018.87596119 2000.67584687],[3009.13216745 1726.17482444],[3592.24628312 1760.80870859],[3607.88875547 2027.62579766]
DJI_20250417094422_0176_D:[1755.01281816 1631.90422873],[1764.07207568 1371.26874676],[2358.96202198 1417.60175222],[2357.14758618 1674.35929506]
DJI_20250417094804_0287_D:[3007.1617157  2340.82238146],[2998.37095129 2063.22143104],[3581.61455883 2088.61315585],[3595.47657979 2358.25146191]
51
DJI_20250417094434_0182_D:[2327.98761091 2182.9936449 ],[2327.69315345 1912.94652056],[2922.48495362 1949.41056331],[2925.78349296 2214.62421718]
DJI_20250417094432_0181_D:[2353.11472119 1864.0460733 ],[2352.94168097 1595.3222142 ],[2948.04487556 1637.60651348],[2952.0048508 1901.5403265]
DJI_20250417094436_0183_D:[2351.61524827 2472.24263631],[2351.07414637 2201.05095735],[2945.96881581 2232.51406166],[2948.82622516 2498.70995484]
DJI_20250417094430_0180_D:[2348.45798135 1548.60263696],[2348.85064022 1282.37613779],[2944.18194367 1330.82750546],[2948.39231583 1592.47423073]
DJI_20250417094310_0140_D:[3608.76968201 1748.23902342],[3608.38531357 2027.77361573],[2980.42240843 1994.81293079],[2977.71271328 1719.33153695]
DJI_20250417094650_0250_D:[2255.83556158 1911.64099732],[2265.70115685 2188.1967871 ],[1673.08041664 2157.5094797 ],[1660.22165847 1888.10912646]
DJI_20250417094312_0141_D:[3596.55265535 2108.28240969],[3594.74310271 2385.47664356],[2967.62117075 2347.30786103],[2965.34307903 2073.98710907]
DJI_20250417094648_0249_D:[2247.79882068 1570.10442837],[2257.22421752 1846.84228121],[1667.58362812 1825.44976811],[1656.07923172 1555.99610128]
DJI_20250417094438_0184_D:[2351.17752988 2809.50382577],[2350.57666648 2538.38387674],[2944.99161094 2564.06182912],[2947.09676074 2830.1017515 ]
DJI_20250417094308_0139_D:[3615.02989246 1398.3115012 ],[3616.01004158 1678.25542027],[2989.07626859 1650.27533591],[2986.01754698 1374.44007156]
52
DJI_20250417094648_0249_D:[2907.43006853 1789.31904676],[2914.02200018 2065.85330544],[2305.19058158 2038.88779145],[2296.13377331 1769.21068979]
DJI_20250417094650_0250_D:[2919.02778709 2133.0658182 ],[2925.05345022 2408.67230001],[2313.92535373 2372.88157198],[2304.52463275 2103.98728964]
DJI_20250417094646_0248_D:[2898.2209272  1424.82281073],[2905.3277672 1701.8333339],[2297.61121674 1684.17298331],[2288.96654016 1414.13704879]
DJI_20250417094436_0183_D:[1717.15754704 2241.73847096],[1719.28597694 1972.79318741],[2322.62863013 2008.5764199 ],[2323.00864935 2272.98521042]
DJI_20250417094434_0182_D:[1694.47107101 1954.29303475],[1697.60736726 1687.09703043],[2299.92987647 1727.31882408],[2300.03961428 1990.15989583]
DJI_20250417094652_0251_D:[2900.88428664 2495.50303782],[2906.74346708 2768.14626986],[2295.88178182 2723.73029262],[2285.71584155 2457.59765197]
DJI_20250417094812_0291_D:[2998.28095123 1948.7387133 ],[2993.97403782 1682.82867678],[3561.97622542 1717.89459965],[3565.07439131 1976.49241442]
DJI_20250417094814_0292_D:[3002.61092361 2271.06902257],[2998.50008204 2005.45516513],[3567.90053577 2031.01875811],[3570.01437007 2289.22188514]
DJI_20250417094644_0247_D:[2899.2836889  1066.17457394],[2906.79769518 1341.55101409],[2301.98982501 1333.05859757],[2293.8705979  1064.63290985]
DJI_20250417094432_0181_D:[1718.23163629 1637.05538122],[1722.38487624 1371.75915012],[2324.74658177 1417.27734636],[2324.6997141  1678.32563903]
53
DJI_20250417094436_0183_D:[2469.54508287 2066.75350754],[2468.55470627 1796.65164299],[3062.11090067 1835.74863443],[3065.61348684 2100.87371229]
DJI_20250417094434_0182_D:[2445.89339457 1777.06099118],[2445.02222912 1509.14163595],[3037.5198361  1553.09885026],[3041.57426363 1816.24210441]
DJI_20250417094438_0184_D:[2469.01132057 2406.68435592],[2468.13354904 2135.39481186],[3062.35926326 2168.71133606],[3064.98202019 2434.89020187]
DJI_20250417094308_0139_D:[3500.50895969 1818.16883898],[3501.42658622 2097.69917312],[2873.93139328 2063.21530606],[2870.59860452 1787.87984598]
DJI_20250417094432_0181_D:[2471.51374354 1457.80723788],[2470.60467171 1192.44654771],[3062.14572695 1242.26692025],[3067.02383151 1502.94290716]
DJI_20250417094310_0140_D:[3491.99483158 2170.4590355 ],[3491.76159258 2448.11156019],[2864.69638095 2408.68503927],[2861.53934263 2135.0461397 ]
DJI_20250417094306_0138_D:[3498.19996333 1449.55524121],[3501.19063642 1730.37178322],[2872.32256917 1703.10878717],[2867.89898206 1426.61623845]
DJI_20250417094440_0185_D:[2454.69766862 2731.16671464],[2452.97350661 2459.22738707],[3049.09144148 2484.88764573],[3051.79964111 2751.61331939]
DJI_20250417094648_0249_D:[2135.93513253 1987.92797298],[2145.98129191 2262.85092627],[1559.55503183 2230.37903546],[1547.18394173 1962.66895296]
DJI_20250417094646_0248_D:[2128.55913612 1623.53798275],[2137.95285624 1899.57886466],[1552.13051184 1876.91156082],[1541.34024233 1608.25578755]
54
DJI_20250417094646_0248_D:[2607.06710726 1856.38150826],[2614.99019715 2132.0635478 ],[2015.01159978 2103.40726041],[2005.38207641 1834.75352423]
DJI_20250417094438_0184_D:[2007.76518735 2166.31734794],[2008.39917936 1896.8778454 ],[2608.86089616 1934.67521456],[2610.15352917 2199.33716333]
DJI_20250417094436_0183_D:[2008.68602289 1828.3947924 ],[2009.82132915 1560.81453029],[2608.88071225 1603.92707158],[2610.46126498 1866.88985994]
DJI_20250417094644_0247_D:[2610.02348149 1493.8552722 ],[2617.92083747 1769.39660562],[2019.43654591 1750.14404612],[2010.70765754 1481.69841507]
DJI_20250417094648_0249_D:[2615.32906042 2221.44857669],[2623.16283135 2495.2186108 ],[2023.41607395 2457.22592783],[2012.97672404 2190.30155796]
DJI_20250417094440_0185_D:[1991.68563796 2490.87418249],[1990.9045027 2220.1508196],[2593.88576032 2250.68018161],[2595.82830904 2516.53751884]
DJI_20250417094434_0182_D:[1986.48072221 1541.34963686],[1988.28575411 1276.59184062],[2585.40231563 1324.03944462],[2587.01857995 1584.43914197]
DJI_20250417094642_0246_D:[2605.34939727 1136.77777055],[2613.1694093  1410.61440975],[2017.37961758 1400.63520524],[2009.64476463 1133.93342254]
DJI_20250417094650_0250_D:[2625.33001081 2564.95592018],[2633.01688798 2836.37290439],[2032.35821373 2789.55041755],[2021.15556849 2524.78109488]
DJI_20250417094442_0186_D:[2003.56181908 2805.32267353],[2001.83230874 2535.10687963],[2604.70772459 2559.41987134],[2606.80101591 2824.68504303]
55
DJI_20250417094438_0184_D:[2482.22947916 1960.28764729],[2481.33068234 1690.42755687],[3075.05952969 1732.20496685],[3077.93088447 1997.04820809]
DJI_20250417094440_0185_D:[2466.49591241 2284.90420919],[2464.78128438 2013.12981035],[3061.62474686 2047.38968379],[3064.58759793 2314.00764479]
DJI_20250417094436_0183_D:[2482.54962969 1620.98879587],[2481.52682806 1353.61804185],[3073.32557064 1400.97249317],[3077.08160662 1663.50256695]
DJI_20250417094306_0138_D:[3491.69611651 1911.99019892],[3494.23271859 2191.88953476],[2864.99697791 2157.38156742],[2860.68842363 1881.7753718 ]
DJI_20250417094442_0186_D:[2477.6476298  2601.64330931],[2475.61288702 2329.76715509],[3072.66906043 2357.53209515],[3075.20263885 2624.08859425]
DJI_20250417094304_0137_D:[3500.80196782 1589.94763347],[3504.0979271  1871.08159596],[2873.07153989 1840.48554603],[2868.89462728 1563.75357209]
DJI_20250417094308_0139_D:[3490.62565365 2279.91571208],[3491.10897478 2556.95691175],[2864.85977529 2515.53645532],[2861.63259977 2242.52663472]
DJI_20250417094434_0182_D:[2458.92877388 1333.79634455],[2458.03303382 1069.77443041],[3047.64314524 1121.65306786],[3051.95878282 1381.08552614]
DJI_20250417094302_0136_D:[3513.99039173 1263.52661485],[3518.10238525 1544.56038246],[2886.15926197 1518.11070988],[2882.07765729 1241.49139737]
DJI_20250417094644_0247_D:[2130.22567935 1715.82613467],[2139.06922674 1990.79580281],[1554.37039634 1965.74083353],[1544.69450713 1698.1135802 ]
56
DJI_20250417095154_0402_D:[2096.1104984  2120.29872792],[2086.73394936 1814.97498413],[2762.80509028 1840.95085308],[2773.7244696  2133.74798177]
DJI_20250417095152_0401_D:[2098.64642071 1739.00628688],[2090.01781299 1436.79416882],[2762.4148906  1477.75581017],[2773.68764035 1767.77964571]
DJI_20250417095156_0403_D:[2106.14431821 2477.08399656],[2096.35680406 2173.90077486],[2767.07649793 2185.71606783],[2777.33833612 2476.47986709]
DJI_20250417095358_0464_D:[2435.971395   1784.18755065],[2456.05457602 2106.86791252],[1774.58177246 2097.92783977],[1761.2774019 1791.4734701]
DJI_20250417095150_0400_D:[2141.76961842 1450.21670087],[2132.56484336 1152.29931638],[2798.42907161 1202.25904443],[2811.08516548 1488.34505096]
DJI_20250417095356_0463_D:[2435.15069832 1342.93887541],[2454.67212394 1660.85925164],[1773.63440198 1673.72140852],[1761.70385763 1371.64844157]
DJI_20250417095400_0465_D:[2447.19885069 2255.96046976],[2467.49070831 2582.76796271],[1784.63449678 2549.57958071],[1770.24975901 2239.37507611]
DJI_20250417095158_0404_D:[2136.30278327 2834.80061151],[2125.42950016 2533.10865866],[2793.92547416 2529.39569958],[2804.18496492 2818.70306321]
DJI_20250417095354_0462_D:[2411.76724871  951.26482785],[2430.85739682 1263.78478258],[1751.62767457 1297.02358261],[1740.93845998  999.98012595]
DJI_20250417095402_0466_D:[2447.02537091 2665.67455215],[2467.14960568 2993.40048725],[1786.8374779  2938.97153295],[1771.72678426 2627.98924383]
57
DJI_20250417095400_0465_D:[2898.4665567 2002.405231 ],[2923.36177003 2342.06309738],[2186.7609071  2320.64918383],[2168.85228751 1998.52461153]
DJI_20250417095358_0464_D:[2885.17762534 1510.4590373 ],[2910.43467992 1844.77843067],[2176.11925373 1849.25729128],[2158.79550549 1532.00225706]
DJI_20250417095402_0466_D:[2897.66536426 2431.98114123],[2921.79079908 2773.5090162 ],[2187.2821022  2729.34155411],[2169.18828889 2405.49651303]
DJI_20250417095152_0401_D:[1631.32087037 1969.42885454],[1624.37820988 1651.79264872],[2346.93208126 1685.26462616],[2356.85452292 1989.78392014]
DJI_20250417095154_0402_D:[1628.05974157 2368.97226878],[1619.44111647 2048.88757332],[2345.29906025 2066.22372991],[2355.52130168 2372.93101206]
DJI_20250417095356_0463_D:[2883.49706171 1051.91667936],[2908.74633003 1380.17017798],[2175.58078054 1407.85779656],[2159.20123625 1096.10002247]
DJI_20250417095150_0400_D:[1679.19876794 1666.78469069],[1672.31396323 1353.08341727],[2388.36532452 1396.311906  ],[2399.2210767 1697.2421508]
DJI_20250417095526_0508_D:[3116.07949423 1866.94891026],[3100.8699457  1526.25668361],[3794.63349772 1557.19057582],[3804.01871363 1879.05464905]
DJI_20250417095528_0509_D:[3164.16348322 2255.11442212],[3149.20614718 1917.65050715],[3840.36097434 1925.33563463],[3848.63363244 2244.19117986]
DJI_20250417095156_0403_D:[1644.14154046 2738.04245082],[1634.19273665 2421.32310348],[2353.02800064 2423.76531806],[2363.22784217 2727.40417779]
58
DJI_20250417095150_0400_D:[2270.86942896 1945.86818883],[2260.74748257 1645.60910607],[2920.04502298 1675.55314384],[2933.16762176 1963.61285241]
DJI_20250417095152_0401_D:[2227.67859299 2236.76481018],[2218.3243335  1933.70431103],[2882.72642408 1954.27768396],[2894.31276299 2244.94295786]
DJI_20250417095148_0399_D:[2278.572146   1570.73438823],[2269.41792233 1273.30067655],[2927.90154008 1319.28478362],[2941.13584586 1604.89105397]
DJI_20250417095154_0402_D:[2226.44475473 2616.29169081],[2216.58094748 2312.01278523],[2882.78529733 2317.37538825],[2893.79556706 2609.11698396]
DJI_20250417095400_0465_D:[2305.06084865 1737.05915314],[2323.65206007 2051.63686041],[1664.66857841 2045.33918288],[1652.00603259 1746.27485429]
DJI_20250417095402_0466_D:[2305.1480618  2137.74883087],[2323.75486948 2454.74658661],[1665.87290911 2427.90415786],[1652.42677088 2126.66010362]
DJI_20250417095358_0464_D:[2294.92657729 1280.06341421],[2313.0915902  1589.16408152],[1656.82068424 1606.00043365],[1645.39546106 1312.00159541]
DJI_20250417095146_0398_D:[2296.66268561 1212.90937975],[2287.81855956  918.03647646],[2947.94763082  978.52492918],[2961.93081987 1261.89108475]
DJI_20250417095022_0356_D:[3819.03318161 1591.11711742],[3826.2117328  1894.01659823],[3133.34057557 1875.32072142],[3124.21999337 1582.62865679]
DJI_20250417095156_0403_D:[2235.65477132 2963.25140199],[2225.58905763 2662.93942293],[2884.92367949 2654.60001202],[2895.04997809 2942.65717592]
59
DJI_20250417095402_0466_D:[3198.30077901 1881.29258378],[3225.10385163 2221.36439352],[2470.08823157 2205.72904175],[2450.04948727 1883.02129732]
DJI_20250417095400_0465_D:[3197.85116548 1448.85403117],[3225.74314463 1785.32068525],[2470.11792317 1792.62162053],[2449.9445114  1473.15713192]
DJI_20250417095524_0507_D:[2830.75624835 2015.76435216],[2812.6693451 1674.586558 ],[3526.42274758 1696.24904757],[3538.68996044 2018.86390238]
DJI_20250417095404_0467_D:[3220.42885595 2340.48231913],[3246.81829785 2683.3897894 ],[2490.7288613  2644.86345891],[2470.12559728 2319.48145493]
DJI_20250417095526_0508_D:[2813.2849735  2419.68857214],[2795.79164365 2081.19099382],[3512.03359362 2081.81087497],[3522.88942324 2401.97008514]
DJI_20250417095522_0506_D:[2808.07321959 1615.66373877],[2790.71883333 1272.85635864],[3503.77710615 1318.55737307],[3516.19438253 1642.64168043]
DJI_20250417095358_0464_D:[3181.7907664   959.13172097],[3210.44674815 1288.24560847],[2458.88293631 1321.10161287],[2439.00485974 1008.21609892]
DJI_20250417095528_0509_D:[2862.64208884 2809.13438103],[2845.11365522 2475.4709095 ],[3557.52315613 2452.66954184],[3567.5498384  2768.30160032]
DJI_20250417095150_0400_D:[1356.42200097 2183.89766837],[1350.59018556 1859.64800839],[2096.32900439 1882.43450949],[2105.94798536 2193.25740667]
DJI_20250417095148_0399_D:[1362.18607321 1778.97674505],[1359.22330211 1457.2324058 ],[2104.38054694 1497.64301801],[2112.72865921 1806.37466114]
60
DJI_20250417095148_0399_D:[2161.46693744 2034.33273112],[2152.8437427 1729.7967121],[2824.42206469 1757.57916266],[2836.9879911  2049.73106697]
DJI_20250417095150_0400_D:[2155.60895199 2412.7520658 ],[2145.83145904 2107.04940748],[2816.60023534 2118.28446661],[2829.19486332 2411.39438554]
DJI_20250417095146_0398_D:[2178.18270905 1673.91687173],[2170.01764561 1370.26093694],[2844.93047649 1412.94719469],[2858.09643868 1704.37070739]
DJI_20250417095402_0466_D:[2409.23973233 1656.28890199],[2428.36326081 1967.7145039 ],[1769.44898382 1965.02037831],[1755.84484854 1668.73869817]
DJI_20250417095404_0467_D:[2428.33643871 2079.57637712],[2448.06521358 2394.17248527],[1787.54753535 2371.18565929],[1772.6276439  2071.99990323]
DJI_20250417095152_0401_D:[2110.90485297 2706.37287279],[2101.72429442 2399.25947732],[2776.38753939 2400.91280508],[2787.5364762 2695.3897426]
DJI_20250417095400_0465_D:[2409.10645197 1259.33879139],[2428.29190604 1567.1008508 ],[1769.43939376 1584.58577843],[1756.51805511 1291.67807322]
DJI_20250417095144_0397_D:[2154.59832924 1275.48020095],[2147.41298551  974.21761154],[2827.76928493 1033.20105741],[2841.26059487 1322.68287761]
DJI_20250417095406_0468_D:[2463.39899365 2455.59534141],[2483.56508992 2771.52655982],[1822.02303952 2730.41845274],[1805.99604306 2430.01084437]
DJI_20250417095026_0358_D:[3951.0862218  2017.98703426],[3952.33521297 2321.69868538],[3250.24420382 2286.18960292],[3244.42699901 1992.42916623]