1
DJI_20250430101926_0417_D:[2556.40028419 2044.89973725],[2556.56177897 1789.33091147],[3126.10288743 1828.58404575],[3126.04739278 2083.64103934]
DJI_20250430101928_0418_D:[2524.17433748 2350.64201758],[2524.60990311 2093.33224228],[3098.88206205 2133.17372101],[3097.91124578 2389.90811853]
DJI_20250430101710_0349_D:[3363.53491675 1936.04886991],[3365.27115002 2196.71761276],[2783.45699373 2161.49994307],[2781.77739826 1900.12149803]
DJI_20250430101924_0416_D:[2584.17147126 1721.27106116],[2584.2977604  1467.50832289],[3150.56196292 1507.03694155],[3151.19450853 1760.36812534]
DJI_20250430101708_0348_D:[3333.67884809 1625.26115095],[3338.78351352 1887.60956787],[2751.79406036 1856.99942808],[2747.40433859 1594.08375163]
DJI_20250430101712_0350_D:[3254.8567802  2261.93928738],[3259.07706208 2522.38611301],[2676.02380628 2495.22694166],[2671.03400479 2234.17741484]
DJI_20250430101930_0419_D:[2534.2634987  2647.59223671],[2533.89556358 2390.54958502],[3109.99358567 2428.30834175],[3109.11159974 2684.62087754]
DJI_20250430101706_0347_D:[3311.40368436 1284.16976179],[3318.48426109 1545.88030393],[2729.4747159  1516.60468279],[2723.99552969 1254.49419182]
DJI_20250430101922_0415_D:[2562.79699805 1414.30471484],[2562.97631037 1161.45187824],[3129.8861829  1201.30770174],[3131.17246054 1453.89149626]
DJI_20250430101714_0351_D:[3272.26136908 2614.86895702],[3274.83217942 2875.1212223 ],[2689.06508262 2847.48904637],[2684.80978156 2586.3824756 ]
2
DJI_20250430102046_0457_D:[2773.60104006 1768.10533341],[2778.9374658  2023.76859243],[2208.28671155 1996.58068928],[2203.54142705 1741.7653674 ]
DJI_20250430102048_0458_D:[2757.62854688 2075.741854  ],[2763.55551499 2331.64890956],[2192.56738156 2305.19120793],[2186.5582798  2050.05104456]
DJI_20250430101924_0416_D:[1911.76949046 1892.64307954],[1912.40129114 1639.96412647],[2476.07891021 1677.31739004],[2475.91930932 1931.00814731]
DJI_20250430102044_0456_D:[2769.21478471 1463.63345301],[2774.59477974 1717.0383641 ],[2207.14500285 1690.77932575],[2203.04462583 1438.33841115]
DJI_20250430101926_0417_D:[1881.94692689 2214.58842775],[1881.81114565 1960.81767609],[2447.89643639 1999.76342009],[2447.8505994  2254.48479052]
DJI_20250430102050_0459_D:[2761.51043338 2368.27739809],[2766.59462844 2622.37880572],[2198.37464774 2593.76273778],[2192.52360211 2340.31718263]
DJI_20250430101922_0415_D:[1888.68498554 1587.80920834],[1890.18367956 1335.44338966],[2454.5686372  1371.35417455],[2454.24270319 1624.91266962]
DJI_20250430101928_0418_D:[1845.93421398 2517.63020134],[1845.2687043  2262.85904339],[2415.04506496 2304.20353465],[2414.87975224 2559.9016378 ]
DJI_20250430102042_0455_D:[2813.06631961 1165.86088581],[2817.70612296 1416.26722989],[2253.44809736 1388.74827613],[2250.71402704 1139.31654571]
DJI_20250430102304_0526_D:[3061.75708304 2235.19657861],[3058.48346073 1982.86487961],[3616.37885695 2012.74649426],[3619.10024039 2263.37259899]
3
DJI_20250430101712_0350_D:[3016.70873964 1837.48203936],[3021.83344763 2093.33713862],[2449.78119876 2065.59605249],[2444.96686748 1809.86946893]
DJI_20250430101714_0351_D:[3034.2445969  2180.35859594],[3038.19115628 2437.96303081],[2461.90278246 2408.62766025],[2457.44874884 2150.95238501]
DJI_20250430101710_0349_D:[3128.22306206 1517.28355026],[3130.74404171 1771.73199424],[2560.57022189 1736.58866564],[2559.11370882 1482.17062911]
DJI_20250430101924_0416_D:[2797.01480041 2137.92578565],[2797.10833559 1888.82687234],[3350.41192197 1926.79247862],[3350.10775267 2174.84454932]
DJI_20250430101922_0415_D:[2776.84284617 1838.02127958],[2776.70152174 1588.28835588],[3331.84194216 1627.37148549],[3332.42381566 1876.20223169]
DJI_20250430101926_0417_D:[2770.4039148  2455.90060429],[2770.72746639 2206.49310105],[3326.23207853 2243.49638416],[3325.07321483 2491.77217036]
DJI_20250430101708_0348_D:[3092.36239407 1213.88779188],[3097.8463022  1468.50583091],[2523.86672196 1438.74360891],[2520.08616013 1184.28573122]
DJI_20250430101716_0352_D:[3057.59000728 2521.49183959],[3060.1868138  2774.81957274],[2490.97744295 2744.64402622],[2487.04989867 2491.06089042]
DJI_20250430101920_0414_D:[2784.50772817 1522.57472173],[2782.86847363 1270.64568537],[3344.90320305 1308.54648715],[3347.68494887 1559.63974251]
DJI_20250430101548_0308_D:[1565.42589093 2002.6725006 ],[1567.47378003 1748.56965709],[2130.9116087  1789.19643604],[2129.22476293 2045.17519114]
4
DJI_20250430101922_0415_D:[2352.86170892 2025.0995055 ],[2352.93703822 1771.87141301],[2918.21137164 1810.26083568],[2918.23639463 2063.41944286]
DJI_20250430101924_0416_D:[2375.12612133 2327.63650193],[2374.95339238 2075.71032836],[2938.04955631 2113.96845778],[2937.64974129 2365.66527578]
DJI_20250430101920_0414_D:[2355.59119986 1710.13063489],[2354.6924523  1453.91081959],[2927.72005366 1489.92311801],[2929.43668877 1746.18488107]
DJI_20250430101714_0351_D:[3472.81678191 1980.9633527 ],[3477.04600939 2241.49899851],[2895.74545114 2212.87373858],[2891.3560046  1951.29259148]
DJI_20250430101712_0350_D:[3449.94428288 1635.68864005],[3455.98057328 1893.65332086],[2879.24824701 1865.38652015],[2873.89415053 1606.60815404]
DJI_20250430101926_0417_D:[2347.32056244 2648.87675904],[2346.87049436 2397.37304195],[2911.53209071 2435.7754316 ],[2910.75509983 2686.97386504]
DJI_20250430101918_0413_D:[2427.03866925 1403.64267026],[2427.00299603 1146.89979518],[3003.57905719 1185.13684846],[3005.19848346 1441.91144017]
DJI_20250430102050_0459_D:[2288.89939703 1938.37667081],[2294.05981747 2191.50097571],[1734.68219555 2163.41475781],[1729.83946569 1912.14863532]
DJI_20250430101716_0352_D:[3492.94893586 2329.14305448],[3495.16600793 2586.10720776],[2920.74203194 2557.87362842],[2917.49664433 2299.69685728]
DJI_20250430102048_0458_D:[2282.90774635 1648.46983456],[2288.32317126 1901.85442855],[1727.44205183 1877.25580343],[1723.01799408 1625.83284366]
5
DJI_20250430102050_0459_D:[2782.32993745 1775.25261558],[2787.78659197 2031.46020676],[2215.88689344 2004.42800598],[2211.01418422 1749.06051334]
DJI_20250430102052_0460_D:[2792.21603935 2070.31805792],[2796.9390356  2325.20341426],[2228.1484047 2296.3929002],[2223.32598255 2042.17321374]
DJI_20250430102048_0458_D:[2776.57471804 1480.62797891],[2782.87576548 1736.51542679],[2209.78583154 1711.82153384],[2204.76622584 1456.87155814]
DJI_20250430101922_0415_D:[1852.44848987 2176.91391543],[1852.1821859  1922.06475116],[2420.5112377  1960.71735074],[2420.60980691 2216.57190695]
DJI_20250430101920_0414_D:[1848.03498569 1864.75317361],[1847.4318218  1606.28475508],[2424.0153891  1641.14017837],[2425.18751936 1900.78022028]
DJI_20250430102054_0461_D:[2761.64871654 2375.8320457 ],[2766.73696463 2629.31956006],[2199.76934485 2600.8524843 ],[2193.89053532 2347.99176266]
DJI_20250430101918_0413_D:[1914.51684598 1555.3550703 ],[1915.52631449 1295.62914985],[2497.00536895 1331.25111021],[2497.34591253 1592.17176939]
DJI_20250430101924_0416_D:[1877.70846804 2480.10695009],[1876.59486662 2227.10972728],[2442.60704162 2266.89430406],[2442.8596642  2520.72017914]
DJI_20250430102046_0457_D:[2793.82112657 1175.86729104],[2799.58056738 1429.35461581],[2228.4131887  1404.02715159],[2224.6061897  1151.55097701]
DJI_20250430102300_0524_D:[3134.90111784 2191.09211981],[3130.87289848 1934.15352282],[3697.57222486 1963.47304223],[3701.13149688 2218.47974757]
6
DJI_20250430102258_0523_D:[2636.15297722 2083.18946394],[2632.85543672 1827.45283636],[3202.82103425 1859.06272933],[3206.01357135 2114.09618985]
DJI_20250430102052_0460_D:[3322.58029457 1887.0024701 ],[3327.61079389 2141.47320945],[2758.9539929  2113.96277657],[2754.11018983 1859.01491336]
DJI_20250430102256_0522_D:[2578.18405608 1781.91916836],[2576.28547329 1528.73922283],[3141.26887548 1563.53169387],[3143.76512608 1816.25659098]
DJI_20250430102300_0524_D:[2598.43186824 2375.24858988],[2594.12714852 2118.19811999],[3168.43186865 2147.1656833 ],[3171.96840523 2403.45966517]
DJI_20250430102050_0459_D:[3314.25424196 1590.97243601],[3320.65018211 1846.16327939],[2749.03078606 1819.13860336],[2743.51272997 1563.62802455]
DJI_20250430102054_0461_D:[3291.53146198 2191.2903893 ],[3296.25573624 2445.10084232],[2728.51549503 2419.35884805],[2723.2792517  2165.03398883]
DJI_20250430102254_0521_D:[2562.99979599 1467.62732429],[2560.98248634 1214.04385742],[3129.23319625 1249.10642995],[3132.59203935 1502.35914746]
DJI_20250430102302_0525_D:[2546.36125654 2685.00238063],[2540.97471568 2431.06086113],[3111.76628825 2457.1075069 ],[3115.64423983 2710.30586816]
DJI_20250430102048_0458_D:[3307.85138296 1296.34691565],[3315.73465286 1550.53771393],[2743.38315072 1524.49196567],[2737.08054232 1270.0678868 ]
DJI_20250430102056_0462_D:[3316.91043703 2502.06061143],[3321.1428628  2754.96526841],[2753.19787633 2731.01646391],[2747.67611995 2477.42992825]
7
DJI_20250430102256_0522_D:[2161.43803376 1948.50476347],[2159.74876184 1696.75016106],[2722.29755258 1730.18243771],[2724.2838634  1982.34817455]
DJI_20250430102258_0523_D:[2216.72919253 2250.97939739],[2213.18273343 1997.22602334],[2780.84426538 2028.44979534],[2783.99429194 2282.39305568]
DJI_20250430102254_0521_D:[2143.23227871 1637.68303464],[2141.94721015 1384.8963422 ],[2708.09655481 1417.47825717],[2710.40372804 1670.82080717]
DJI_20250430102430_0569_D:[2544.68274978 1650.02624256],[2547.03047995 1904.96933968],[1979.95221651 1872.17381727],[1978.33173031 1618.57465406]
DJI_20250430102432_0570_D:[2504.99013877 2024.686204  ],[2508.86333167 2279.91299997],[1941.97978179 2248.30717806],[1938.04067605 1994.38613849]
DJI_20250430102300_0524_D:[2177.88494728 2542.7623694 ],[2172.82994265 2288.35883758],[2744.0313228  2318.02600815],[2748.03465826 2572.58809304]
DJI_20250430102434_0571_D:[2505.04272995 2390.03420004],[2508.13950686 2644.42998267],[1941.49134002 2608.94295159],[1937.51602089 2355.71143115]
DJI_20250430102428_0568_D:[2547.78186705 1278.70187717],[2550.46727361 1532.09993564],[1983.73329324 1502.17579108],[1982.58522585 1250.2296681 ]
DJI_20250430102252_0520_D:[2152.07621093 1345.83547661],[2152.4136416  1093.23544544],[2720.95225643 1127.56020942],[2722.36738391 1380.88401106]
DJI_20250430102054_0461_D:[3699.56450836 2018.27449154],[3704.58674449 2269.84780611],[3144.91438956 2245.11997592],[3139.65999272 1992.15705195]
8
DJI_20250430102432_0570_D:[2918.53232311 1855.89212037],[2922.45567062 2111.02491415],[2352.63675135 2080.76998807],[2348.94206024 1826.06942336]
DJI_20250430102434_0571_D:[2919.91188151 2222.4931546 ],[2922.474962   2477.51142663],[2352.40867763 2444.63647584],[2349.26775462 2189.90381244]
DJI_20250430102430_0569_D:[2958.10490445 1484.67913668],[2961.11406166 1738.73511489],[2392.04586923 1705.92785785],[2390.06260447 1452.34349008]
DJI_20250430102256_0522_D:[1757.00273861 2111.20696315],[1754.9927203  1860.73089921],[2312.96288334 1894.04876922],[2314.98119814 2145.77516071]
DJI_20250430102632_0630_D:[2991.28203831 1963.32150427],[2987.04754844 1703.37520768],[3563.00467615 1734.94914059],[3567.42158949 1993.5199575 ]
DJI_20250430102254_0521_D:[1735.26664833 1803.62028716],[1734.15976145 1551.52526196],[2295.95858345 1582.93577976],[2297.79189298 1836.44781041]
DJI_20250430102258_0523_D:[1810.2315726  2415.04697504],[1805.90336381 2163.12227466],[2369.04936435 2195.21384085],[2372.69126612 2448.19037545]
DJI_20250430102634_0631_D:[2966.86669274 2315.96955733],[2964.73305912 2054.27863519],[3544.55618018 2087.91730346],[3546.15297962 2348.00642365]
DJI_20250430102436_0572_D:[2921.82792322 2550.64281612],[2924.15961459 2803.64410743],[2355.96794042 2770.93624855],[2352.31606543 2518.07672004]
DJI_20250430102630_0629_D:[2989.40135213 1675.44249972],[2986.35734718 1416.01868558],[3562.36358024 1452.60361021],[3566.32610553 1710.82490567]
9
DJI_20250430102056_0462_D:[2694.47553146 1901.95220465],[2700.21953854 2154.72356773],[2136.8241311  2128.62310018],[2131.34650314 1876.81315715]
DJI_20250430101916_0412_D:[2007.7777632  2059.98223867],[2007.54335066 1799.99262576],[2587.91484039 1838.18355447],[2588.29089365 2098.9294349 ]
DJI_20250430101914_0411_D:[2013.17609846 1775.03058023],[2014.36551817 1517.6414852 ],[2589.43086178 1556.23132106],[2589.04914288 1814.46416472]
DJI_20250430102054_0461_D:[2671.27539653 1594.7395801 ],[2676.59352311 1846.03943159],[2115.50215931 1820.20360812],[2111.16476716 1569.98906552]
DJI_20250430102058_0463_D:[2692.87187352 2189.83482018],[2697.22131526 2441.36221836],[2136.35525955 2411.45452622],[2131.62078475 2160.79094215]
DJI_20250430101918_0413_D:[1998.34654414 2359.28713005],[1997.07705934 2100.7236967 ],[2575.28910867 2139.10079908],[2575.95854519 2398.26051169]
DJI_20250430102052_0460_D:[2702.65769327 1293.76497927],[2707.5817733  1543.63246617],[2146.72589897 1517.74246491],[2143.44623792 1268.98746116]
DJI_20250430101912_0410_D:[2010.84767661 1456.24718275],[2012.19732564 1202.51514113],[2581.62150367 1238.25579025],[2581.83083406 1492.94281777]
DJI_20250430102100_0464_D:[2674.10317896 2483.53055255],[2677.96416496 2734.93776663],[2115.48667027 2702.9276834 ],[2110.57827075 2452.27418997]
DJI_20250430101920_0414_D:[1936.5967501  2655.31507081],[1933.68580022 2401.02480689],[2504.91962929 2438.37550019],[2506.52621638 2693.26678554]
10
DJI_20250430102056_0462_D:[3206.67945213 1737.24266565],[3212.97201391 1991.57014021],[2643.87053975 1965.96801269],[2638.0917432  1711.51712991]
DJI_20250430102058_0463_D:[3204.73275329 2030.14103208],[3209.01901775 2283.77373185],[2642.06441909 2255.57268204],[2637.62313701 2001.7273471 ]
DJI_20250430102252_0520_D:[2671.39917158 1948.23303057],[2670.22500651 1691.05034647],[3242.76696158 1728.1143357 ],[3244.21389314 1984.54329082]
DJI_20250430102254_0521_D:[2661.90754049 2236.058122  ],[2659.74691863 1980.95797138],[3228.10194772 2014.54146553],[3229.82804251 2268.76193688]
DJI_20250430102100_0464_D:[3188.72193907 2326.45178219],[3191.8946615  2580.50258641],[2622.87600908 2551.48941466],[2618.87234582 2297.09266507]
DJI_20250430102054_0461_D:[3180.70175445 1430.20341348],[3187.20704214 1682.45141016],[2620.65462298 1655.79417656],[2615.39921625 1403.56280954]
DJI_20250430102250_0519_D:[2698.96933869 1657.60825057],[2697.93686875 1401.20810038],[3269.85024456 1439.63816269],[3271.84566158 1695.38491383]
DJI_20250430102256_0522_D:[2675.60286153 2542.57901237],[2673.73822482 2290.76831409],[3236.65215095 2323.4726082 ],[3237.38803726 2574.29331666]
DJI_20250430102052_0460_D:[3210.98560215 1129.8905972 ],[3217.73677051 1380.01344576],[2652.27613771 1351.94236259],[2647.46251213 1101.85878239]
DJI_20250430102248_0518_D:[2705.55056916 1325.5184507 ],[2704.21178291 1073.01442019],[3270.7847542  1111.54480393],[3273.8496271  1363.52712076]
11
DJI_20250430101914_0411_D:[2450.81863597 2174.30048895],[2451.1147043  1915.55519787],[3028.37666624 1955.49205843],[3027.88781524 2213.86197756]
DJI_20250430101912_0410_D:[2445.35855332 1849.83951245],[2445.23473605 1593.23074183],[3018.02276255 1631.74933388],[3018.72119959 1888.11803191]
DJI_20250430101720_0354_D:[3431.7019258  1663.49487854],[3433.3467053  1917.68990889],[2865.8191402  1882.42339396],[2864.19515909 1628.43510846]
DJI_20250430101916_0412_D:[2450.2664268  2461.13995328],[2449.63817165 2201.15768356],[3031.23416912 2239.4111338 ],[3030.97579008 2498.90470188]
DJI_20250430101722_0355_D:[3407.07737244 1967.54800325],[3409.75555117 2217.3236154 ],[2852.38794446 2186.40280259],[2849.61977658 1935.83032041]
DJI_20250430101910_0409_D:[2448.51464321 1543.48849874],[2449.55015754 1287.85201871],[3021.96119307 1328.76779002],[3022.23794935 1584.27557102]
DJI_20250430101724_0356_D:[3433.01111538 2285.12503323],[3434.31591993 2531.78153709],[2883.1453411  2501.79048129],[2881.02378557 2254.14115711]
DJI_20250430101718_0353_D:[3437.848478   1361.67365757],[3443.61041018 1613.67962089],[2878.12844641 1582.92596294],[2873.61566382 1330.30258287]
DJI_20250430101918_0413_D:[2439.33303266 2756.78122783],[2438.22097569 2499.74459631],[3016.44924649 2536.74478908],[3015.94300912 2793.14785867]
DJI_20250430102058_0463_D:[2258.77525088 1809.05889958],[2262.9222557  2060.35212458],[1708.06409657 2031.55507124],[1704.46227315 1782.2187058 ]
12
DJI_20250430101536_0302_D:[2138.6875613  1939.29377736],[2140.32045641 1674.58889378],[2731.37722601 1717.02062022],[2730.17302624 1982.29244994]
DJI_20250430101538_0303_D:[2111.09978902 2266.01763444],[2112.38779585 2002.2958765 ],[2701.52189635 2045.99648156],[2699.87479103 2310.14971592]
DJI_20250430101534_0301_D:[2148.56570207 1634.10278892],[2150.23301814 1369.73245794],[2742.04220401 1410.36431713],[2741.54030496 1675.39780751]
DJI_20250430101724_0356_D:[2492.23318628 2051.21394204],[2494.75469261 2302.54805474],[1936.47876755 2268.48007298],[1933.83327551 2018.33061731]
DJI_20250430101722_0355_D:[2456.84079336 1727.66621094],[2459.47113744 1981.13180414],[1896.63876207 1948.98479981],[1894.64532775 1696.94978544]
DJI_20250430101540_0304_D:[2087.39285102 2581.00694606],[2088.01787062 2318.63137574],[2676.382728   2363.02177829],[2674.61216766 2625.68287205]
DJI_20250430101726_0357_D:[2480.88864176 2383.79815236],[2483.53691691 2631.4775872 ],[1931.85356312 2596.14578308],[1928.35795413 2349.53537193]
DJI_20250430101720_0354_D:[2465.93010583 1414.38411949],[2467.33466988 1670.29547998],[1901.73121161 1637.64470422],[1901.08101117 1384.26406931]
DJI_20250430101532_0300_D:[2201.3879698 1284.6456658],[2203.72459439 1020.5249347 ],[2798.68432077 1061.46860305],[2798.36920355 1326.24997788]
DJI_20250430101346_0247_D:[3717.38827547 1753.59360999],[3714.65219312 2007.68031871],[3150.99367441 1961.38471792],[3154.07735276 1705.69457978]
13
DJI_20250430101724_0356_D:[2936.59401365 1910.23976619],[2939.09220146 2161.42932815],[2378.13220908 2128.74154739],[2375.73822581 1877.81307307]
DJI_20250430101722_0355_D:[2904.40326057 1585.66204143],[2907.59001422 1838.48920177],[2341.92457485 1806.58416761],[2339.60808556 1554.24000237]
DJI_20250430101726_0357_D:[2920.92087437 2244.21083485],[2922.96408793 2492.3335112 ],[2368.10799278 2459.57404483],[2365.44043297 2211.62146782]
DJI_20250430101720_0354_D:[2919.8000746  1271.66374139],[2921.88012897 1527.48560272],[2349.89312325 1494.30806094],[2348.82340073 1240.04210976]
DJI_20250430101536_0302_D:[1674.82968586 2080.11528082],[1676.23432245 1817.07161093],[2261.00300607 1859.12447742],[2259.74296872 2123.8115406 ]
DJI_20250430101910_0409_D:[2968.45385609 1938.33433646],[2968.78961685 1678.13838482],[3543.99903427 1720.35387987],[3543.99312211 1978.98257668]
DJI_20250430101912_0410_D:[2965.56747121 2245.73788485],[2965.40228989 1986.04010986],[3539.9551323  2024.20868856],[3539.68664383 2282.23663603]
DJI_20250430101534_0301_D:[1683.06411943 1778.21767868],[1685.09329424 1514.93292522],[2271.13169029 1553.91399469],[2269.98401586 1818.94946565]
DJI_20250430101538_0303_D:[1650.08777238 2402.9964764 ],[1650.50268858 2141.52335666],[2232.8241143  2186.17796924],[2231.76656761 2449.15139277]
DJI_20250430101908_0408_D:[2970.57653862 1644.2886495 ],[2970.66289185 1386.53959994],[3541.95576823 1430.6048425 ],[3542.93066121 1686.94073436]
14
DJI_20250430101534_0301_D:[2562.93843934 2051.71301073],[2563.65991973 1788.44687134],[3150.20869933 1830.14044729],[3149.55086154 2092.84670958]
DJI_20250430101536_0302_D:[2551.5031689  2353.57078004],[2552.6834825  2091.46619804],[3137.52066305 2133.6450584 ],[3135.70268588 2395.10506582]
DJI_20250430101350_0249_D:[3307.07353606 1943.54931268],[3302.8210636  2197.61336934],[2736.50886242 2150.2287842 ],[2740.74321527 1895.48034099]
DJI_20250430101532_0300_D:[2617.73723902 1707.78158349],[2618.62008332 1443.08261714],[3208.81716057 1486.40042542],[3208.79353969 1750.49790791]
DJI_20250430101348_0248_D:[3324.46210742 1657.69600018],[3321.08607406 1911.43798265],[2754.84097406 1863.48303166],[2758.82244543 1609.09227097]
DJI_20250430101352_0250_D:[3285.13883314 2254.12400202],[3279.71605821 2506.673351  ],[2715.94969885 2459.49089895],[2720.67009926 2206.14565635]
DJI_20250430101538_0303_D:[2522.03979689 2674.31761612],[2523.37576075 2414.77587452],[3105.2723392  2456.78938638],[3102.54709278 2715.56461117]
DJI_20250430101346_0247_D:[3320.12589077 1354.09031343],[3318.2224207  1605.17935661],[2755.4051516  1558.10958185],[2758.59171576 1306.55846756]
DJI_20250430101530_0299_D:[2618.23355162 1402.19307117],[2619.75860522 1137.48973428],[3212.59987311 1183.1320397 ],[3212.70870464 1447.36804206]
DJI_20250430101354_0251_D:[3281.40579881 2552.74921841],[3275.13265679 2803.52556153],[2712.88328909 2757.24888137],[2717.77032863 2505.52813686]
15
DJI_20250430101154_0191_D:[2013.69271671 2068.07149748],[2012.50221031 1807.43731461],[2594.44227968 1843.35432919],[2595.87894556 2104.78690995]
DJI_20250430101350_0249_D:[2644.68700219 1697.47710098],[2640.40922671 1954.6425927 ],[2068.27948918 1906.24467303],[2073.15698534 1650.05199251]
DJI_20250430101352_0250_D:[2625.0235441  2011.64180561],[2620.35239955 2268.09187672],[2050.39617376 2217.93386602],[2054.96006918 1962.33476693]
DJI_20250430101152_0190_D:[2043.13372189 1767.39436986],[2041.77221898 1508.92084275],[2619.827237  1541.8551991],[2622.08621566 1801.17155026]
DJI_20250430101156_0192_D:[2025.87278266 2375.25015262],[2023.57365689 2115.25241984],[2605.09069196 2151.23190951],[2606.9071227  2411.84186549]
DJI_20250430101348_0248_D:[2663.02547902 1409.03157204],[2658.91508709 1665.17988137],[2086.88309059 1617.95084857],[2092.23396921 1362.80991559]
DJI_20250430101354_0251_D:[2622.23737585 2314.70873168],[2617.50762111 2570.19937065],[2048.44178522 2519.0064351 ],[2052.36908457 2264.22716519]
DJI_20250430101158_0193_D:[2004.1358656  2665.07239706],[2000.71174505 2406.69470127],[2581.04824431 2442.58900398],[2583.30430022 2701.49592048]
DJI_20250430101150_0189_D:[2064.57176874 1458.58133185],[2063.57269603 1202.93196794],[2637.80008452 1233.99177693],[2640.38111039 1490.59355167]
DJI_20250430101346_0247_D:[2663.00744144 1106.51591247],[2659.58720358 1359.03584975],[2091.98809791 1314.69804405],[2097.33722377 1063.34864123]
16
DJI_20250430101422_0265_D:[3129.36783639 1686.14051591],[3126.70065779 1950.53214729],[2536.23647662 1903.34430577],[2539.52722173 1638.93354502]
DJI_20250430101424_0266_D:[3134.43261971 2081.04465421],[3131.62363955 2346.0242071 ],[2540.19929958 2300.48366504],[2542.66801132 2035.34551017]
DJI_20250430101500_0284_D:[2756.86439206 2185.83085654],[2760.55907251 1920.32786792],[3349.42323669 1968.73854347],[3345.64641218 2232.97200325]
DJI_20250430101458_0283_D:[2784.33376633 1904.95346437],[2787.95860157 1640.02408773],[3375.70232116 1689.85840739],[3372.69229742 1953.67665668]
DJI_20250430101420_0264_D:[3144.67044305 1351.09549091],[3142.64140125 1613.55768846],[2553.8408872  1566.09551042],[2557.31854204 1303.74062008]
DJI_20250430101426_0267_D:[3087.79533513 2470.29389593],[3084.32286936 2732.06856172],[2497.72336312 2686.89904087],[2499.9375788  2424.90027858]
DJI_20250430101502_0285_D:[2739.80652108 2518.53928948],[2743.01473719 2254.78686719],[3329.74639162 2299.99070338],[3325.62245414 2562.29245919]
DJI_20250430101120_0174_D:[1585.09921427 2052.16422203],[1585.25581527 1798.97335195],[2147.14061268 1836.16586053],[2147.22415626 2091.14162   ]
DJI_20250430101456_0282_D:[2799.40538171 1556.68699854],[2801.31530642 1290.57637436],[3390.93572295 1341.07300545],[3390.35674422 1605.27012312]
DJI_20250430101418_0263_D:[3134.65857829 1056.48173545],[3134.0542039  1315.91143156],[2547.7668315  1270.43122301],[2550.55265579 1011.25210534]
17
DJI_20250430101800_0374_D:[2842.98808479 2008.73914193],[2843.44786031 2266.05269723],[2269.40420363 2227.82084722],[2268.84362799 1970.90591595]
DJI_20250430101802_0375_D:[2880.74374313 2349.53456419],[2881.47884578 2607.01867551],[2305.19539041 2570.02917528],[2303.55844915 2312.63038386]
DJI_20250430101458_0283_D:[1716.90545369 2012.31502139],[1721.36640058 1748.08865694],[2308.91091859 1795.76659758],[2304.90479999 2061.45373292]
DJI_20250430101456_0282_D:[1717.41513287 1670.47268451],[1721.55294447 1402.93023681],[2318.79358187 1447.64709686],[2315.89447169 1715.92820412]
DJI_20250430101500_0284_D:[1689.38912674 2292.57721916],[1692.61851265 2028.2034531 ],[2280.87739634 2077.18046733],[2277.39557908 2342.86992192]
DJI_20250430101834_0391_D:[2999.76066927 2149.67733701],[2997.73502851 1900.51123548],[3549.06729281 1934.0034602 ],[3551.05771084 2181.74425537]
DJI_20250430101832_0390_D:[2996.93559221 1874.06362892],[2995.30634162 1625.566347  ],[3545.42835899 1662.20379641],[3547.59059243 1909.3773597 ]
DJI_20250430101836_0392_D:[2966.26435577 2456.0551119 ],[2964.83682977 2207.02794519],[3517.39009069 2239.29442886],[3518.10119537 2486.84287634]
DJI_20250430101502_0285_D:[1678.63785547 2625.52151977],[1679.84308869 2363.38878278],[2265.7503588  2412.39181365],[2263.44886919 2675.6466076 ]
DJI_20250430101804_0376_D:[2876.95155997 2666.78122229],[2877.16410646 2919.98556719],[2307.21631628 2882.70842503],[2305.36298512 2629.49023131]
18
DJI_20250430101426_0267_D:[2937.068928   2054.62822592],[2934.45962676 2317.9928204 ],[2347.19274461 2272.12601038],[2349.58496995 2009.14443031]
DJI_20250430101424_0266_D:[2981.90226759 1663.22815943],[2979.80244452 1927.84458278],[2388.97388207 1882.25874875],[2391.77837572 1618.08536828]
DJI_20250430101428_0268_D:[2899.41150375 2403.84734766],[2897.45767486 2666.13923846],[2310.72861544 2621.90007161],[2311.58900256 2359.9422882 ]
DJI_20250430101422_0265_D:[2977.50336634 1271.75016843],[2975.29299955 1533.77316492],[2386.88687468 1487.32227208],[2390.74636988 1225.86884475]
DJI_20250430101116_0172_D:[1766.60870755 1842.36818736],[1768.1496181  1587.59372895],[2335.58347993 1625.31580867],[2334.81618177 1881.61013152]
DJI_20250430101118_0173_D:[1732.12701015 2162.88321228],[1731.91008997 1909.4477641 ],[2295.93778664 1947.50542092],[2296.15388019 2202.35407687]
DJI_20250430101458_0283_D:[2933.37921208 2323.48741758],[2937.34787029 2058.88330514],[3522.46922388 2106.56731653],[3518.07124926 2369.4552205 ]
DJI_20250430101120_0174_D:[1734.70411197 2449.91359489],[1733.37506853 2197.17631748],[2297.36788751 2236.76766705],[2298.0003567  2490.75995679]
DJI_20250430101456_0282_D:[2952.18913045 1979.00231189],[2954.30068532 1711.85062719],[3541.27963158 1759.38200559],[3539.43252178 2024.00520958]
DJI_20250430101500_0284_D:[2905.74409436 2602.67355985],[2909.90758278 2338.97804399],[3495.05750955 2384.59253684],[3489.76367287 2646.41220558]
19
DJI_20250430101456_0282_D:[2099.4060938  2107.04544166],[2101.82515071 1837.27129479],[2703.31678802 1883.52237313],[2700.96132078 2152.78652375]
DJI_20250430101454_0281_D:[2171.63527335 1754.10337526],[2174.96096226 1492.1944049 ],[2760.45185054 1536.60666693],[2758.17403488 1799.17326357]
DJI_20250430101458_0283_D:[2090.21545468 2445.68518189],[2093.47091406 2180.35372339],[2686.58261963 2229.63114712],[2682.67686684 2495.24681503]
DJI_20250430101802_0375_D:[2505.14585063 1934.82242949],[2506.3002092  2193.90906752],[1930.7517439  2156.36507373],[1929.73324637 1898.43673549]
DJI_20250430101800_0374_D:[2470.43345911 1595.25511155],[2470.73470409 1852.35405141],[1899.31705363 1815.23722905],[1899.92811273 1559.58592235]
DJI_20250430101804_0376_D:[2505.02339512 2257.01258615],[2506.13806169 2513.37980819],[1935.79692315 2474.33761776],[1934.06092137 2219.01632841]
DJI_20250430101500_0284_D:[2063.93321445 2725.60691763],[2066.34425406 2461.67486546],[2659.07719564 2511.0001924 ],[2655.29928146 2775.06820017]
DJI_20250430101452_0280_D:[2176.24166818 1429.1846949 ],[2179.91639909 1170.37797407],[2761.5254279 1212.9638227],[2759.70276117 1472.63297525]
DJI_20250430101426_0267_D:[3771.1270206  1930.15428101],[3768.75935266 2193.07351778],[3185.61177756 2149.0190199 ],[3187.94462053 1884.47388651]
DJI_20250430101806_0377_D:[2480.26606455 2544.07534195],[2480.33232916 2797.53775382],[1914.50424118 2754.70143024],[1913.17741573 2502.20345866]
20
DJI_20250430101454_0281_D:[2599.48903426 1993.33007923],[2602.00723674 1730.70349032],[3186.80845762 1776.39136018],[3184.70773499 2038.51654586]
DJI_20250430101428_0268_D:[3307.24701846 2037.9477629 ],[3305.52862369 2301.97005621],[2716.37965994 2259.34784441],[2717.83243559 1994.86233084]
DJI_20250430101426_0267_D:[3344.45390063 1690.55561408],[3342.7563691 1953.9198719],[2754.77107284 1908.43130379],[2757.08822804 1644.65238996]
DJI_20250430101456_0282_D:[2538.67787459 2350.68370458],[2540.9479809 2082.091287 ],[3137.67610662 2127.01815827],[3134.80398151 2393.87604514]
DJI_20250430101452_0280_D:[2601.9895855  1666.23840129],[2604.27431963 1405.7127093 ],[3186.15762331 1451.04456594],[3185.09803019 1711.28743518]
DJI_20250430101430_0269_D:[3296.26570007 2426.59575914],[3293.74382434 2689.90846301],[2704.00145006 2648.63541687],[2705.27878634 2384.6867466 ]
DJI_20250430101458_0283_D:[2521.69509909 2687.8382162 ],[2525.30371116 2423.87184023],[3116.19988231 2471.28064988],[3111.30160943 2734.32285899]
DJI_20250430101424_0266_D:[3389.00905708 1299.62837094],[3388.56788537 1562.35878402],[2798.84136576 1515.76240038],[2800.84983029 1252.65526137]
DJI_20250430101450_0279_D:[2617.54386657 1377.63837522],[2619.86018441 1119.37256024],[3199.58685864 1165.25066209],[3199.19093406 1423.30371554]
DJI_20250430101802_0375_D:[2083.33929262 1706.47163166],[2083.96350786 1964.02553977],[1517.57358778 1927.77776659],[1517.68407505 1672.45929642]
21
DJI_20250430101804_0376_D:[2929.77987089 1883.76651631],[2930.79935583 2138.55089708],[2361.97213911 2101.98989551],[2361.12161017 1847.43073368]
DJI_20250430101806_0377_D:[2904.95223788 2172.99124794],[2904.42245323 2426.21659761],[2338.90372647 2386.84531708],[2338.97833452 2133.77942633]
DJI_20250430101802_0375_D:[2932.17981056 1562.18533922],[2933.79676246 1818.14429294],[2360.99951197 1781.99800841],[2360.30307244 1526.35302677]
DJI_20250430101454_0281_D:[1742.01112493 2128.49063206],[1744.69924681 1869.28895162],[2321.19342057 1913.81344305],[2318.68596874 2174.49972538]
DJI_20250430101808_0378_D:[2900.78338877 2488.77056351],[2900.02377598 2741.36472652],[2333.72705968 2702.05171307],[2333.32578899 2449.46894841]
DJI_20250430101800_0374_D:[2895.46021386 1231.10889415],[2896.74131505 1483.7682597 ],[2328.41678779 1447.1423795 ],[2328.80027256 1195.09238474]
DJI_20250430101456_0282_D:[1658.52578633 2486.53735296],[1659.36319968 2220.88942109],[2252.83613959 2267.15590591],[2251.13423452 2533.24250864]
DJI_20250430101828_0388_D:[2981.02270594 2034.62947147],[2978.86649529 1785.82386599],[3529.89929912 1819.87520668],[3532.26652208 2067.40618869]
DJI_20250430101452_0280_D:[1747.60000969 1806.1005724 ],[1751.23779746 1548.43195978],[2324.90170843 1590.1847504 ],[2322.23840876 1849.52940555]
DJI_20250430101830_0389_D:[2945.82825053 2309.16113533],[2945.37860061 2061.54208844],[3494.08859996 2096.99478939],[3494.16354885 2343.23136499]
22
DJI_20250430101452_0280_D:[2118.18083806 2035.70694022],[2120.76938716 1774.92535229],[2702.75793034 1819.03182285],[2700.56830039 2080.49322752]
DJI_20250430101454_0281_D:[2114.31409651 2361.98475422],[2116.45056182 2100.61028632],[2700.44662811 2146.2114877 ],[2697.89593421 2408.05697527]
DJI_20250430101450_0279_D:[2133.74279562 1746.66168921],[2136.96897718 1486.74155843],[2718.06412381 1530.23256256],[2715.92962413 1790.90155143]
DJI_20250430101806_0377_D:[2533.87598789 1950.83063216],[2533.59010628 2205.6596384 ],[1967.53834117 2165.52475426],[1967.92080654 1911.80353006]
DJI_20250430101804_0376_D:[2556.18632051 1661.34690067],[2557.06331785 1917.04026647],[1988.03861361 1880.72685457],[1987.8997973  1626.21331695]
DJI_20250430101808_0378_D:[2528.55938017 2268.0168962 ],[2528.50352424 2523.05186335],[1961.02464754 2481.77394547],[1960.47345645 2227.71500064]
DJI_20250430101456_0282_D:[2042.99359324 2726.28521626],[2043.85282138 2460.16846631],[2641.72545468 2505.10654296],[2639.35483618 2770.55763717]
DJI_20250430101802_0375_D:[2556.44291898 1338.14763687],[2557.42203097 1594.17723873],[1984.99360534 1559.44912856],[1985.52533748 1304.70719391]
DJI_20250430101448_0278_D:[2175.75609318 1438.44612037],[2178.48511233 1180.80039747],[2757.46105102 1221.42763538],[2756.54888408 1479.83092585]
DJI_20250430101430_0269_D:[3778.42346244 2049.84090873],[3776.72517881 2312.7867694 ],[3193.2148743  2272.45481897],[3194.5202083  2007.86544445]
23
DJI_20250430101430_0269_D:[3103.4156402  1819.16310605],[3102.50319088 2085.97054809],[2506.95736058 2043.01351778],[2508.17137109 1776.39519368]
DJI_20250430101432_0270_D:[3085.96928493 2174.09487057],[3084.83948564 2440.96925315],[2488.67066915 2398.94892119],[2489.18686481 2132.10524659]
DJI_20250430101428_0268_D:[3113.88362813 1431.02031723],[3113.47562415 1695.55210374],[2520.73255696 1652.33574492],[2522.40490132 1388.13528936]
DJI_20250430101452_0280_D:[2794.01690646 2268.22318924],[2796.30003343 2004.78488656],[3381.40369796 2049.32921467],[3378.87671081 2311.68670088]
DJI_20250430101450_0279_D:[2809.5970449  1976.45747072],[2811.7234762 1713.1654822],[3396.14903784 1758.9548865 ],[3394.49242927 2021.24339761]
DJI_20250430101434_0271_D:[3089.45173982 2523.50294012],[3087.23023555 2787.57958179],[2494.52176504 2745.09428947],[2495.22302081 2480.81364154]
DJI_20250430101448_0278_D:[2851.18008326 1661.711496  ],[2851.98211017 1400.04606969],[3434.0333071  1444.88928828],[3434.44083069 1705.57136838]
DJI_20250430101454_0281_D:[2791.18896621 2597.97823009],[2793.96638022 2334.9513572 ],[3380.01271197 2378.72384404],[3376.14914956 2640.43138109]
DJI_20250430101112_0170_D:[1582.54854446 2219.82898933],[1583.07603302 1962.81074517],[2153.60464997 2003.67877403],[2153.04666925 2262.46113587]
DJI_20250430101426_0267_D:[3152.5128406  1086.37165289],[3151.94252993 1347.56733925],[2562.17499128 1302.20253997],[2564.89023609 1041.37063874]
24
DJI_20250430101450_0279_D:[2120.11016011 2150.80248377],[2122.53848019 1888.90046696],[2707.02845859 1933.64462141],[2704.73283276 2196.11886011]
DJI_20250430101448_0278_D:[2162.96732566 1839.98527781],[2164.98557925 1578.84108614],[2748.48070758 1620.69924715],[2747.33365859 1882.42797893]
DJI_20250430101808_0378_D:[2536.20564727 1872.00835498],[2535.99528156 2128.66426833],[1965.81676774 2088.81677636],[1966.32458505 1833.31233705]
DJI_20250430101452_0280_D:[2105.53021181 2440.3191124 ],[2107.2670896  2179.00833411],[2691.57097513 2224.28776725],[2689.26250133 2486.09918308]
DJI_20250430101806_0377_D:[2541.83779416 1555.96271261],[2541.41669726 1810.92718313],[1973.76671419 1772.41685682],[1975.18049776 1518.73104953]
DJI_20250430101810_0379_D:[2470.49363244 2193.21565627],[2470.97462965 2450.75996061],[1898.83240744 2410.36427433],[1897.95869366 2153.95981649]
DJI_20250430101446_0277_D:[2151.31610398 1497.19889665],[2153.9301309  1236.93942483],[2738.11847512 1277.76766951],[2737.23000869 1538.7923477 ]
DJI_20250430101454_0281_D:[2102.41539426 2766.46205087],[2103.65286039 2506.26361719],[2688.70750467 2552.74557463],[2686.06168622 2813.22985584]
DJI_20250430101804_0376_D:[2562.4033098  1265.85460493],[2563.18495524 1520.32361922],[1993.55023524 1485.74609768],[1994.42065446 1232.62418715]
DJI_20250430101432_0270_D:[3775.55931173 1991.22804125],[3774.57237125 2255.71509711],[3187.58819666 2215.89114994],[3188.29329526 1949.77401287]
25
DJI_20250430101810_0379_D:[2768.50838186 1993.20169422],[2768.84443458 2253.08411797],[2189.46709497 2213.96421399],[2189.15823766 1954.63405621]
DJI_20250430101808_0378_D:[2833.21164361 1671.67609927],[2833.27039644 1929.84214042],[2256.85119904 1890.43399552],[2257.51619174 1632.84378295]
DJI_20250430101448_0278_D:[1856.77614406 2041.19545865],[1858.63300609 1778.41838358],[2444.16630635 1820.53778937],[2442.74443642 2084.55004145]
DJI_20250430101812_0380_D:[2684.92984163 2316.70891948],[2687.98765433 2580.0678999 ],[2099.7018399  2545.45383353],[2095.79409739 2282.73710518]
DJI_20250430101806_0377_D:[2837.10529489 1355.51042452],[2837.32159409 1611.20942872],[2264.00737811 1572.42269211],[2265.21981083 1317.43585573]
DJI_20250430101450_0279_D:[1813.73369909 2351.90895061],[1815.55380725 2089.22872313],[2401.11697169 2135.11461959],[2398.96985578 2399.01929438]
DJI_20250430101446_0277_D:[1843.52773063 1697.21820966],[1846.43352027 1434.46770985],[2433.19695858 1474.6941793 ],[2431.59620163 1738.87235241]
DJI_20250430101452_0280_D:[1800.51318036 2641.35198986],[1801.23194891 2380.06906909],[2385.87760981 2427.26338259],[2384.10869825 2689.70007253]
DJI_20250430101824_0386_D:[3092.37019132 2256.84084319],[3092.32145688 2001.94575987],[3655.13904972 2039.65596307],[3654.88613248 2292.88877764]
DJI_20250430101822_0385_D:[3139.47361354 1946.25892142],[3137.68686627 1691.21187087],[3700.37435579 1728.34020437],[3702.49974297 1981.76823394]
26
DJI_20250430101448_0278_D:[2175.03885383 2258.03211553],[2176.27381125 1994.78878145],[2764.17670582 2037.74575628],[2762.80844048 2301.33232429]
DJI_20250430101446_0277_D:[2162.4862815  1914.21883051],[2164.2831375  1650.05087238],[2754.26160905 1692.30797661],[2753.19072225 1957.00032494]
DJI_20250430101810_0379_D:[2452.45499053 1781.84452743],[2452.66347977 2041.09153015],[1877.32614143 2002.34794173],[1877.68747546 1744.48758436]
DJI_20250430101450_0279_D:[2131.34556561 2569.79072922],[2132.91912305 2307.40160768],[2720.65649319 2353.19766888],[2718.19102968 2615.91124861]
DJI_20250430101444_0276_D:[2213.36114013 1577.39357018],[2218.75258557 1313.75632368],[2809.24033595 1362.52992109],[2805.38225177 1626.75850121]
DJI_20250430101808_0378_D:[2519.57748516 1462.32693241],[2519.18279437 1719.14086969],[1946.90607745 1681.0295606 ],[1948.55068826 1425.60896244]
DJI_20250430101812_0380_D:[2361.22811656 2104.29884522],[2364.56213028 2367.81962433],[1780.5270171  2332.66670589],[1776.93269621 2070.66630322]
DJI_20250430101434_0271_D:[3768.94497884 1919.22057599],[3767.87238187 2184.59374387],[3178.91922758 2143.31785752],[3179.86963798 1876.34558032]
DJI_20250430101452_0280_D:[2117.76432373 2857.99347989],[2118.6146366 2597.7479694],[2705.03069044 2643.927237  ],[2702.56560671 2904.42198254]
DJI_20250430101432_0270_D:[3763.65284933 1568.67182152],[3764.73362604 1834.11505438],[3174.06227024 1791.53341038],[3173.78969502 1524.69853917]
27
DJI_20250430101436_0272_D:[3044.83284671 2008.8861583 ],[3043.06705878 2270.83656943],[2458.58674844 2227.43692214],[2460.12038992 1965.67247974]
DJI_20250430101434_0271_D:[3057.6967067  1694.82516583],[3057.06526586 1959.22277934],[2466.58880188 1916.94061585],[2467.7708106  1652.86522292]
DJI_20250430101438_0273_D:[3037.76986003 2261.93766286],[3069.24617867 2518.75258434],[2489.93372857 2551.17995281],[2457.49818355 2294.57075571]
DJI_20250430101432_0270_D:[3050.91928497 1347.28633919],[3051.30331986 1610.73695237],[2460.22000155 1569.71584777],[2461.27646461 1306.78986736]
DJI_20250430101446_0277_D:[2868.48546192 2138.40752911],[2869.60136321 1875.97524943],[3451.22587973 1918.5557612 ],[3450.17625997 2179.69532027]
DJI_20250430101444_0276_D:[2918.60224032 1813.04989262],[2922.37472011 1550.34870328],[3504.27159721 1601.51516536],[3501.36629737 1862.96335905]
DJI_20250430101448_0278_D:[2877.14125929 2478.07907986],[2878.71900081 2217.49632767],[3457.42798948 2258.425393  ],[3455.08441677 2517.55488744]
DJI_20250430101106_0167_D:[1643.94467654 2085.80393067],[1645.52536916 1830.22097447],[2213.37180961 1870.98195718],[2212.10445415 2128.1098203 ]
DJI_20250430101440_0274_D:[3196.68576634 1930.07772583],[3450.91174413 1966.33357398],[3330.60342857 2531.31096292],[3076.25920847 2496.55229431]
DJI_20250430101104_0166_D:[1678.27015094 1742.41748166],[1683.4012712  1487.79582997],[2250.00527827 1531.6118309 ],[2245.93613346 1787.85122853]
28
DJI_20250430101812_0380_D:[2634.46446936 1723.87634432],[2637.60849671 1986.51575603],[2052.35964251 1953.72641439],[2049.81920955 1692.09411396]
DJI_20250430101814_0381_D:[2660.03046699 2073.12799234],[2661.71852391 2337.29716882],[2073.3407876  2299.93691954],[2071.35369274 2036.61756121]
DJI_20250430101444_0276_D:[1931.53240397 1953.43109046],[1936.54729945 1689.75848651],[2524.22146757 1738.43196065],[2519.8301938  2003.16814356]
DJI_20250430101446_0277_D:[1887.76188249 2289.90009831],[1888.73478572 2027.31801757],[2474.45076856 2070.27410872],[2473.31631249 2333.86050342]
DJI_20250430101810_0379_D:[2724.18122748 1413.79491846],[2724.74650221 1670.53523044],[2150.08306759 1633.17145697],[2150.89787951 1377.33798533]
DJI_20250430101442_0275_D:[2436.77645778 1174.2996168 ],[2649.93931001 1027.24106636],[2951.07077037 1522.70686283],[2737.39828463 1671.52946868]
DJI_20250430101448_0278_D:[1902.9106599  2627.84410253],[1902.95011103 2367.78488479],[2485.50839827 2412.04305764],[2484.46581913 2672.92294901]
DJI_20250430101808_0378_D:[2789.31426756 1101.32069879],[2789.70021198 1354.26484076],[2219.4247999  1316.77186979],[2221.0759186  1064.74900745]
DJI_20250430101816_0382_D:[2991.12312028 2383.17851052],[3248.30810063 2394.03463103],[3180.13259025 2963.04155559],[2924.07703715 2953.3237643 ]
DJI_20250430101818_0383_D:[3229.9255752  1933.82557573],[3264.84854147 1681.11497946],[3815.13883821 1800.2890397 ],[3781.04799561 2051.32986049]
29
DJI_20250430101442_0275_D:[2629.2711444  1845.19515865],[2845.4547231  1694.36598733],[3149.09712228 2199.62070882],[2933.43629488 2350.71749469]
DJI_20250430101444_0276_D:[2599.06186231 2197.94691563],[2603.40381459 1930.53874343],[3198.28281132 1980.65547124],[3193.91300934 2247.33028548]
DJI_20250430101440_0274_D:[2866.64579663 1566.5951996 ],[3126.2551068  1603.83821633],[3005.36410498 2178.90582485],[2745.19382148 2142.26706773]
DJI_20250430101438_0273_D:[3304.42503185 1843.73846747],[3336.94930546 2104.83173811],[2749.38783934 2138.55949703],[2716.67164064 1877.00580774]
DJI_20250430101436_0272_D:[3365.4655969  1622.23117111],[3364.73055512 1887.08028394],[2773.12170524 1843.15557844],[2774.52854448 1577.91276956]
DJI_20250430101446_0277_D:[2554.01663218 2529.25147614],[2555.13992132 2263.80224498],[3148.10871669 2306.0294789 ],[3146.1360558  2570.70823019]
DJI_20250430101434_0271_D:[3378.84661485 1301.96932783],[3379.76633869 1567.67816952],[2783.27070718 1524.12501057],[2783.86861438 1258.13436911]
DJI_20250430101448_0278_D:[2564.62326603 2868.77193715],[2565.77582689 2606.92933448],[3154.53035315 2648.18616247],[3151.66748213 2909.08121642]
DJI_20250430101814_0381_D:[1982.61935179 1845.74357928],[1984.15620601 2111.39159151],[1402.93923597 2073.79163235],[1401.78358679 1810.801664  ]
DJI_20250430101432_0270_D:[3369.54012224  953.37631358],[3372.00427992 1216.27244889],[2776.10987156 1173.23204225],[2776.10641298  910.241385  ]
30
DJI_20250430101814_0381_D:[2859.66728026 1674.50621386],[2861.60946978 1939.31560994],[2270.14250564 1903.10212511],[2268.83729866 1638.84452358]
DJI_20250430101816_0382_D:[2612.1115247  2168.92159342],[2871.6305516  2180.64935763],[2805.26655312 2755.4472286 ],[2546.63509662 2743.95540199]
DJI_20250430101812_0380_D:[2830.08829427 1327.79087247],[2833.73410672 1589.29073314],[2246.69528055 1557.26618687],[2244.57489835 1296.47262924]
DJI_20250430101444_0276_D:[1723.94461975 2346.03122549],[1727.67943989 2082.28124306],[2314.73913163 2132.83489982],[2310.67202569 2397.94889083]
DJI_20250430101442_0275_D:[2002.7621789  1234.42468637],[2216.22982246 1085.76940572],[2515.64908451 1582.0288205 ],[2300.9085681  1731.88015403]
DJI_20250430101818_0383_D:[2984.30843028 2287.57869193],[3020.31483999 2033.50916125],[3576.87694201 2151.10501997],[3540.81848202 2403.63879371]
DJI_20250430101810_0379_D:[2919.23058855 1030.12620463],[2920.7054248  1284.10338367],[2345.98725972 1246.81757645],[2346.77223309  993.4677727 ]
DJI_20250430101446_0277_D:[1687.94561184 2681.0463594 ],[1687.27268811 2420.08044561],[2270.9687909  2465.46552118],[2270.52227907 2727.74958674]
DJI_20250430101820_0384_D:[3063.61872126 2596.39917346],[3062.77840342 2343.01037271],[3625.03024622 2375.37002721],[3624.71599655 2627.00991559]
DJI_20250430101440_0274_D:[2821.8066711   705.50514097],[3077.10180707  742.30588259],[2960.86060721 1300.99455975],[2703.07932138 1264.26647662]
31
DJI_20250430101126_0177_D:[2240.70388624 2192.94707166],[2240.18473492 1936.19274242],[2813.852882   1974.21553803],[2814.16760693 2231.16256113]
DJI_20250430101124_0176_D:[2252.94593625 1875.29318347],[2252.58687261 1618.27101258],[2826.92732191 1655.28285569],[2827.82307132 1912.60739352]
DJI_20250430101128_0178_D:[2237.57468582 2487.86431302],[2236.46800866 2231.63555971],[2810.61624998 2269.6894824 ],[2810.82046585 2525.98871826]
DJI_20250430101122_0175_D:[2267.07880517 1567.2662786 ],[2267.38652847 1312.00329325],[2839.55388156 1349.01738928],[2840.50049601 1604.6995783 ]
DJI_20250430101418_0263_D:[2393.13011745 1842.06637075],[2390.52137826 2107.86398799],[1802.46040769 2061.32900178],[1805.41201006 1797.20553895]
DJI_20250430101420_0264_D:[2397.41030637 2142.76651526],[2394.2958877  2408.60423534],[1805.81640968 2358.48813383],[1808.51106374 2094.17108545]
DJI_20250430101416_0262_D:[2436.46383862 1459.41658922],[2432.37515321 1724.56051711],[1843.66565652 1677.61097963],[1848.96068622 1414.24739601]
DJI_20250430101038_0153_D:[3687.03575396 2013.29658007],[3686.88686482 2270.8974378 ],[3114.21999179 2233.80726334],[3114.09737784 1974.86342663]
DJI_20250430101036_0152_D:[3699.09889629 1726.42655916],[3700.69633979 1983.7732815 ],[3128.15871623 1946.12620478],[3127.01359748 1687.53930064]
DJI_20250430101130_0179_D:[2221.62634567 2801.31547255],[2219.71792073 2546.27311284],[2794.80501078 2584.17162359],[2795.06412262 2839.21382409]
32
DJI_20250430101416_0262_D:[3073.27659598 1703.48551179],[3069.93096287 1969.81624267],[2475.37288312 1921.11381506],[2479.26837124 1654.86072171]
DJI_20250430101418_0263_D:[3030.9349065  2084.30571139],[3028.16878995 2350.29953124],[2434.50341129 2304.38004835],[2436.94233698 2038.35996593]
DJI_20250430101414_0261_D:[3092.96776669 1374.87695965],[3090.49653501 1641.10273321],[2493.81611386 1592.8049013 ],[2497.61150858 1326.78373106]
DJI_20250430101420_0264_D:[3035.26217664 2387.46686412],[3031.16355574 2652.56895221],[2437.89730876 2605.00885616],[2440.89662125 2339.70524436]
DJI_20250430101506_0287_D:[2810.51175402 2150.24005417],[2814.09547725 1882.49273633],[3406.95135591 1931.23134029],[3403.33283268 2197.46717517]
DJI_20250430101504_0286_D:[2842.37452549 1826.57490834],[2845.49299688 1560.64253183],[3434.76652351 1610.51758242],[3432.43569611 1875.1044607 ]
DJI_20250430101508_0288_D:[2801.39505158 2492.53241624],[2805.12865312 2225.56279803],[3397.70139585 2272.06917932],[3393.0714301 2537.3113149]
DJI_20250430101126_0177_D:[1628.18794813 1965.82660216],[1628.40441679 1710.64423903],[2195.31459767 1747.03373611],[2195.51877026 2003.94706916]
DJI_20250430101128_0178_D:[1624.21560628 2259.7691654 ],[1623.09385657 2004.31295775],[2191.08828481 2042.48816611],[2191.93220253 2299.56029499]
DJI_20250430101412_0260_D:[3095.5954899  1034.48480146],[3093.96667415 1299.17924508],[2496.14275103 1251.23397222],[2499.9319527   986.87841248]
33
DJI_20250430101128_0178_D:[2297.08861983 2094.68036567],[2296.5976695  1837.13096558],[2871.82224367 1874.94628934],[2872.31482055 2132.60802919]
DJI_20250430101126_0177_D:[2301.03563504 1798.89185821],[2301.05241012 1542.24736158],[2874.72916764 1580.00700051],[2875.40964057 1836.88635562]
DJI_20250430101130_0179_D:[2280.01154719 2410.00120296],[2278.82707467 2152.09774311],[2856.15938631 2189.6890325 ],[2856.60870465 2447.63461841]
DJI_20250430101416_0262_D:[2366.2487662  1865.45009651],[2362.46635173 2131.93214764],[1773.52071866 2082.40059062],[1777.51556359 1817.6499045 ]
DJI_20250430101124_0176_D:[2313.56770719 1480.65792624],[2313.65170838 1225.28516249],[2886.84168673 1262.04083582],[2888.20345251 1517.7578313 ]
DJI_20250430101414_0261_D:[2384.31062331 1537.29478711],[2380.4634375  1804.39412195],[1788.7821074  1757.32993814],[1793.61043877 1492.11340125]
DJI_20250430101132_0180_D:[2281.99262982 2702.81913825],[2279.69872703 2445.73759732],[2858.13011347 2482.07166312],[2858.99348418 2739.12553178]
DJI_20250430101034_0151_D:[3636.65537434 1796.2568539 ],[3638.1547708  2054.22152543],[3063.89679797 2017.41995886],[3062.68517616 1758.32223715]
DJI_20250430101036_0152_D:[3641.40663099 2121.63482054],[3641.28684194 2379.43649617],[3067.499946   2343.64774097],[3067.13172585 2084.55048227]
DJI_20250430101418_0263_D:[2325.28537542 2249.23049587],[2323.16666607 2514.49412393],[1736.25344035 2465.30423925],[1737.71645154 2201.66748469]
34
DJI_20250430101414_0261_D:[3126.39538292 1795.86382189],[3123.13247571 2061.52358793],[2530.32651999 2013.58745812],[2533.85080279 1747.81052088]
DJI_20250430101416_0262_D:[3105.35401869 2121.71375824],[3101.23598096 2385.84003189],[2511.68751489 2337.82315437],[2515.32188149 2073.45127134]
DJI_20250430101412_0260_D:[3130.36987395 1456.16173086],[3127.95839672 1722.07655698],[2532.75579722 1674.15033074],[2536.22995201 1408.25227862]
DJI_20250430101508_0288_D:[2764.62384463 2071.13480771],[2768.03995391 1805.42168297],[3356.88196017 1853.94541407],[3353.62375244 2118.29432815]
DJI_20250430101510_0289_D:[2756.17335914 2409.08900136],[2759.70235641 2143.22999343],[3349.8230094  2189.89439469],[3345.61350101 2454.18756809]
DJI_20250430101506_0287_D:[2773.49816604 1730.65266426],[2776.79766223 1465.96474617],[3364.58224705 1516.210821  ],[3362.27881279 1779.74913964]
DJI_20250430101418_0263_D:[3064.18289798 2498.44230749],[3060.66822238 2760.36610996],[2473.31304088 2715.41450902],[2475.48251385 2453.1391906 ]
DJI_20250430101410_0259_D:[3138.78797998 1106.93699312],[3137.10993955 1369.07973919],[2546.0746273  1321.13498101],[2549.71076157 1059.15916488]
DJI_20250430101512_0290_D:[2729.93268097 2731.17564346],[2733.70284575 2466.72068735],[3323.9012629 2511.8947744],[3318.63405307 2774.65368239]
DJI_20250430101128_0178_D:[1591.72538788 1858.83252216],[1592.28150375 1605.56247329],[2154.70730509 1640.60117802],[2154.80898069 1895.72634774]
35
DJI_20250430101130_0179_D:[2321.21960947 2015.66444817],[2320.57515694 1757.4115839 ],[2897.37865446 1794.73762847],[2898.2044893  2053.11811494]
DJI_20250430101132_0180_D:[2321.6070598  2309.04193746],[2319.90344198 2050.18751725],[2898.86408606 2086.24848992],[2900.06677312 2345.16204373]
DJI_20250430101128_0178_D:[2339.15507249 1701.55624335],[2339.11829905 1445.1632915 ],[2912.68657036 1482.72748217],[2913.62785039 1739.31721412]
DJI_20250430101134_0181_D:[2345.28394937 2611.77252591],[2342.91152287 2353.16659646],[2923.70062334 2388.64966929],[2924.82322689 2647.12837266]
DJI_20250430101414_0261_D:[2334.7789968  1944.97959212],[2331.36457556 2212.35897938],[1740.85304899 2162.67370147],[1744.23708764 1897.06583669]
DJI_20250430101032_0150_D:[3613.96878296 1890.73188869],[3615.34109667 2148.13349189],[3042.33821033 2112.45756246],[3041.02963783 1853.9232539 ]
DJI_20250430101412_0260_D:[2336.52218768 1603.56443683],[2332.88215936 1871.90394187],[1739.46584222 1824.65842838],[1743.88738231 1558.25548127]
DJI_20250430101126_0177_D:[2343.72889265 1407.76206605],[2344.14089694 1153.6845075 ],[2915.11173395 1191.11884928],[2916.29371351 1445.51546536]
DJI_20250430101034_0151_D:[3595.60473251 2190.3358756 ],[3595.49620468 2447.76884951],[3021.86832101 2412.77614401],[3021.32633939 2154.11657017]
DJI_20250430101030_0149_D:[3617.34175976 1564.74346699],[3620.10789313 1819.88865188],[3050.84918677 1783.34008583],[3048.86509758 1527.19620629]
36
DJI_20250430102126_0477_D:[2907.0713668  1972.63133132],[2908.12255728 2230.94616827],[2331.57367008 2193.97505817],[2330.51181818 1935.96945948]
DJI_20250430102124_0476_D:[2946.15141194 1679.08093999],[2948.43792797 1938.29226679],[2368.97477085 1903.35782851],[2367.40064809 1644.50876223]
DJI_20250430102128_0478_D:[2915.52423354 2303.32304128],[2916.60131088 2560.18469968],[2342.01887305 2524.06478481],[2340.18284517 2267.31897425]
DJI_20250430102122_0475_D:[2940.18497715 1386.86376976],[2943.33573943 1646.14758334],[2361.33582801 1612.49146703],[2359.64734283 1353.7237813 ]
DJI_20250430102224_0506_D:[2928.47845418 2131.24062282],[2927.28597358 1880.06743164],[3483.60263364 1915.8135428 ],[3484.79893607 2165.63358101]
DJI_20250430101844_0396_D:[1750.30026873 1873.10529699],[1751.43871474 1622.70541894],[2308.92307217 1659.52210426],[2308.41995596 1911.34867332]
DJI_20250430101846_0397_D:[1715.71407556 2160.47840806],[1716.10977571 1908.53945478],[2276.72160837 1948.04167491],[2276.24327862 2201.31931759]
DJI_20250430102222_0505_D:[2938.92873496 1838.80798641],[2936.99998008 1589.09508482],[3490.72630782 1625.20051589],[3493.24554313 1873.71034529]
DJI_20250430102226_0507_D:[2897.60176717 2431.84076646],[2896.51738678 2181.55798843],[3452.179791   2215.21518161],[3452.63498698 2464.08579919]
DJI_20250430101848_0398_D:[1753.72390236 2477.95442121],[1753.1752232  2224.45552455],[2319.56451803 2266.06276145],[2319.27798336 2520.47829226]
37
DJI_20250430102222_0505_D:[2433.44177706 2016.51905517],[2432.02970608 1764.2148437 ],[2995.22838225 1799.10949731],[2996.94141739 2051.23426736]
DJI_20250430102224_0506_D:[2420.75557728 2311.13239658],[2419.54057821 2057.91122144],[2985.0989172  2093.64879728],[2986.00924775 2346.54974347]
DJI_20250430102220_0504_D:[2450.65563193 1695.32591946],[2449.40038778 1444.98584833],[3009.4126586 1479.7627839],[3011.69126331 1730.01983159]
DJI_20250430102126_0477_D:[3430.77268808 1789.59906842],[3432.36409155 2049.11065217],[2853.34979731 2012.4584433 ],[2852.08212797 1752.09890954]
DJI_20250430102226_0507_D:[2391.46469012 2613.38477344],[2389.75594664 2361.75886327],[2953.85815982 2396.68002706],[2954.61473193 2647.92426475]
DJI_20250430102128_0478_D:[3438.35980491 2121.42798778],[3439.28114394 2380.14513432],[2862.04807524 2345.81225225],[2860.67494942 2086.05295133]
DJI_20250430102124_0476_D:[3470.17393174 1492.99423448],[3473.72227345 1752.62624482],[2892.7529277  1716.64587326],[2890.27341855 1456.20244152]
DJI_20250430102218_0503_D:[2492.82775117 1405.54358699],[2492.11459548 1158.77533791],[3046.6908647  1194.42397203],[3049.04212944 1441.20141997]
DJI_20250430102502_0585_D:[2340.00231447 1525.82224383],[2341.46193564 1773.19417877],[1792.63184393 1741.24194962],[1792.16917263 1495.53608974]
DJI_20250430102504_0586_D:[2241.72148013 1860.4298298 ],[2245.99664682 2107.15551323],[1700.65366449 2078.75591357],[1696.7046385  1833.70727936]
38
DJI_20250430102128_0478_D:[2883.46090274 1903.33836024],[2885.00649935 2161.98211221],[2307.72043087 2125.92637189],[2306.35436115 1867.6596703 ]
DJI_20250430102126_0477_D:[2875.02043342 1571.27291358],[2876.4823334  1829.79000892],[2298.40362395 1793.27407371],[2297.87602711 1535.32484099]
DJI_20250430102130_0479_D:[2882.1981886  2228.18824972],[2883.44505956 2485.91263458],[2307.47660611 2449.69079913],[2305.62752584 2192.19915138]
DJI_20250430102124_0476_D:[2912.19041914 1277.34158941],[2914.9114824  1535.25474646],[2335.00916812 1500.94573204],[2333.96175595 1243.64796598]
DJI_20250430101842_0395_D:[1774.03799109 1950.97090997],[1775.01054196 1702.60245507],[2327.92168444 1739.59685943],[2327.47382978 1989.32869906]
DJI_20250430101844_0396_D:[1776.97043388 2263.17987078],[1776.75745199 2011.66307998],[2337.19261735 2050.76022209],[2337.16332024 2303.47358862]
DJI_20250430102132_0480_D:[2863.3667413  2533.18711178],[2864.65259858 2788.49181294],[2291.67692973 2752.84647207],[2289.09600515 2497.6621521 ]
DJI_20250430102222_0505_D:[2972.0038691  2227.62698093],[2970.55019039 1976.67433997],[3526.19015167 2010.95153497],[3527.37333381 2260.4501426 ]
DJI_20250430102220_0504_D:[2987.16310872 1907.20049821],[2985.18686483 1657.41956184],[3538.16898446 1693.15026037],[3540.59531478 1941.58917796]
DJI_20250430101840_0394_D:[1777.91517228 1665.13954764],[1780.04192907 1420.57146218],[2325.70820754 1455.82450385],[2324.7497705  1701.86038767]
39
DJI_20250430102220_0504_D:[2129.66450885 2075.94929559],[2128.30359669 1828.58284702],[2680.83246902 1862.36287416],[2682.42399609 2110.19038198]
DJI_20250430102218_0503_D:[2172.4717879  1786.58430312],[2172.06164674 1541.40912144],[2720.39023961 1575.38875577],[2721.6339987  1821.10236357]
DJI_20250430102506_0587_D:[2552.90958543 1841.71872249],[2557.81841715 2087.56248209],[2010.35356799 2060.94758773],[2005.72555773 1816.02913815]
DJI_20250430102222_0505_D:[2112.30087344 2392.74216768],[2110.35459908 2144.92545635],[2664.80091566 2179.58004637],[2666.27517027 2427.77298859]
DJI_20250430102508_0588_D:[2582.81741092 2132.43200634],[2585.86064575 2377.14533029],[2040.56321377 2345.51837216],[2037.14696463 2101.53901386]
DJI_20250430102504_0586_D:[2561.58179336 1488.94095263],[2565.80277279 1731.50494678],[2024.23922534 1705.33170522],[2021.04166954 1463.85259627]
DJI_20250430102216_0502_D:[2134.73634063 1501.84655203],[2136.07122098 1258.29387481],[2682.76051796 1293.78549619],[2682.92141125 1538.076616  ]
DJI_20250430102224_0506_D:[2098.89533009 2681.81044611],[2096.77825536 2434.33018057],[2652.67812104 2470.4567167 ],[2653.72938854 2718.18715668]
DJI_20250430102510_0589_D:[2562.58955405 2457.40390914],[2565.89531432 2699.9565358 ],[2023.41858575 2667.82397653],[2019.05024131 2425.92591983]
DJI_20250430102502_0585_D:[2663.35386613 1162.98109032],[2665.34187024 1404.70533326],[2121.96873591 1374.02548941],[2121.66063577 1133.37326531]
40
DJI_20250430102218_0503_D:[2588.1105998  2013.99604031],[2587.01363233 1765.5821014 ],[3140.79044071 1800.96955799],[3142.1788697  2048.93512666]
DJI_20250430102220_0504_D:[2548.15475029 2306.99974413],[2546.52667912 2057.10113894],[3104.20296428 2091.16399102],[3105.48903899 2340.51460186]
DJI_20250430102130_0479_D:[3332.85624295 1815.82071621],[3334.75794685 2073.10648804],[2760.27963355 2037.81116942],[2758.6524939  1779.88799977]
DJI_20250430102216_0502_D:[2548.25766309 1727.26135096],[2548.39046885 1479.63902892],[3101.56739373 1517.77541576],[3102.41170178 1765.15294709]
DJI_20250430102132_0480_D:[3313.16678583 2120.97969391],[3314.53249174 2377.38160865],[2741.82986553 2343.73313481],[2740.0427787 2086.5896455]
DJI_20250430102128_0478_D:[3333.10954483 1493.04608116],[3335.92022709 1749.58850731],[2761.31955034 1713.35173974],[2759.56412535 1456.30998892]
DJI_20250430102222_0505_D:[2531.59950462 2626.98929945],[2529.90369445 2377.49399969],[3088.99990795 2411.17962165],[3089.62420064 2660.02544322]
DJI_20250430102134_0481_D:[3314.57044732 2433.71262007],[3314.34593134 2688.39880812],[2743.76315216 2654.23429859],[2742.84406437 2398.66476252]
DJI_20250430102214_0501_D:[2512.92077395 1440.00915401],[2512.97834576 1192.57773574],[3068.49625343 1230.24634171],[3070.02351276 1477.65390324]
DJI_20250430102508_0588_D:[2163.03687421 1909.00157123],[2166.0554454  2155.69448926],[1621.86094286 2123.89124912],[1619.01542466 1878.93001195]
41
DJI_20250430102228_0508_D:[2519.71453891 2149.97982401],[2518.38970138 1896.48031489],[3083.76667233 1931.88827006],[3085.15574849 2184.95758354]
DJI_20250430102226_0507_D:[2478.08761285 1851.66455316],[2476.96737425 1598.92109767],[3041.29995863 1634.64351167],[3043.16343886 1887.13943357]
DJI_20250430102230_0509_D:[2461.06018166 2464.38722763],[2460.02831492 2209.66589206],[3029.54566393 2246.03048138],[3029.94062161 2500.31179641]
DJI_20250430102122_0475_D:[3384.72963306 1985.9541887 ],[3387.10091011 2248.97484946],[2800.01600042 2215.38093431],[2797.57928414 1951.54183469]
DJI_20250430102120_0474_D:[3369.36064875 1662.86826387],[3372.94689837 1923.65654063],[2789.89658241 1889.86113775],[2787.02646833 1628.45866148]
DJI_20250430102224_0506_D:[2508.88926504 1546.77760714],[2508.07399424 1295.13948123],[3071.84535392 1331.73408595],[3074.05609697 1583.18934842]
DJI_20250430102124_0476_D:[3386.02351978 2279.52551212],[3386.93119678 2540.15929189],[2804.32773434 2506.81488898],[2802.59659696 2245.20827969]
DJI_20250430102118_0473_D:[3364.80211558 1373.81892779],[3369.48857824 1631.90356234],[2790.03125312 1598.21148251],[2786.74370431 1339.68822943]
DJI_20250430102232_0510_D:[2492.64278072 2758.6895958 ],[2491.36851786 2506.62937417],[3057.70788163 2541.94628042],[3057.61863601 2793.36889082]
DJI_20250430102500_0584_D:[2197.26592669 1982.89572983],[2200.37462992 2231.98351582],[1651.16707229 2199.19087092],[1648.12325139 1951.96806522]
42
DJI_20250430102120_0474_D:[2660.28077157 1826.66440711],[2662.8980138  2084.25549741],[2089.1513793  2050.71716007],[2086.99249099 1794.10238274]
DJI_20250430101850_0399_D:[1973.03236138 2022.91940875],[1973.66289833 1766.83695492],[2545.08070553 1806.17432269],[2544.643341  2062.9241102]
DJI_20250430102122_0475_D:[2669.30910184 2146.21511653],[2671.65517352 2405.42310425],[2094.06389507 2370.08796255],[2091.43238659 2111.70137083]
DJI_20250430101848_0398_D:[2028.3354786  1740.01637935],[2029.99342992 1487.22627598],[2594.87197295 1526.42895729],[2594.02981435 1779.84271282]
DJI_20250430101852_0400_D:[1953.0791426  2333.91178988],[1952.39442271 2078.84682344],[2522.35028838 2117.77068612],[2522.55104288 2373.43673402]
DJI_20250430102118_0473_D:[2661.30031406 1540.49574096],[2664.18662529 1795.96178488],[2093.83442305 1764.25620764],[2092.0540378  1509.90853363]
DJI_20250430102124_0476_D:[2674.58825313 2433.22264075],[2676.3984868  2689.58814587],[2103.29690939 2652.74561593],[2100.48568189 2397.03234034]
DJI_20250430101854_0401_D:[1936.8158474  2634.97807901],[1935.49919007 2383.34780393],[2500.19857899 2423.30013421],[2500.3296697  2675.42954419]
DJI_20250430102116_0472_D:[2685.67616673 1222.00637709],[2688.03050167 1472.85943929],[2124.65301424 1441.41773103],[2124.07726618 1191.74146894]
DJI_20250430101846_0397_D:[1989.91633949 1430.35449506],[1992.22686071 1181.74117209],[2550.06925866 1218.40124841],[2549.26719164 1468.06766682]
43
DJI_20250430102230_0509_D:[2525.50570923 2072.12614002],[2524.7018696 1818.0826368],[3091.17336687 1854.78409732],[3092.22197889 2108.42482429]
DJI_20250430102118_0473_D:[3302.44600129 1772.640636  ],[3305.85734838 2031.38132563],[2727.61057538 1998.69609031],[2724.65392298 1739.5056584 ]
DJI_20250430102232_0510_D:[2556.27018695 2368.72407003],[2555.2561508  2115.87359173],[3119.63518477 2151.66677478],[3120.17218439 2403.9203991 ]
DJI_20250430102120_0474_D:[3304.87990888 2064.20266773],[3307.25077772 2324.21389324],[2726.46368548 2291.52077976],[2723.85657821 2030.87622559]
DJI_20250430102228_0508_D:[2582.92011706 1761.26927637],[2581.65632642 1509.88427691],[3142.90743958 1545.79698092],[3145.0843117  1796.78656152]
DJI_20250430102116_0472_D:[3318.42865966 1448.43329669],[3322.09525846 1703.31094716],[2750.56338162 1668.98328404],[2748.08282608 1413.77152485]
DJI_20250430102122_0475_D:[3317.87392611 2388.88748183],[3319.0747192  2649.49634426],[2735.45633269 2617.11327863],[2733.2209306 2355.6586532]
DJI_20250430102234_0511_D:[2535.13108781 2673.76982194],[2533.93262547 2421.84106699],[3098.8279306  2456.92197271],[3098.82666206 2708.14646027]
DJI_20250430102226_0507_D:[2541.59439706 1465.81663288],[2540.52378071 1216.52982997],[3099.78098064 1252.64533642],[3102.42849214 1501.71676222]
DJI_20250430102114_0471_D:[3358.94567965 1158.69143408],[3364.0036385  1409.49858297],[2798.26535112 1375.95185629],[2795.00649091 1124.82638132]
44
DJI_20250430102118_0473_D:[2638.60131629 1921.4982776 ],[2641.43888074 2178.55332258],[2069.2699767  2145.24321032],[2066.67361905 1889.21478056]
DJI_20250430101852_0400_D:[1977.29593768 1953.79935582],[1977.63222293 1697.81013499],[2548.97167674 1735.7790534 ],[2549.02616109 1992.48924537]
DJI_20250430101854_0401_D:[1959.82992998 2260.55615668],[1959.57691917 2006.59921042],[2526.71078641 2045.69099675],[2526.62984868 2300.26011837]
DJI_20250430102116_0472_D:[2662.54870045 1595.57509096],[2664.79143074 1849.41304889],[2098.57093667 1816.35436497],[2097.27769661 1563.60863989]
DJI_20250430102120_0474_D:[2637.05280272 2211.24644511],[2639.64375791 2469.10542083],[2065.04991196 2434.10633554],[2062.02830597 2177.12220837]
DJI_20250430101850_0399_D:[1999.33430903 1640.79382212],[2000.93135516 1385.18942539],[2572.70165104 1423.53550408],[2572.18396525 1679.93523507]
DJI_20250430102114_0471_D:[2710.50235384 1306.31196438],[2713.39395862 1556.74223373],[2151.81096649 1526.108868  ],[2150.46526175 1276.75953905]
DJI_20250430101856_0402_D:[1936.2993341  2578.02716433],[1935.5434448  2326.63910138],[2499.09872534 2367.37111426],[2498.7731351  2619.29048032]
DJI_20250430102122_0475_D:[2645.54236499 2533.66728577],[2647.87344327 2791.60972503],[2070.55852135 2754.96715185],[2067.01945343 2497.73452036]
DJI_20250430101848_0398_D:[2056.03625698 1362.37665694],[2058.52896495 1111.34125753],[2622.77731237 1149.67281307],[2621.96413155 1401.46381529]
45
DJI_20250430102116_0472_D:[3204.12616385 1846.92150829],[3206.6264799  2103.72990271],[2632.81611885 2069.94255221],[2630.60161882 1812.90220412]
DJI_20250430102232_0510_D:[2674.37181114 1974.04400342],[2673.36646134 1720.74182142],[3237.31492985 1757.4975455 ],[3238.70787667 2010.11136609]
DJI_20250430102118_0473_D:[3186.40057536 2177.79214497],[3188.79551418 2436.88481763],[2609.45435917 2404.56566304],[2606.57867507 2145.12131136]
DJI_20250430102234_0511_D:[2653.11529665 2280.54514009],[2652.10774002 2026.66512047],[3217.72230883 2062.54838156],[3218.40124191 2315.63164643]
DJI_20250430102114_0471_D:[3248.07790727 1550.72538816],[3251.79753531 1804.81700781],[2682.69991782 1772.08742233],[2679.90104185 1517.78972903]
DJI_20250430102230_0509_D:[2644.21699753 1675.59004414],[2643.32060604 1422.55586263],[3208.33366444 1460.23855123],[3210.34785494 1712.77839799]
DJI_20250430102236_0512_D:[2641.81376716 2577.20378644],[2640.87504808 2323.88990045],[3207.2258794  2359.04940068],[3207.11456412 2611.44162486]
DJI_20250430102120_0474_D:[3186.77219674 2471.52495477],[3188.24191897 2730.42266417],[2607.38922546 2698.05810522],[2604.72470548 2438.61713289]
DJI_20250430102112_0470_D:[3266.67931097 1260.81297611],[3271.48164695 1512.7211094 ],[2704.38805156 1480.40744316],[2701.15725834 1228.34917792]
DJI_20250430102228_0508_D:[2699.82256956 1368.66350185],[2698.24334458 1119.73033787],[3256.8501955  1156.93355699],[3260.19736809 1405.37868049]
46
DJI_20250430101404_0256_D:[3031.53588183 1694.7455245 ],[3027.84794837 1954.02526053],[2449.15481238 1905.84190068],[2453.29087776 1646.6581597 ]
DJI_20250430101406_0257_D:[3035.12978504 2012.8422541 ],[3031.60951223 2275.35868637],[2445.74093971 2228.50275683],[2448.95868312 1965.72426301]
DJI_20250430101402_0255_D:[3096.19058081 1402.88741496],[3092.89199248 1657.30287716],[2523.10163451 1609.16373065],[2527.52955517 1354.90490028]
DJI_20250430101518_0293_D:[2789.93043722 2025.19182865],[2792.31751806 1759.78170599],[3380.53341549 1806.22868005],[3378.30829006 2070.27435864]
DJI_20250430101408_0258_D:[3068.86319041 2349.11706121],[3063.5233859  2611.00243385],[2477.52161584 2562.11992334],[2481.73836054 2299.69869203]
DJI_20250430101520_0294_D:[2787.55186321 2355.19900799],[2790.13966741 2090.08442353],[3378.55621572 2134.7774139 ],[3375.30909062 2398.38502969]
DJI_20250430101516_0292_D:[2803.00292461 1703.53457976],[2805.54350585 1438.15757822],[3394.61085875 1487.24890252],[3393.0485751  1751.36716896]
DJI_20250430101522_0295_D:[2762.88860171 2659.29778369],[2765.78135269 2395.82526961],[3353.27627541 2439.21812706],[3348.99196091 2701.08788325]
DJI_20250430101140_0184_D:[1616.41814566 2107.31609781],[1614.48485727 1851.54860966],[2182.63807455 1885.35691316],[2184.68830827 2142.94325536]
DJI_20250430101138_0183_D:[1610.12502222 1809.12922564],[1609.60847024 1553.07978449],[2178.65848591 1585.276769  ],[2179.95749139 1843.28136677]
47
DJI_20250430101138_0183_D:[2166.08889966 2031.638383  ],[2164.44578973 1772.28358697],[2743.97751376 1807.29006955],[2745.77343887 2067.18394549]
DJI_20250430101140_0184_D:[2171.43206093 2331.5550466 ],[2169.02377473 2073.28584112],[2746.93959837 2108.25901005],[2748.83485467 2366.94350165]
DJI_20250430101136_0182_D:[2201.19979259 1730.2599094 ],[2199.553353   1471.14996367],[2779.49338343 1504.39956616],[2782.01715775 1764.11553058]
DJI_20250430101406_0257_D:[2464.26679413 1774.03756756],[2460.89994436 2037.92563444],[1875.49633266 1990.39482457],[1879.19507886 1727.76331761]
DJI_20250430101408_0258_D:[2497.93646965 2109.00006767],[2493.56488273 2373.32660696],[1906.64709332 2321.71735163],[1910.52230674 2058.39188174]
DJI_20250430101404_0256_D:[2468.98082163 1456.99796149],[2464.72171452 1716.52906101],[1888.00795321 1669.69244437],[1893.32564205 1411.71687098]
DJI_20250430101142_0185_D:[2153.82155742 2642.46740936],[2150.65553209 2385.98521648],[2727.16920592 2421.19213122],[2729.07743179 2677.98753871]
DJI_20250430101134_0181_D:[2211.80815837 1406.90204236],[2211.22143531 1150.29344679],[2788.25283159 1183.79588368],[2790.47459085 1441.13591413]
DJI_20250430101410_0259_D:[2464.93238202 2491.11252954],[2461.9665846  2755.88022249],[1871.88830202 2704.38264071],[1873.4336677  2440.68905447]
DJI_20250430101402_0255_D:[2543.41531027 1168.30405517],[2538.94584379 1422.20370464],[1971.00803219 1376.88673665],[1977.19318601 1124.54034682]
48
DJI_20250430101408_0258_D:[3133.65675635 1942.08038709],[3129.03128749 2205.69810266],[2540.98366315 2156.10549047],[2545.46972985 1892.03323604]
DJI_20250430101406_0257_D:[3096.9121203  1606.38540644],[3094.14207774 1868.9414115 ],[2507.4306458 1821.6203645],[2510.87412718 1558.8767053 ]
DJI_20250430101516_0292_D:[2741.31707502 2116.1461998 ],[2744.17997564 1849.20513318],[3336.15977525 1896.33684805],[3333.26612104 2161.93192601]
DJI_20250430101410_0259_D:[3106.02341769 2319.32286074],[3101.7745659  2584.46393696],[2508.69305555 2537.29798165],[2511.88687655 2271.72843115]
DJI_20250430101514_0291_D:[2743.59269719 1818.79670825],[2746.4959772  1551.96801697],[3338.79681381 1600.95340772],[3336.64613444 1866.60018308]
DJI_20250430101518_0293_D:[2728.79728655 2436.3192323 ],[2731.39234615 2171.04136127],[3321.22372975 2215.52656235],[3317.78641871 2479.35864201]
DJI_20250430101404_0256_D:[3092.7213696  1295.06686014],[3089.84860151 1552.85034192],[2511.39300054 1504.58962095],[2515.65612887 1246.97155484]
DJI_20250430101512_0290_D:[2768.18660259 1512.76229169],[2771.3199084  1248.00461352],[3361.00204217 1299.35701868],[3359.3947863  1563.02542964]
DJI_20250430101136_0182_D:[1590.03626315 1910.65895227],[1588.61867201 1653.59226556],[2159.4710046  1685.42382618],[2161.46013911 1944.47495973]
DJI_20250430101520_0294_D:[2726.29077048 2764.21467846],[2728.99356068 2500.95760236],[3317.74364435 2543.63589276],[3313.36820927 2805.3044725 ]
49
DJI_20250430101136_0182_D:[2202.39445129 2144.65440564],[2200.02515103 1884.87226683],[2780.73165017 1919.01152874],[2782.99578124 2179.21539675]
DJI_20250430101134_0181_D:[2211.29580063 1819.61186061],[2210.00026806 1560.69502624],[2789.01018733 1595.27974899],[2790.9617919  1854.74381971]
DJI_20250430101138_0183_D:[2167.36930816 2444.23610196],[2164.95184639 2185.7537149 ],[2744.09629185 2221.54789719],[2745.69057949 2480.38226982]
DJI_20250430101408_0258_D:[2507.95048831 1687.12316298],[2503.35846439 1951.55158093],[1916.25674062 1901.63292759],[1921.3803584  1638.42288272]
DJI_20250430101410_0259_D:[2472.87147221 2065.705016  ],[2469.59843745 2332.57487883],[1877.87154241 2282.89754095],[1880.78791946 2017.32405838]
DJI_20250430101132_0180_D:[2190.55935724 1520.0183109 ],[2190.16214727 1263.81536544],[2765.0456507  1298.08217241],[2766.81532582 1555.0065887 ]
DJI_20250430101406_0257_D:[2472.73577727 1355.30257705],[2469.10972114 1617.54832145],[1884.83327426 1572.10067184],[1889.80865005 1311.32190061]
DJI_20250430101140_0184_D:[2173.91903849 2740.37770647],[2170.75313518 2484.42598435],[2747.22579607 2519.99648274],[2748.90979952 2776.17734031]
DJI_20250430101412_0260_D:[2459.91087873 2424.83458053],[2457.00082851 2690.98934229],[1864.59985732 2639.68741322],[1866.21668974 2374.6802301 ]
DJI_20250430101026_0147_D:[3737.54560425 1745.53768862],[3739.47774585 1998.29323853],[3177.90892924 1963.00599239],[3176.19823901 1708.84270478]
50
DJI_20250430101410_0259_D:[3122.28586241 1924.04587755],[3118.82612557 2190.24387547],[2524.92008702 2142.55574746],[2528.30833585 1876.12049769]
DJI_20250430101408_0258_D:[3150.24462168 1551.69674714],[3146.46739384 1814.54991318],[2558.95651761 1764.35794036],[2563.54259558 1501.23403483]
DJI_20250430101412_0260_D:[3111.59342299 2281.63148058],[3107.46304775 2547.84105097],[2512.22034649 2500.64415748],[2515.34958491 2234.02735897]
DJI_20250430101514_0291_D:[2727.55440621 2215.59152373],[2730.65078617 1948.35765709],[3323.52518703 1995.50555026],[3320.19865545 2261.37194589]
DJI_20250430101512_0290_D:[2751.72570106 1908.6104007 ],[2755.12166106 1641.90031316],[3346.53681657 1691.51601091],[3343.68776287 1956.94615737]
DJI_20250430101516_0292_D:[2725.40205502 2510.98315886],[2728.42735492 2245.17203966],[3319.82230537 2290.25918992],[3315.78761607 2554.54486882]
DJI_20250430101406_0257_D:[3110.78320021 1219.8072049 ],[3108.82078521 1479.99268989],[2523.83221018 1432.42975262],[2527.40536478 1172.23103062]
DJI_20250430101510_0289_D:[2777.10583396 1585.23405711],[2780.13040207 1320.50414187],[3368.96441912 1371.23681214],[3367.28961735 1634.82148728]
DJI_20250430101414_0261_D:[3105.0855387  2617.52221342],[3100.16946519 2880.09566629],[2509.77938358 2833.29996281],[2512.90957558 2570.17087949]
DJI_20250430101134_0181_D:[1592.81096314 1969.39166167],[1591.64470444 1712.81232059],[2161.2717224 1746.1916098],[2162.85669104 2004.71838813]
51
DJI_20250430101144_0186_D:[2180.55999728 2170.42598661],[2178.60019702 1913.29711617],[2753.30610865 1948.03836444],[2755.14733004 2205.60388647]
DJI_20250430101142_0185_D:[2190.12736743 1872.05215146],[2188.41771147 1614.95865171],[2763.20760999 1648.52880287],[2765.45934392 1906.18395013]
DJI_20250430101146_0187_D:[2175.32440382 2479.71511482],[2173.10059692 2223.62247006],[2746.94350559 2259.43747407],[2748.36448194 2515.81327163]
DJI_20250430101402_0255_D:[2488.40013079 1931.65498394],[2484.20637687 2187.4566383 ],[1917.25491588 2138.36985558],[1921.41556564 1883.82833817]
DJI_20250430101400_0254_D:[2508.54814827 1605.77670916],[2503.848482   1861.87683506],[1935.40341793 1813.54787543],[1940.82654758 1558.8578959 ]
DJI_20250430101140_0184_D:[2209.89399159 1559.84508123],[2208.83692697 1303.9448646 ],[2782.79333705 1337.10746429],[2785.13194355 1593.66825813]
DJI_20250430101404_0256_D:[2414.54698324 2233.28232928],[2410.89063951 2491.84866822],[1837.40413246 2441.17819948],[1840.2977922  2183.85646262]
DJI_20250430101358_0253_D:[2515.0775688 1303.2557336],[2510.44882378 1558.33737532],[1941.64778113 1512.08641335],[1947.76182301 1258.57426122]
DJI_20250430101148_0188_D:[2156.74768335 2766.61868199],[2153.34681423 2512.38072248],[2726.09262727 2547.18212514],[2728.03293435 2801.59626539]
DJI_20250430101018_0143_D:[3751.0429595  1692.94102342],[3753.82758616 1948.62438661],[3185.55297669 1913.67105799],[3183.17207675 1656.52676613]
52
DJI_20250430101400_0254_D:[3110.70384456 1836.84640911],[3106.24159213 2094.00349204],[2532.68802074 2044.88663349],[2537.30457243 1787.64041322]
DJI_20250430101402_0255_D:[3089.46246107 2162.58445269],[3084.72019332 2418.56722089],[2513.25260889 2370.57892042],[2517.3815673  2114.36163273]
DJI_20250430101358_0253_D:[3117.64006095 1532.0803938 ],[3114.04937587 1789.0810354 ],[2539.40394532 1740.25615682],[2543.9192905  1483.32315606]
DJI_20250430101524_0296_D:[2777.17444521 2182.08546403],[2779.92651042 1916.02047217],[3370.02536373 1962.36506578],[3367.06639563 2227.0899591 ]
DJI_20250430101522_0295_D:[2768.30705532 1872.22488359],[2770.75483822 1606.46012003],[3360.46561612 1653.94660714],[3358.56633324 1918.52218318]
DJI_20250430101404_0256_D:[3023.72158305 2467.09347689],[3018.77528388 2725.05084184],[2440.54617013 2677.25903209],[2444.1120039  2418.98030888]
DJI_20250430101526_0297_D:[2800.5742229  2494.56433625],[2802.87742602 2229.19023666],[3392.94035439 2272.41117721],[3389.62508981 2536.2519693 ]
DJI_20250430101356_0252_D:[3131.87965048 1259.15965392],[3129.17042248 1511.98812842],[2560.95894732 1464.04536085],[2565.26275652 1211.36090748]
DJI_20250430101520_0294_D:[2792.04909334 1565.18871583],[2794.09611714 1300.76311129],[3382.54339377 1349.26510683],[3381.78350646 1612.59971363]
DJI_20250430101144_0186_D:[1576.99984303 1953.30451989],[1575.88888298 1697.52643142],[2143.61465852 1730.42194594],[2145.22832186 1988.15839027]
53
DJI_20250430101146_0187_D:[2285.53037356 2095.29155375],[2283.98363113 1837.40793089],[2860.148139   1872.79671904],[2861.76653877 2130.87568514]
DJI_20250430101144_0186_D:[2291.2507586  1783.46704342],[2289.83118745 1525.95092538],[2865.85741046 1560.35454407],[2868.04026379 1818.21871964]
DJI_20250430101148_0188_D:[2264.96503095 2385.50691163],[2262.39288852 2128.13822333],[2838.46038695 2162.37602963],[2840.442957   2419.82923962]
DJI_20250430101142_0185_D:[2301.15917474 1484.21305912],[2299.85429412 1228.10367735],[2874.96457517 1261.45556372],[2877.70244934 1518.03652992]
DJI_20250430101400_0254_D:[2386.23963047 1987.94906041],[2381.76361399 2245.02188827],[1813.28523445 2194.44087994],[1817.61927454 1938.86125398]
DJI_20250430101358_0253_D:[2392.72281458 1683.55880485],[2388.13579215 1941.10929281],[1818.17632234 1892.68672697],[1823.38536708 1636.79622591]
DJI_20250430101150_0189_D:[2277.58973968 2697.44427804],[2274.22532566 2441.06604872],[2851.02034765 2474.70527961],[2853.00835207 2731.00036287]
DJI_20250430101016_0142_D:[3667.04700322 1771.25280028],[3669.22162974 2028.35105792],[3097.20801643 1993.17561849],[3095.27555092 1734.78878499]
DJI_20250430101018_0143_D:[3645.16725218 2077.73165055],[3646.24777398 2334.60887462],[3074.60944753 2301.56158227],[3073.03597728 2043.29869743]
DJI_20250430101356_0252_D:[2415.89948222 1408.39651468],[2411.32188159 1662.41158493],[1846.85462509 1616.56751   ],[1852.730779   1364.24519281]
54
DJI_20250430101358_0253_D:[2828.93655298 1921.02610262],[2824.56759289 2178.55449766],[2251.00690249 2129.46815639],[2255.42023146 1872.46353455]
DJI_20250430101356_0252_D:[2847.52161471 1642.59309503],[2843.66353582 1897.35471205],[2275.30703784 1849.7202973 ],[2279.90160713 1595.55057041]
DJI_20250430101400_0254_D:[2821.41254532 2225.08375768],[2816.58472903 2481.23575141],[2245.24898638 2431.33636741],[2249.36066453 2175.54334783]
DJI_20250430101148_0188_D:[1827.21141003 2158.25397847],[1824.97226796 1902.07628492],[2396.18600443 1935.86954298],[2398.44829402 2193.25274185]
DJI_20250430101146_0187_D:[1848.35539718 1868.29519974],[1847.6237179  1612.38330952],[2418.42655899 1646.07660693],[2419.8355439 1903.3041283]
DJI_20250430101354_0251_D:[2877.88867017 1317.12643099],[2873.79162775 1570.90515921],[2304.91103883 1522.44689958],[2310.46627268 1269.3325995 ]
DJI_20250430101150_0189_D:[1838.5385374  2469.74360274],[1834.90600926 2213.63468548],[2407.71499934 2248.22396847],[2410.59647601 2505.3829012 ]
DJI_20250430101144_0186_D:[1854.33152624 1559.14370127],[1854.25427639 1304.44546592],[2424.18792591 1335.78569611],[2425.63369383 1591.95437718]
DJI_20250430101402_0255_D:[2801.03040402 2548.65775625],[2796.35289194 2802.07366835],[2228.29411351 2752.71338401],[2231.49915372 2499.50479327]
DJI_20250430101526_0297_D:[3094.49433872 2089.77859624],[3096.43730615 1824.49003555],[3680.34933179 1869.83211223],[3678.35632714 2133.09177199]
55
DJI_20250430101148_0188_D:[2276.18877866 1960.76640203],[2274.23485412 1703.5603401 ],[2849.01999838 1737.37814521],[2851.37084894 1994.82590907]
DJI_20250430101150_0189_D:[2287.51318445 2273.24997512],[2284.76368221 2015.34365881],[2861.54554054 2048.79561116],[2863.91969715 2306.77791126]
DJI_20250430101146_0187_D:[2298.40048905 1670.6827721 ],[2297.42004072 1414.43657447],[2871.21663089 1449.25868656],[2873.250173   1705.85816419]
DJI_20250430101152_0190_D:[2267.72873526 2584.7814105 ],[2264.81797267 2327.05072433],[2843.26653569 2361.40601744],[2845.09792749 2619.09165079]
DJI_20250430101356_0252_D:[2394.37647232 1827.88440525],[2390.14664429 2082.8805654 ],[1825.96514361 2034.58864995],[1830.54321953 1781.10974324]
DJI_20250430101358_0253_D:[2371.12295654 2107.8668191 ],[2366.9653561  2364.88525801],[1798.4726882  2314.05756125],[1802.27626274 2058.51318647]
DJI_20250430101354_0251_D:[2424.23354031 1500.59370012],[2419.15579236 1755.41147191],[1853.58587462 1707.54813021],[1859.72924434 1454.3275803 ]
DJI_20250430101014_0141_D:[3664.38733111 1897.32694291],[3666.20892023 2155.34691734],[3092.35339848 2121.19466125],[3090.46104098 1861.81474743]
DJI_20250430101144_0186_D:[2304.30902046 1360.44150186],[2303.43725949 1106.11338478],[2875.96213472 1139.74670681],[2878.57861657 1394.57804365]
DJI_20250430101012_0140_D:[3672.17180866 1587.28429722],[3675.42866817 1845.28643876],[3100.53612327 1809.62047417],[3097.95433517 1550.37046145]
56
DJI_20250430102108_0468_D:[2682.74261162 1961.55992873],[2686.75109606 2219.41978007],[2112.31812223 2188.5034869 ],[2108.38156   1931.5821181]
DJI_20250430101902_0405_D:[2040.8206442  1905.43283781],[2041.82919159 1652.0535336 ],[2607.54796385 1690.75323637],[2607.119404   1944.76523786]
DJI_20250430101904_0406_D:[1990.85375246 2211.42090308],[1991.87112263 1953.97918291],[2566.43082997 1995.59217861],[2565.33047805 2253.63041866]
DJI_20250430102106_0467_D:[2663.3271324  1571.63892487],[2668.29415019 1832.00556168],[2087.13101997 1804.11061406],[2083.20676964 1544.93294486]
DJI_20250430102110_0469_D:[2657.32363698 2285.64360454],[2660.95384002 2540.16856334],[2093.07343264 2507.78000997],[2088.77749702 2254.08551552]
DJI_20250430101906_0407_D:[1976.97887636 2521.35684838],[1976.65650647 2265.00516648],[2550.60474904 2306.21476891],[2550.09359888 2563.01898668]
DJI_20250430101900_0404_D:[2041.3437674  1587.84239197],[2042.66425495 1338.47577065],[2601.11513103 1375.01193619],[2601.01402045 1625.14709509]
DJI_20250430102104_0466_D:[2606.52463739 1217.62214543],[2612.08403368 1473.37549685],[2037.87790293 1449.22329411],[2034.20513205 1194.84285927]
DJI_20250430102112_0470_D:[2656.75664303 2593.16641463],[2659.6804413  2844.62840237],[2096.01929915 2810.07272341],[2091.75809197 2559.30529525]
DJI_20250430101908_0408_D:[1975.30743625 2818.65370205],[1974.315791   2564.10899825],[2547.64910781 2606.35705774],[2547.07857383 2861.26324885]
57
DJI_20250430102108_0468_D:[3042.85505452 1775.81349082],[3047.13860596 2032.74849307],[2472.70091271 2002.76548059],[2468.83768941 1746.00443129]
DJI_20250430102110_0469_D:[3014.5904674 2101.0724967],[3018.01385744 2355.43491287],[2449.44673665 2324.93368183],[2445.7016137  2070.66045151]
DJI_20250430102106_0467_D:[3026.25131456 1384.89173571],[3032.07963085 1643.44119516],[2451.27874549 1615.35786835],[2446.84723341 1357.2002749 ]
DJI_20250430102240_0514_D:[2861.62822026 2042.38037478],[2860.60151873 1789.90302746],[3420.88236795 1826.56343436],[3421.96246731 2077.92098737]
DJI_20250430102112_0470_D:[3012.60008679 2410.21595525],[3014.89984422 2662.18502257],[2450.1083803 2630.3934583],[2446.81810008 2378.38758233]
DJI_20250430102242_0515_D:[2858.90743118 2356.54332963],[2858.13176399 2104.19808874],[3419.00753311 2139.38946176],[3419.10504673 2390.49499112]
DJI_20250430102238_0513_D:[2868.55475275 1727.68131192],[2867.07472632 1475.52034666],[3427.62739241 1513.26510037],[3429.92958774 1764.42860891]
DJI_20250430101902_0405_D:[1688.31539172 2081.88899995],[1689.01121796 1829.93947698],[2249.35197233 1868.56323237],[2248.88201016 2121.86588656]
DJI_20250430101900_0404_D:[1692.44754249 1764.66830892],[1693.87336168 1516.06664129],[2247.43204933 1551.65614995],[2246.88325302 1801.72178638]
DJI_20250430101904_0406_D:[1634.11460682 2386.93618088],[1634.33020441 2131.68940923],[2202.51191398 2174.16013389],[2201.83888984 2430.76261105]
58
DJI_20250430101900_0404_D:[2132.83718914 2001.8737602 ],[2133.14582239 1752.32987259],[2690.32801737 1789.9941171 ],[2690.3033206  2039.91154136]
DJI_20250430101902_0405_D:[2133.76390645 2322.48019862],[2133.85508626 2070.44063177],[2697.14332101 2109.7674547 ],[2696.67914356 2362.03694632]
DJI_20250430102110_0469_D:[2560.74340948 1865.91888032],[2564.37278111 2119.58284113],[2000.32143236 2088.72311263],[1996.99905764 1836.256582  ]
DJI_20250430101858_0403_D:[2122.46026082 1695.95371372],[2123.53188694 1444.90638159],[2685.02875652 1482.76398882],[2684.8612258 1734.3293487]
DJI_20250430102108_0468_D:[2584.64129008 1540.83228144],[2588.55312422 1796.1605126 ],[2019.22504534 1767.18625431],[2016.36588441 1513.16235504]
DJI_20250430102112_0470_D:[2561.7143795  2174.21812887],[2564.75829627 2426.35652033],[2003.75282972 2392.89300142],[2000.35136336 2141.82386549]
DJI_20250430101904_0406_D:[2085.3551966  2631.64981923],[2085.45302824 2377.10882279],[2656.476      2419.00032939],[2655.30803148 2673.71757356]
DJI_20250430101856_0402_D:[2120.99888691 1419.61855696],[2122.95728713 1168.76678993],[2686.26164219 1206.90132044],[2685.81831475 1458.41012767]
DJI_20250430102114_0471_D:[2539.09719185 2464.57201506],[2541.94355059 2715.65484079],[1981.64181985 2680.16936474],[1977.79166843 2430.092933  ]
DJI_20250430102106_0467_D:[2563.19562753 1152.59410334],[2567.84218113 1408.30436988],[1993.55661026 1383.04463387],[1990.94560977 1128.8846307 ]
59
DJI_20250430102238_0513_D:[2620.13857251 2127.76557761],[2619.05705196 1873.14545539],[3186.36143807 1909.38787607],[3187.41455257 2163.38107175]
DJI_20250430102112_0470_D:[3261.07548344 2008.94335523],[3263.95322771 2263.39004557],[2695.4964634  2232.09447601],[2692.47967577 1977.21862846]
DJI_20250430102110_0469_D:[3262.17479219 1695.96070223],[3266.48445273 1951.35735174],[2695.26274506 1920.8532579 ],[2691.50261344 1665.14133958]
DJI_20250430102236_0512_D:[2656.99027214 1826.90506338],[2655.98815677 1572.9523948 ],[3221.91155087 1610.20655094],[3223.56302935 1863.54089277]
DJI_20250430102240_0514_D:[2613.43270656 2442.69584358],[2612.45810127 2189.365724  ],[3178.24590808 2225.01166034],[3178.41473301 2477.5873039 ]
DJI_20250430102114_0471_D:[3239.27420998 2302.75517683],[3241.11884677 2556.74920964],[2672.61699934 2525.19590532],[2669.96745276 2270.69654024]
DJI_20250430102108_0468_D:[3290.77395574 1367.08286945],[3296.34018418 1623.41681049],[2720.52628304 1592.80823331],[2716.28871924 1336.22417331]
DJI_20250430102234_0511_D:[2667.99391714 1531.30678098],[2666.87528822 1279.56154098],[3229.96481052 1317.22460919],[3232.43761673 1568.47284198]
DJI_20250430102242_0515_D:[2610.82975716 2756.52931887],[2609.78212865 2504.90285867],[3174.99595422 2539.57073587],[3174.48990244 2790.32034156]
DJI_20250430102116_0472_D:[3191.68514208 2604.37011778],[3192.41796    2858.37254531],[2621.19148454 2825.84266121],[2618.96937962 2571.28058009]
60
DJI_20250430101858_0403_D:[2009.54832323 2078.35431946],[2009.87309052 1824.31333243],[2576.87475969 1863.13448295],[2576.6214252  2117.77509369]
DJI_20250430102112_0470_D:[2664.76733931 1788.86721375],[2667.81430995 2043.64698711],[2100.27872905 2011.6087221 ],[2097.71753966 1757.84542381]
DJI_20250430102114_0471_D:[2642.48616822 2081.99249924],[2645.18357493 2337.05525116],[2077.31518287 2303.14036264],[2074.44851533 2049.03509933]
DJI_20250430101856_0402_D:[2006.06567628 1800.94673858],[2007.40052687 1545.8435568 ],[2577.1443367  1584.87025688],[2576.4924595  1840.71179414]
DJI_20250430101900_0404_D:[2022.30228467 2382.78371278],[2021.7588959  2131.57850031],[2583.46281682 2170.28550123],[2583.46262938 2421.94383278]
DJI_20250430102110_0469_D:[2663.18386634 1476.86047417],[2666.936043   1731.78632977],[2097.30724179 1702.294777  ],[2094.73152858 1448.50800373]
DJI_20250430102116_0472_D:[2591.67077948 2381.8450293 ],[2593.93519257 2637.65717564],[2023.41762524 2601.07179625],[2020.321055   2346.21060708]
DJI_20250430101854_0401_D:[2031.63732774 1475.07652822],[2033.32882928 1220.54541886],[2604.27363197 1257.84978556],[2604.05992795 1513.2114484 ]
DJI_20250430101902_0405_D:[2022.71904833 2707.79304676],[2021.78849725 2455.49794963],[2588.69757365 2495.99129697],[2588.37666262 2748.59743455]
DJI_20250430102108_0468_D:[2687.45920086 1148.02279074],[2691.66463565 1403.04656363],[2117.85235762 1375.31796382],[2115.61284484 1121.53400037]