1
DJI_20250520111435_0359_D:[1967.65904234 2087.79334327],[1952.74969446 2383.73073663],[1287.53903414 2303.79363836],[1300.30332973 2005.72593374]
DJI_20250520111432_0358_D:[2007.6474679  1483.17718794],[1989.1119235  1761.29589167],[1379.39825894 1682.06798188],[1399.0542742  1406.49234867]
DJI_20250520111437_0360_D:[1912.44399871 2492.4878457 ],[1896.22582446 2770.2017969 ],[1283.46204447 2679.76960468],[1297.19456464 2403.59474384]
DJI_20250520111430_0357_D:[2063.16499872 1025.73063382],[2044.11761364 1298.28629174],[1441.1693471  1224.75185907],[1462.50261032  955.09657799]
DJI_20250520112136_0528_D:[2768.41015326 3621.36477713],[2640.82357561 3902.32438945],[2056.95020726 3564.7155067 ],[2202.39740638 3312.10405421]
DJI_20250520111440_0361_D:[1840.21205031 2893.79268078],[1825.5858687  3163.54523723],[1224.25567972 3069.82910318],[1235.21756377 2801.56702945]
DJI_20250520111427_0356_D:[2125.42544622  573.85228446],[2105.923004    841.77297554],[1503.38248509  773.64766781],[1526.45922242  509.08972148]
DJI_20250520111650_0413_D:[3987.9786196  2602.49160405],[4008.78603463 2321.75630669],[4599.43947667 2397.49013002],[4577.3507388  2672.87405487]
DJI_20250520111647_0412_D:[4076.93149152 2126.90107278],[4094.8468813  1843.42554086],[4685.74931706 1928.79857758],[4668.14412778 2207.0449092 ]
DJI_20250520110744_0192_D:[4660.51804517 1978.97525184],[4652.16482687 2253.30073965],[4066.96228104 2201.638611  ],[4074.63540139 1922.19560769]
2
DJI_20250520111435_0359_D:[2761.85096949 1931.43633192],[2744.53689964 2221.45714891],[2094.22372902 2144.05593175],[2110.14709321 1849.57243809]
DJI_20250520111432_0358_D:[2758.38581914 1347.87707899],[2741.36452244 1623.08368593],[2126.60698488 1542.65757644],[2145.23446338 1267.99804511]
DJI_20250520111437_0360_D:[2672.49704535 2351.90270947],[2653.25229006 2629.28091354],[2033.4951873  2544.91736271],[2050.84565554 2267.02541022]
DJI_20250520111647_0412_D:[3313.29734727 2268.96072848],[3332.46542284 1984.25996331],[3952.09828713 2068.56033592],[3932.70534089 2350.34630754]
DJI_20250520111440_0361_D:[2590.29999815 2756.29086111],[2571.1484378  3027.10486196],[1960.20365164 2942.35991515],[1976.34779834 2671.00393035]
DJI_20250520111430_0357_D:[2803.68600475  896.14692791],[2787.60447405 1165.04280168],[2180.18821142 1087.06718176],[2198.9767445   819.11609994]
DJI_20250520111800_0442_D:[1235.38719266 1573.00652701],[1217.99863339 1896.35417961],[ 490.88640742 1805.61128213],[ 508.17588598 1479.56191212]
DJI_20250520111645_0411_D:[3355.57448737 1773.43798311],[3372.09994461 1490.68877655],[3987.64605856 1577.62627908],[3972.35420541 1857.7436467 ]
DJI_20250520111650_0413_D:[3228.6067246 2744.2246465],[3248.69445289 2463.71155577],[3864.91494775 2542.23562362],[3843.16900474 2819.71130109]
DJI_20250520111803_0443_D:[1268.41552468 2106.9217958 ],[1255.44254547 2416.47585573],[ 569.53107795 2328.9107928 ],[ 579.6983056  2019.06458492]
3
DJI_20250520111435_0359_D:[1754.97015591 1586.88898739],[1739.1271895  1877.53071732],[1091.46598861 1796.70039116],[1106.948227   1505.21741362]
DJI_20250520111437_0360_D:[1727.27330959 2008.52990081],[1710.28683872 2281.76901413],[1116.89040762 2196.22752148],[1132.83325004 1925.38000922]
DJI_20250520112138_0529_D:[2663.93556948 3594.08952165],[2536.49633898 3862.92597583],[1980.11912787 3537.46653358],[2123.55257828 3295.23281314]
DJI_20250520111432_0358_D:[1827.06970881 1041.05504571],[1807.29197899 1307.54161568],[1222.36586775 1236.2719469 ],[1244.39360836  973.08362747]
DJI_20250520111440_0361_D:[1657.76095574 2407.18083279],[1642.41039793 2675.31011193],[1058.29411636 2585.73603585],[1071.4929981  2319.89427667]
DJI_20250520110746_0193_D:[4369.70249892 1972.80315373],[4361.76655273 2243.56605566],[3774.74669028 2190.94009348],[3782.16716134 1916.2281961 ]
DJI_20250520110748_0194_D:[4331.41181434 2400.6603793 ],[4320.47752928 2670.32298502],[3733.24866632 2624.44295233],[3742.52809821 2350.51535921]
DJI_20250520110744_0192_D:[4401.32432554 1527.92302132],[4397.17620473 1796.70335839],[3813.83306537 1738.47006347],[3818.68068066 1465.96273542]
DJI_20250520111442_0362_D:[1640.36580265 2815.50426836],[1626.81731012 3077.09055533],[1050.96689609 2983.73604233],[1061.26611018 2724.28973737]
DJI_20250520111430_0357_D:[1885.05811288  608.86138302],[1864.6385987   867.69220793],[1287.81356792  803.28106438],[1311.58687574  548.14621775]
4
DJI_20250520111435_0359_D:[2256.62177251 1396.23469779],[2239.64909169 1688.65182566],[1583.18123492 1604.85364959],[1600.41430138 1310.1179031 ]
DJI_20250520111437_0360_D:[2195.65629343 1834.92187003],[2177.06706992 2113.10802893],[1564.22796899 2028.11684834],[1582.29980774 1751.23271225]
DJI_20250520111440_0361_D:[2119.00618963 2243.38152973],[2101.15199596 2517.52856555],[1496.16798204 2430.12977313],[1512.36695963 2157.19407949]
DJI_20250520111442_0362_D:[2095.21320615 2662.56195162],[2078.34156586 2931.08070682],[1480.69586043 2841.56581805],[1494.81674227 2574.0864565 ]
DJI_20250520111432_0358_D:[2288.07640638  856.20462968],[2269.40729915 1124.4876013 ],[1667.75321269 1050.2589467 ],[1689.27903285  784.25326181]
DJI_20250520112138_0529_D:[3203.09555005 3583.71805765],[3099.15053696 3856.73789682],[2505.92704096 3536.9063182 ],[2629.78204152 3289.39219754]
DJI_20250520111640_0409_D:[3969.38544116 1261.61252581],[3982.92722367  968.15441492],[4641.12625927 1059.11295012],[4631.86957977 1353.20902091]
DJI_20250520111645_0411_D:[3825.12606218 2290.93972788],[3843.18038502 2011.47259533],[4435.62021673 2091.29076549],[4417.3344504  2366.26440639]
DJI_20250520111642_0410_D:[3851.77694611 1825.616302  ],[3868.1468148  1549.54300794],[4455.52364087 1639.41754357],[4440.6309922  1911.75139575]
DJI_20250520111445_0363_D:[2051.43047179 3074.53568728],[2035.76224225 3335.13308683],[1446.99899654 3243.64548793],[1458.79012658 2983.88206473]
5
DJI_20250520111437_0360_D:[2753.6862906  1704.80645769],[2734.4118468  1986.06916227],[2109.2084523  1900.53563551],[2128.4169768  1619.15043607]
DJI_20250520111440_0361_D:[2671.38558691 2120.01507862],[2651.72230673 2398.23709012],[2032.66978753 2312.37883941],[2051.0797751  2033.98008716]
DJI_20250520111435_0359_D:[2840.33703115 1257.45592177],[2823.41965623 1548.99837755],[2169.91138091 1461.17083006],[2187.57051761 1165.60336459]
DJI_20250520111442_0362_D:[2642.0316694 2546.9478096],[2622.32789798 2820.3544146 ],[2009.62228484 2734.47128044],[2026.93788674 2460.73747234]
DJI_20250520111640_0409_D:[3374.69295223 1393.18857659],[3392.69203355 1095.98974698],[4067.48623011 1181.67086544],[4052.62663442 1481.95960662]
DJI_20250520111642_0410_D:[3310.721756   1951.21481647],[3329.40248639 1669.12738519],[3944.38365458 1758.00366792],[3926.76450677 2037.74130663]
DJI_20250520111645_0411_D:[3279.51858477 2430.6093001 ],[3298.37020099 2145.99994307],[3918.75726499 2226.91418707],[3899.21896387 2508.42656385]
DJI_20250520111803_0443_D:[1344.15473855 1382.8329496 ],[1325.790442   1697.07788029],[ 631.91418515 1608.75633943],[ 650.7901598  1294.88520429]
DJI_20250520111432_0358_D:[2832.5001374   719.11966774],[2816.37341247  987.95427225],[2204.30510066  908.49730912],[2223.80825227  640.61974454]
DJI_20250520111800_0442_D:[1324.37280133  826.38846562],[1301.26643252 1147.58521347],[ 573.30929555 1050.72027856],[600.72484535 728.61558248]
6
DJI_20250520111642_0410_D:[2704.22769255 2102.16216305],[2724.26191627 1818.0835648 ],[3353.10396968 1906.00404153],[3333.6135934  2189.31874772]
DJI_20250520111440_0361_D:[3269.49011026 1971.26616633],[3249.1064097  2249.48047865],[2630.87062286 2165.05888863],[2650.54054453 1885.13789577]
DJI_20250520111437_0360_D:[3353.99109588 1555.70976056],[3335.27005065 1835.6734538 ],[2713.20498312 1749.22785421],[2732.40566475 1467.58185321]
DJI_20250520111640_0409_D:[2728.90401634 1557.30502752],[2750.05207923 1261.41789074],[3419.35494577 1343.41101505],[3400.37083696 1644.47928276]
DJI_20250520111645_0411_D:[2669.457407   2588.84296281],[2687.88384799 2303.43456861],[3322.17734638 2385.92712008],[3302.50574667 2669.86576054]
DJI_20250520111442_0362_D:[3236.68589795 2399.86539691],[3215.09002633 2674.40703931],[2601.70854361 2592.30581294],[2621.44125343 2315.9396113 ]
DJI_20250520111803_0443_D:[2017.94876134 1212.39681056],[1998.62272038 1524.47131534],[1296.30199389 1432.17751937],[1316.58697633 1117.82067068]
DJI_20250520111806_0444_D:[2013.53331214 1797.09690595],[1993.30471314 2093.18081395],[1342.15489415 2001.80733047],[1362.01125083 1707.16132872]
DJI_20250520111808_0445_D:[1951.53420904 2239.62608448],[1932.93876331 2531.83902713],[1288.88450478 2438.79181554],[1305.65036848 2147.82904291]
DJI_20250520111637_0408_D:[2789.95457914 1084.26401126],[2811.45125728  795.94802165],[3466.50746913  881.30593139],[3448.04935575 1172.50784338]
7
DJI_20250520111642_0410_D:[2224.41459315 2248.75333442],[2244.37778822 1967.94094145],[2868.77135588 2055.00700627],[2848.82757684 2336.29244909]
DJI_20250520111806_0444_D:[2518.83596073 1643.96036049],[2498.30712337 1936.7783826 ],[1847.46502642 1846.63579776],[1868.21078303 1553.79277868]
DJI_20250520111808_0445_D:[2453.6829328  2082.96121675],[2433.57886498 2373.3007709 ],[1787.94011606 2283.68829558],[1806.85697439 1993.16320224]
DJI_20250520111640_0409_D:[2236.25766276 1721.34804347],[2258.40188433 1431.51978922],[2905.60334581 1512.03883396],[2884.80015065 1808.26071813]
DJI_20250520111803_0443_D:[2543.89425894 1061.11408376],[2525.12210947 1365.39211123],[1838.21132567 1269.81166158],[1858.42437719  961.62952814]
DJI_20250520111645_0411_D:[2188.61276934 2732.4446399 ],[2205.57179044 2451.51765345],[2834.96525132 2535.23112286],[2816.27902456 2815.97452073]
DJI_20250520111637_0408_D:[2296.99585857 1249.38325994],[2320.23877305  964.36387007],[2962.16175461 1045.02388721],[2941.11423457 1334.25450098]
DJI_20250520111440_0361_D:[3724.77865339 1826.04844796],[3705.03991959 2099.7254049 ],[3101.91376871 2016.21029098],[3121.46239409 1739.73849863]
DJI_20250520111811_0446_D:[2414.97157357 2577.15017042],[2395.28623662 2865.97726285],[1747.32722395 2776.0967387 ],[1764.33025874 2486.7280306 ]
DJI_20250520111442_0362_D:[3691.8460232 2249.0636519],[3670.00640042 2520.24135626],[3070.23831036 2440.77498563],[3090.77554351 2166.69976395]
8
DJI_20250520111808_0445_D:[2941.18276692 1930.86115257],[2920.35420949 2221.42258325],[2273.1908587  2132.79275075],[2293.40615308 1840.71459073]
DJI_20250520111806_0444_D:[3008.07047652 1492.30555957],[2987.96733848 1784.05695194],[2337.39028166 1692.82463201],[2358.28310713 1399.70599405]
DJI_20250520111811_0446_D:[2905.68738756 2424.39474426],[2884.10127013 2714.65645589],[2233.55401529 2628.11729904],[2253.06038315 2335.94130422]
DJI_20250520111642_0410_D:[1757.12363059 2393.39231016],[1776.38300789 2113.7612366 ],[2397.03942702 2202.04830212],[2377.27693216 2483.3417747 ]
DJI_20250520111803_0443_D:[3045.30323175  911.03442626],[3027.8288141  1210.07471624],[2355.95621107 1109.05688458],[2375.37595651  804.71871011]
DJI_20250520112008_0493_D:[3188.68731209 1698.26931063],[3207.36261943 1406.5409424 ],[3850.27621295 1498.85270507],[3833.51575963 1789.25001248]
DJI_20250520111640_0409_D:[1763.47423022 1874.4531207 ],[1785.84798853 1588.3714262 ],[2412.58859152 1669.6433408 ],[2390.89073647 1963.26608079]
DJI_20250520111813_0447_D:[2851.26133241 2824.89961158],[2829.07676365 3110.82488046],[2180.79284514 3026.24148835],[2199.59983118 2738.07922261]
DJI_20250520111637_0408_D:[1820.16063528 1402.58407537],[1844.36356588 1118.88677245],[2473.89439122 1197.27228092],[2451.22006931 1486.44385141]
DJI_20250520111645_0411_D:[1721.54421218 2877.89344466],[1736.39312397 2599.3936815 ],[2361.5300872  2686.35032552],[2344.42610138 2965.88608086]
9
DJI_20250520111442_0362_D:[2622.09425961 1686.19018998],[2602.57867284 1960.84344145],[1993.48812298 1875.7931273 ],[2012.98358993 1601.67177086]
DJI_20250520111445_0363_D:[2572.52189006 2114.25476057],[2552.89006778 2386.57869849],[1948.21959836 2300.59874594],[1966.68265538 2028.56238204]
DJI_20250520111440_0361_D:[2649.89580677 1259.85698238],[2630.60694349 1534.45970799],[2018.72377841 1450.24430001],[2039.1405412  1176.34663459]
DJI_20250520111640_0409_D:[3394.84745133 2330.53630974],[3416.29983585 2031.15406173],[4087.69170243 2124.58339581],[4065.89162635 2426.05423302]
DJI_20250520111447_0364_D:[2512.23603975 2544.21477535],[2493.24812546 2813.77237201],[1890.60831375 2727.64996202],[1907.33942952 2458.22849873]
DJI_20250520111637_0408_D:[3438.99061406 1848.26596139],[3460.10294773 1555.57038417],[4108.61629185 1649.60721823],[4088.25802387 1942.40356865]
DJI_20250520111437_0360_D:[2728.60622932  850.78066012],[2710.08505392 1123.49600906],[2095.63925559 1040.12930095],[2116.49242438  768.22177894]
DJI_20250520111450_0365_D:[2488.92855413 2940.85035883],[2470.41339267 3205.33598969],[1871.86744226 3119.09745504],[1887.11513456 2854.52448692]
DJI_20250520111642_0410_D:[3319.77339131 2817.51781559],[3341.01489472 2540.84685996],[3946.40931443 2620.05758142],[3923.72674957 2893.49078575]
DJI_20250520111635_0407_D:[3449.61103938 1384.02662652],[3466.99835778 1106.12756543],[4076.75455124 1201.00278164],[4061.77412696 1476.96802731]
10
DJI_20250520111445_0363_D:[3142.81855112 1991.25073789],[3122.21072601 2266.19859266],[2510.77986677 2181.01542386],[2530.64500974 1904.9352812 ]
DJI_20250520111637_0408_D:[2830.3760459 1978.6307475],[2852.74800593 1683.92536976],[3511.38773303 1777.45050173],[3489.1458837  2074.12574036]
DJI_20250520111640_0409_D:[2773.29410295 2465.04979808],[2795.05932951 2166.51435822],[3466.84566408 2263.05402868],[3444.17494617 2565.66206321]
DJI_20250520111442_0362_D:[3194.70136857 1559.02909154],[3175.38908408 1835.37655425],[2560.63015061 1748.88337853],[2580.3874601  1471.63175166]
DJI_20250520111447_0364_D:[3081.94790907 2424.84878656],[3060.86930578 2697.94055893],[2450.05237379 2614.90290966],[2469.26316814 2340.52457204]
DJI_20250520111635_0407_D:[2869.83208421 1503.47838078],[2890.04876895 1220.30930598],[3519.88365988 1311.90472833],[3501.61521503 1594.70444522]
DJI_20250520111440_0361_D:[3222.93823436 1130.59625374],[3205.00786553 1405.82981194],[2588.77986791 1317.87588912],[2608.33374817 1041.90347147]
DJI_20250520111642_0410_D:[2745.27183698 2955.75121581],[2765.65125863 2676.58411599],[3389.24190897 2760.17681274],[3366.92783174 3037.57335334]
DJI_20250520111811_0446_D:[1864.92865232 1840.748374  ],[1844.87759496 2136.2648552 ],[1198.49304467 2044.3253841 ],[1218.03715246 1750.80092401]
DJI_20250520111450_0365_D:[3055.93295005 2826.70332553],[3034.32578212 3095.4095744 ],[2426.89533176 3014.37708537],[2445.59366373 2744.15627019]
11
DJI_20250520111445_0363_D:[2139.03933488 1659.39580356],[2119.39547333 1932.28207588],[1520.58449061 1847.51530019],[1540.19516071 1576.5070017 ]
DJI_20250520111447_0364_D:[2077.61549032 2090.09373382],[2059.24099017 2362.4842699 ],[1461.4655546  2275.38632345],[1478.72041279 2004.71794825]
DJI_20250520111442_0362_D:[2186.95645104 1232.10410422],[2166.73444329 1504.88442789],[1565.00832104 1423.40939542],[1586.3702235  1152.78391781]
DJI_20250520111450_0365_D:[2055.05965592 2490.86189915],[2037.79505812 2760.35180008],[1442.70746745 2670.94009247],[1457.8360396  2402.93373413]
DJI_20250520111440_0361_D:[2214.25574387  809.72860161],[2193.52697804 1080.07666367],[1590.3881157 1001.7392693],[1613.45786553  733.79728458]
DJI_20250520111640_0409_D:[3870.69672393 2830.33904138],[3895.14243795 2531.48395856],[4558.86809886 2623.95802787],[4531.92575096 2922.02106507]
DJI_20250520111637_0408_D:[3900.59998066 2338.22924529],[3923.85891606 2045.34916871],[4560.21150033 2138.11380408],[4536.14224426 2428.83879897]
DJI_20250520111452_0366_D:[2052.5075712  2799.01185631],[2035.62930756 3064.04939888],[1445.23910763 2972.22158923],[1459.18739792 2708.43825852]
DJI_20250520111635_0407_D:[3890.88991046 1853.60531177],[3909.04683986 1574.15471392],[4503.39231935 1666.44817542],[4486.38718598 1942.15915872]
DJI_20250520111437_0360_D:[2291.88234097  407.23016742],[2271.22860652  673.24723612],[1666.46801649  597.97380167],[1690.76749777  334.62597953]
12
DJI_20250520110755_0197_D:[3802.04057528 1666.83172212],[3796.36931257 1947.22802952],[3175.60639332 1888.81684106],[3181.88051136 1606.07087676]
DJI_20250520110759_0198_D:[3748.73806357 2379.11998607],[3738.82048723 2656.51139489],[3122.58939306 2605.13344903],[3130.80553904 2324.90271089]
DJI_20250520110753_0196_D:[3824.01992814 1290.5946427 ],[3820.63660698 1570.61370575],[3197.36060444 1508.85617064],[3202.47944724 1226.66992562]
DJI_20250520110801_0199_D:[3718.00489094 2924.17525515],[3705.56598772 3199.14886327],[3083.94874131 3151.26383664],[3092.85078691 2873.69988799]
DJI_20250520112148_0533_D:[2794.86366279 3539.67794245],[2669.22805062 3817.91848532],[2082.54574755 3484.78457038],[2226.72500562 3234.87099953]
DJI_20250520110751_0195_D:[3845.75604717  842.83536117],[3845.2689154  1119.59473505],[3220.85228219 1054.52510713],[3224.46599531  775.94028766]
DJI_20250520110621_0158_D:[ 815.87566833 1941.99355924],[ 823.58932857 1654.25752895],[1444.4854967  1706.46401005],[1437.60089929 1999.41573671]
DJI_20250520110623_0159_D:[ 796.9177224  2279.65252824],[ 800.37518708 1992.41310827],[1420.60206274 2048.0584995 ],[1416.87675645 2340.29896172]
DJI_20250520110619_0157_D:[ 858.59915683 1497.27307856],[ 870.54644081 1213.80357089],[1486.08936159 1258.50352663],[1476.41319103 1547.3205269 ]
DJI_20250520110748_0194_D:[3826.85552663  460.79470661],[3828.40976935  730.43971963],[3208.86332806  662.76791585],[3211.61567378  391.56373124]
13
DJI_20250520112148_0533_D:[3351.29446985 3615.87102134],[3251.72958882 3899.74235357],[2630.5311124  3571.36152335],[2752.32733578 3313.9163189 ]
DJI_20250520110759_0198_D:[4222.93786188 2235.01277732],[4212.97789362 2508.92055682],[3615.3623308  2459.60450842],[3624.01049306 2181.56990094]
DJI_20250520110755_0197_D:[4273.78845447 1534.06363876],[4269.91819976 1809.32970869],[3669.22202251 1749.71654213],[3674.06247897 1470.79272902]
DJI_20250520111447_0364_D:[1548.23695626 1629.71889844],[1528.6707562  1905.73829189],[ 938.124583  1821.5754622],[ 957.7337861  1549.31260769]
DJI_20250520111450_0365_D:[1524.05157791 2035.98078688],[1506.48000853 2311.24636448],[ 917.29549671 2221.93784276],[ 933.80538096 1950.16215875]
DJI_20250520111445_0363_D:[1613.84219793 1196.55444446],[1592.13488391 1470.73261884],[1001.39436591 1391.75949491],[1024.3378428  1121.54136723]
DJI_20250520111452_0366_D:[1523.60228166 2350.79525724],[1507.12824249 2623.21153051],[ 921.34099518 2529.24355996],[ 935.88256102 2260.054021  ]
DJI_20250520110801_0199_D:[4202.31425115 2772.08040673],[4188.36930782 3045.25300015],[3582.64437582 3002.54994632],[3593.41135667 2725.37509383]
DJI_20250520110753_0196_D:[4294.31751435 1164.91147921],[4293.67935039 1438.90610893],[3691.52998743 1374.1194629 ],[3694.29884243 1096.59328024]
DJI_20250520111442_0362_D:[1663.21985157  769.01140793],[1639.94238206 1040.41663877],[1048.0221193   967.95786319],[1073.89989602  700.96269871]
14
DJI_20250520110759_0198_D:[3320.05752645 1929.42122841],[3312.7576407  2207.35888758],[2693.58588867 2150.84896527],[2700.51421212 1871.67211065]
DJI_20250520110801_0199_D:[3286.96012044 2469.96735707],[3278.40798152 2748.73010954],[2653.27771321 2693.58348051],[2659.78489732 2413.95732908]
DJI_20250520110755_0197_D:[3367.24269873 1222.95835719],[3362.65585625 1499.18456702],[2742.55547463 1439.79458079],[2749.02238208 1162.83891497]
DJI_20250520110619_0157_D:[1293.77413264 1956.729096  ],[1301.24671157 1670.53896657],[1931.21222982 1724.87114767],[1924.4669435  2014.51680855]
DJI_20250520110621_0158_D:[1259.14090585 2403.69978441],[1263.35068626 2116.18690647],[1897.01165182 2175.37882113],[1892.15465874 2466.19853196]
DJI_20250520110753_0196_D:[3385.7971766   852.40987109],[3382.73786068 1126.01350416],[2761.65547667 1065.39127331],[2767.70336874  791.25200777]
DJI_20250520110804_0200_D:[3242.22821101 2927.51451843],[3231.49911181 3198.2708339 ],[2615.89188641 3144.37464514],[2623.21734198 2872.14438523]
DJI_20250520110616_0156_D:[1272.70233332 1503.07612195],[1282.61606512 1221.67816739],[1904.06907124 1268.76905541],[1896.17839289 1554.02378676]
DJI_20250520110623_0159_D:[1244.14428236 2735.96867773],[1244.9036639  2451.16526555],[1876.34779002 2511.57594611],[1873.89890822 2799.4778148 ]
DJI_20250520110614_0155_D:[1321.86284923 1062.35483746],[1333.26885305  787.24081348],[1948.7500819   826.33652572],[1940.67246703 1105.37884911]
15
DJI_20250520110619_0157_D:[2028.6718439  2239.01439174],[2034.75747382 1947.31291943],[2685.50142044 2005.52818479],[2679.25621792 2298.21319705]
DJI_20250520110759_0198_D:[2596.88704239 1655.21044394],[2589.94403112 1935.808376  ],[1966.27618326 1878.00195983],[1973.65711184 1598.41376685]
DJI_20250520110616_0156_D:[1998.39459854 1773.1626846 ],[2005.42028498 1484.4936782 ],[2649.90848129 1539.43580258],[2644.07258293 1829.57191135]
DJI_20250520110801_0199_D:[2554.16963463 2198.66398151],[2547.8779102  2481.24752887],[1920.82964686 2421.23886515],[1925.91307484 2140.11673529]
DJI_20250520110621_0158_D:[1997.91163876 2693.26282917],[2002.26364976 2401.83221667],[2656.26756367 2461.15673581],[2650.31587    2753.35047633]
DJI_20250520110614_0155_D:[2042.2538136  1317.61484243],[2049.31747958 1033.95075745],[2687.71031751 1084.31977834],[2683.13644007 1369.52698086]
DJI_20250520110804_0200_D:[2519.32333728 2663.27002218],[2512.39316349 2939.81814004],[1892.08507246 2876.9957908 ],[1896.39243736 2601.23229847]
DJI_20250520110623_0159_D:[1980.6979296  3025.12101538],[1982.77022961 2737.750634  ],[2633.63926986 2795.33960248],[2628.90219818 3083.26044598]
DJI_20250520110432_0113_D:[3911.02166738 1926.64577742],[3909.06183931 2204.73302441],[3294.75606359 2162.14793104],[3296.20436332 1881.40547718]
DJI_20250520110755_0197_D:[2645.76024016  946.28125777],[2638.96881072 1222.34555241],[2016.53777614 1167.46195053],[2026.05030611  892.91483635]
16
DJI_20250520110830_0211_D:[3034.0237968  2031.17916832],[3022.94853766 2310.99589989],[2399.33313879 2245.34584817],[2409.65097726 1965.17251602]
DJI_20250520110827_0210_D:[3098.25582408 1540.34337976],[3089.01812632 1820.07233338],[2465.02616791 1755.87176408],[2474.91554869 1476.19923698]
DJI_20250520110833_0212_D:[3024.71968624 2451.87949444],[3012.37898399 2726.66310307],[2396.33628036 2661.59822472],[2406.69780133 2385.98334115]
DJI_20250520110825_0209_D:[3107.07789351 1186.40609988],[3099.08195437 1464.23544049],[2475.72076089 1401.05712163],[2485.39942884 1123.54016317]
DJI_20250520110547_0144_D:[1509.90135201 2056.779832  ],[1514.55605573 1766.05411926],[2158.99161406 1819.61333038],[2154.3502187  2112.83876987]
DJI_20250520110544_0143_D:[1561.37000059 1596.48139183],[1568.74591401 1307.258106  ],[2211.93479759 1357.16837641],[2206.07266886 1649.14010945]
DJI_20250520110549_0145_D:[1470.77881038 2535.3822312 ],[1473.03226962 2247.94486141],[2112.95514204 2306.12904388],[2109.20167513 2595.78296249]
DJI_20250520110835_0213_D:[2979.00319383 2785.27637798],[2966.84466205 3054.48476996],[2358.27589734 2991.53230127],[2367.703309   2721.39701125]
DJI_20250520110823_0208_D:[3151.51444458  760.81356288],[3145.32213303 1034.6710605 ],[2522.57407189  972.56644536],[2531.75814037  699.16736264]
DJI_20250520110542_0142_D:[1589.15441071 1157.26153944],[1598.74553519  872.42181129],[2238.27601563  918.18117098],[2231.5744149  1206.02361133]
17
DJI_20250520111235_0310_D:[3163.21043606 2135.88351106],[3179.88973043 1858.59674216],[3784.17965319 1937.70960387],[3767.36412516 2212.02765725]
DJI_20250520111237_0311_D:[3121.3161971  2530.65800167],[3138.7977616  2253.94613073],[3745.41006062 2328.99226549],[3726.68965845 2602.67957615]
DJI_20250520111232_0309_D:[3245.30823971 1590.53650457],[3259.7464333  1307.24815098],[3883.98958307 1389.38325473],[3871.0296853  1671.21409618]
DJI_20250520110830_0211_D:[4148.22331507 1943.68104137],[4136.74258702 2220.1926677 ],[3532.40956299 2157.78226853],[3543.41931485 1877.73092913]
DJI_20250520111240_0312_D:[3086.19098324 2957.55129556],[3104.21359127 2682.87352046],[3712.6522836  2752.87227612],[3692.18625568 3024.20972502]
DJI_20250520111230_0308_D:[3262.19116958 1254.32969397],[3276.79142097  978.50536624],[3883.63558092 1067.05071818],[3871.27313246 1340.64952074]
DJI_20250520110827_0210_D:[4208.16796235 1456.32573635],[4201.21755117 1732.04129585],[3597.05656103 1665.43808642],[3604.97137429 1386.57071609]
DJI_20250520110833_0212_D:[4127.74284097 2362.2717373 ],[4112.70807212 2634.18132311],[3516.60687539 2577.01886905],[3529.94157677 2301.18486795]
DJI_20250520111524_0378_D:[1548.01745022 1754.84512524],[1528.77981771 2032.14628505],[ 939.48608714 1946.23282776],[ 958.53925149 1673.29409185]
DJI_20250520111525_0379_D:[1537.99878916 1868.6949033 ],[1519.3381309 2145.6177151],[ 930.88375221 2058.00570139],[ 949.03844775 1785.34954171]
18
DJI_20250520110833_0212_D:[2879.83835173 2009.41616634],[2868.44300621 2287.08763922],[2249.96184655 2220.32343184],[2260.60309405 1942.5732274 ]
DJI_20250520110830_0211_D:[2885.79899676 1584.49615157],[2875.44161974 1864.54246996],[2251.59248177 1798.66214771],[2262.45441679 1519.03278139]
DJI_20250520110835_0213_D:[2835.46816863 2349.62177681],[2824.32345008 2623.42937888],[2212.25198486 2558.08861053],[2221.85992664 2284.08456741]
DJI_20250520110544_0143_D:[1721.93145331 2056.76698909],[1726.99120973 1765.34020731],[2375.28689496 1819.83636254],[2370.29270039 2113.16576649]
DJI_20250520110542_0142_D:[1746.14055286 1613.64272297],[1753.13341705 1323.68051555],[2399.8877947  1375.23978176],[2394.32713584 1667.35574445]
DJI_20250520110827_0210_D:[2947.73444543 1098.29422958],[2939.03505703 1375.22973689],[2317.05103685 1312.26751874],[2327.65487239 1036.14311579]
DJI_20250520110547_0144_D:[1674.16127069 2516.12067206],[1676.75468494 2226.33597127],[2324.05841649 2283.23389365],[2320.02894458 2574.65469422]
DJI_20250520110838_0214_D:[2787.3584655  2761.20375742],[2775.31558457 3032.65483176],[2164.37394818 2963.51517945],[2173.92804364 2692.22405538]
DJI_20250520110539_0141_D:[1761.92573368 1164.28930286],[1770.08778549  879.8237168 ],[2410.56127679  926.00659223],[2405.20847631 1212.94517917]
DJI_20250520110825_0209_D:[2955.39205486  750.47896263],[2947.7245226  1023.34084672],[2328.02776169  962.39197546],[2338.62586006  690.58546795]
19
DJI_20250520110833_0212_D:[3756.13224435 1905.4034119 ],[3744.40308082 2180.59002426],[3136.24054071 2115.99882555],[3147.54853784 1838.35591972]
DJI_20250520110835_0213_D:[3705.40415845 2242.38584578],[3692.73424188 2514.42476584],[3089.6047155  2454.07793225],[3101.0598231  2179.52623403]
DJI_20250520110830_0211_D:[3767.64621788 1482.23462699],[3758.77883414 1759.21710222],[3144.72058445 1691.85714611],[3154.41683517 1412.85004598]
DJI_20250520110838_0214_D:[3663.35747726 2655.29853681],[3648.32685829 2926.419037  ],[3041.86479435 2865.96416567],[3054.69162035 2592.63818843]
DJI_20250520110827_0210_D:[3822.79837578  999.81289756],[3817.68556336 1272.87554122],[3206.03668296 1204.13416391],[3213.39728171  929.42993519]
DJI_20250520111232_0309_D:[3623.66518579 2071.58289729],[3639.2104976  1788.87173178],[4250.1519893  1868.02648204],[4234.70292719 2147.71627802]
DJI_20250520111205_0298_D:[2290.46914057 2888.00242735],[2278.11387286 3159.14360779],[1667.57311253 3079.37605208],[1676.4483076  2809.07125778]
DJI_20250520111230_0308_D:[3630.3073732  1730.57515818],[3645.55866946 1454.12206484],[4238.29383565 1539.44784876],[4223.99318444 1812.23037347]
DJI_20250520110840_0215_D:[3630.64654654 3036.69466611],[3613.34805321 3303.04400571],[3009.86279552 3245.31567833],[3023.78997476 2976.32979511]
DJI_20250520111235_0310_D:[3523.79090115 2596.91611095],[3542.14104603 2324.39570843],[4128.79254606 2395.7438488 ],[4109.1024713 2663.9516207]
20
DJI_20250520110835_0213_D:[3272.89791441 1981.08840137],[3261.72635778 2256.21107198],[2649.09898465 2191.85912177],[2659.75309606 1915.62154744]
DJI_20250520110833_0212_D:[3320.27547808 1638.95669524],[3309.54504637 1916.29367971],[2692.00805432 1849.24537242],[2703.03437317 1570.89024993]
DJI_20250520110838_0214_D:[3228.71494361 2394.60677624],[3215.84474545 2669.67000416],[2600.9991054  2603.66870405],[2612.39674294 2327.85929232]
DJI_20250520110830_0211_D:[3326.72679703 1213.50024411],[3318.00147949 1490.98888024],[2696.20656098 1423.59886234],[2706.51029515 1145.56571001]
DJI_20250520110840_0215_D:[3198.54038743 2780.63805597],[3184.19654209 3052.4509932 ],[2570.93098527 2986.93173645],[2582.65281336 2713.97957729]
DJI_20250520110542_0142_D:[1300.80251743 2012.03484864],[1306.18015647 1722.75536286],[1943.6704249 1776.0178036],[1938.53332879 2068.5747848 ]
DJI_20250520110544_0143_D:[1280.84550103 2450.88563109],[1283.2626154  2162.74593894],[1920.27657427 2220.70988242],[1916.7345919  2511.86324721]
DJI_20250520110539_0141_D:[1316.92763433 1562.51023252],[1324.50678939 1276.14967452],[1957.50703265 1322.34433769],[1951.56074051 1612.29878963]
DJI_20250520110827_0210_D:[3382.46796349  734.30791984],[3376.55726983 1006.08867092],[2758.50927515  940.01182981],[2767.40900177  668.06403255]
DJI_20250520110537_0140_D:[1349.9634938  1148.05847877],[1360.63876976  864.89301032],[1993.01511169  906.91287975],[1985.39905081 1193.89752701]
21
DJI_20250520111205_0298_D:[2775.89555388 2510.96520018],[2760.92821263 2786.99155818],[2142.10927419 2712.22689049],[2154.6989379  2436.01070707]
DJI_20250520111232_0309_D:[3129.01048188 2454.37126783],[3145.74996212 2172.16720821],[3768.25100151 2248.82947361],[3750.4250782  2529.14819558]
DJI_20250520111230_0308_D:[3145.5476473  2104.66056569],[3162.67215246 1826.30173869],[3770.89463506 1906.7833126 ],[3753.58603024 2182.50355591]
DJI_20250520111228_0307_D:[3209.61360237 1696.82093539],[3225.4608471  1417.94569427],[3836.2495109  1502.06637882],[3821.56736896 1778.77863783]
DJI_20250520111235_0310_D:[3043.80547007 2964.54538709],[3061.8984332  2694.47442793],[3660.59294037 2764.08469094],[3640.10310991 3030.85159929]
DJI_20250520111225_0306_D:[3276.71635696 1320.14374797],[3290.90137121 1046.15455456],[3894.72355309 1132.52450864],[3882.90831291 1404.59282212]
DJI_20250520110838_0214_D:[4125.2699532  2273.48382443],[4111.40694853 2544.8185839 ],[3515.97567556 2484.655855  ],[3528.71011041 2210.10959625]
DJI_20250520110835_0213_D:[4157.55931812 1865.00412228],[4146.8669792  2134.90063972],[3557.919437   2072.53053604],[3568.45424595 1799.14515069]
DJI_20250520110833_0212_D:[4208.05707545 1530.63907319],[4199.10645603 1801.89558554],[3607.04179498 1733.87972961],[3616.67091184 1459.16348657]
DJI_20250520110840_0215_D:[4095.81483022 2655.28653803],[4078.7260448  2923.97883521],[3484.99533965 2867.82513237],[3499.79948311 2595.49877804]
22
DJI_20250520111205_0298_D:[2378.8525779 2247.4038971],[2365.10667484 2526.52895893],[1746.56266222 2449.26710055],[1758.63125131 2171.30205266]
DJI_20250520110838_0214_D:[3749.23248836 2019.89516425],[3737.16478946 2295.08686844],[3127.83891769 2230.04739577],[3139.49297625 1952.9459157 ]
DJI_20250520110835_0213_D:[3784.81853777 1610.35247292],[3775.3412516 1883.2209312],[3171.8440424  1817.31457265],[3181.84206849 1542.19504277]
DJI_20250520110840_0215_D:[3722.12833448 2406.20754254],[3707.52414295 2680.20793539],[3098.53519923 2617.16731382],[3111.58577835 2340.86349149]
DJI_20250520110833_0212_D:[3833.06376601 1270.94205426],[3824.88734428 1544.24271625],[3218.31330478 1474.04233576],[3227.85577957 1198.55915981]
DJI_20250520110842_0216_D:[3679.1302326  2811.88553144],[3662.71389777 3080.3711591 ],[3059.65132575 3020.91609958],[3073.34842524 2749.95890914]
DJI_20250520110858_0222_D:[2384.94210005  803.87617484],[2398.903895   525.8903163],[3033.52182113  595.94514717],[3023.36858684  874.82044484]
DJI_20250520111228_0307_D:[3602.28945751 1966.29848209],[3618.42885732 1687.01694214],[4218.37198711 1769.60721581],[4202.70544119 2045.32986448]
DJI_20250520111230_0308_D:[3533.99148493 2371.07541673],[3552.17224542 2094.00595965],[4148.3385979  2170.77204855],[4129.29642065 2443.85957108]
DJI_20250520111232_0309_D:[3525.40495208 2722.47480227],[3543.79201383 2441.98081868],[4155.81159082 2514.23797089],[4135.53731786 2791.34008842]
23
DJI_20250520110838_0214_D:[3049.86319046 1751.88545749],[3038.56888703 2030.47989017],[2418.29718736 1962.63720697],[2429.90101911 1684.32449443]
DJI_20250520110840_0215_D:[3022.55996341 2141.32311146],[3009.9872195  2420.22429146],[2388.51898937 2351.1349632 ],[2400.24620041 2072.13684732]
DJI_20250520110835_0213_D:[3092.37243136 1341.40885072],[3082.65394164 1617.13761687],[2465.81655918 1550.87955807],[2476.78311081 1275.03237008]
DJI_20250520110842_0216_D:[2985.28762588 2555.42600732],[2972.17983908 2830.00785447],[2356.41687888 2761.45044645],[2367.50340687 2486.58139713]
DJI_20250520110537_0140_D:[1539.66732301 1808.59343972],[1546.05040605 1516.92111172],[2193.15764509 1568.70319598],[2187.72500422 1863.09363717]
DJI_20250520110539_0141_D:[1512.27611915 2226.78448501],[1515.9004447 1936.1576874],[2160.50525947 1990.69375339],[2156.43048408 2283.83274385]
DJI_20250520110833_0212_D:[3137.89272232  996.19075327],[3128.57377855 1271.4210898 ],[2508.47911966 1203.41790401],[2519.91420741  928.19672427]
DJI_20250520110542_0142_D:[1501.28470781 2680.31691479],[1503.02703262 2391.13806008],[2148.88241116 2451.00628356],[2145.25539031 2742.34035253]
DJI_20250520110534_0139_D:[1557.82272957 1396.53089453],[1566.12028335 1110.59946722],[2204.49463952 1157.15278229],[2198.54860031 1445.98857049]
DJI_20250520110845_0217_D:[2959.27345639 2931.21199539],[2945.96325784 3198.19796846],[2340.4949954 3131.193931 ],[2350.79176637 2863.66536739]
24
DJI_20250520111205_0298_D:[2408.82169072 1812.92873468],[2394.48547992 2094.83506961],[1772.04208834 2019.27414553],[1785.91896925 1738.8460984 ]
DJI_20250520110840_0215_D:[3752.85970946 1979.89725637],[3740.34538355 2256.59319546],[3128.03645541 2189.95611276],[3140.1965022  1911.21811114]
DJI_20250520110858_0222_D:[2354.2409994  1240.55351819],[2367.97664676  955.16968394],[3009.71289763 1026.59528186],[2998.46520504 1312.56782358]
DJI_20250520110838_0214_D:[3775.88521128 1593.86030035],[3766.04396495 1869.38248218],[3155.15804577 1801.30292083],[3165.7831993  1524.13123873]
DJI_20250520110842_0216_D:[3712.71635524 2391.94608826],[3698.19611534 2665.53048855],[3090.02209498 2602.28476033],[3103.00537136 2326.50344544]
DJI_20250520111210_0299_D:[2325.07031095 2597.12312454],[2310.69557424 2869.51621346],[1704.50651937 2787.8374204 ],[1716.46225158 2516.68545808]
DJI_20250520111211_0300_D:[2331.0665625  2720.40315237],[2317.2456867  2991.10367493],[1712.5065069  2909.83059661],[1723.57070434 2640.26842105]
DJI_20250520110835_0213_D:[3807.3449174  1189.70707687],[3800.21416582 1460.81401844],[3196.67138917 1391.28683725],[3205.50214672 1118.17831106]
DJI_20250520110845_0217_D:[3677.26951586 2768.12410203],[3661.28359194 3035.09551905],[3062.40956345 2975.84634503],[3075.83826222 2706.48626132]
DJI_20250520111228_0307_D:[3568.68904357 2398.79732402],[3586.83029387 2119.0802512 ],[4188.8515171  2196.28396751],[4169.93587363 2472.10227321]
25
DJI_20250520111205_0298_D:[2746.1428632  1608.86925444],[2731.50156757 1893.27514147],[2099.76730936 1817.7015186 ],[2114.55667872 1534.01514146]
DJI_20250520111210_0299_D:[2655.70852438 2406.7879567 ],[2639.81821618 2683.8201523 ],[2022.23344092 2604.33413485],[2036.21452735 2327.83667822]
DJI_20250520110858_0222_D:[2005.84607493 1445.74926788],[2020.4698973  1156.46385466],[2667.92477344 1226.1999288 ],[2655.17932246 1516.96437007]
DJI_20250520111211_0300_D:[2660.76216196 2531.71993579],[2645.24665605 2807.36682249],[2028.95437638 2728.61267101],[2042.21001822 2453.39717834]
DJI_20250520111225_0306_D:[3311.34951105 2215.86911049],[3328.57209332 1933.53098798],[3942.80620086 2013.91153878],[3925.45477975 2293.30758544]
DJI_20250520111223_0305_D:[3322.73088032 1773.67264084],[3337.16542955 1491.06289363],[3953.37039147 1573.13628805],[3940.1544696  1853.16752029]
DJI_20250520111228_0307_D:[3239.18689414 2602.56681668],[3257.81754402 2320.47000054],[3875.29949087 2397.36372326],[3855.25507818 2676.2633115 ]
DJI_20250520111213_0301_D:[2649.91325171 2871.49016312],[2634.51591314 3141.50639755],[2024.66713746 3062.63796429],[2036.8887155  2792.81507237]
DJI_20250520110840_0215_D:[4082.6606113  1779.00381517],[4071.40243537 2056.26462716],[3462.96913691 1988.18136398],[3474.4626276  1708.03811364]
DJI_20250520110842_0216_D:[4043.16084591 2193.07409798],[4029.11658226 2468.47164129],[3423.56783145 2405.10909198],[3436.62162392 2126.67808972]
26
DJI_20250520110858_0222_D:[2349.74643858 1699.15145485],[2363.07889878 1407.8891256 ],[3012.46060408 1480.70720706],[3000.24350108 1772.16058373]
DJI_20250520111205_0298_D:[2412.75230668 1360.66207472],[2397.88577655 1643.71758502],[1771.58798119 1570.25969212],[1787.29292824 1289.1053438 ]
DJI_20250520111210_0299_D:[2329.14049606 2158.90266579],[2313.99824713 2436.81717205],[1701.02307626 2356.63845574],[1714.92279604 2080.38582156]
DJI_20250520110842_0216_D:[3721.96090604 1953.08824357],[3709.52459114 2230.45404124],[3095.25919554 2163.35805853],[3107.38370389 1884.11726454]
DJI_20250520111211_0300_D:[2334.3119032  2284.70314012],[2319.7293901  2561.64121134],[1707.67619532 2481.67548776],[1720.66836506 2206.29264023]
DJI_20250520110840_0215_D:[3758.92795044 1536.75087641],[3748.67454798 1814.69250396],[3132.11564026 1744.46929724],[3143.277369   1464.81498033]
DJI_20250520110845_0217_D:[3688.97235821 2339.32142976],[3674.90022278 2612.23086919],[3068.41570448 2548.82512323],[3081.10454902 2273.84867999]
DJI_20250520110855_0221_D:[2352.8633416 1162.9321714],[2366.71513553  882.09068936],[3000.90855446  952.34962795],[2990.16092691 1233.92190936]
DJI_20250520111213_0301_D:[2326.09501768 2627.13093582],[2312.08949801 2899.50267414],[1705.6600932  2818.09700749],[1717.155719   2547.02602689]
DJI_20250520110838_0214_D:[3777.67214599 1153.37839669],[3770.19978097 1427.66372596],[3156.93667519 1356.65910642],[3166.46949497 1081.04273242]
27
DJI_20250520110842_0216_D:[2989.69601589 1687.40855588],[2977.95755636 1965.83456393],[2358.14222935 1897.01091381],[2370.27799397 1619.00837343]
DJI_20250520110845_0217_D:[2965.14825102 2078.27523856],[2953.01050238 2353.46680022],[2340.31055393 2285.27022389],[2351.76534975 2010.24233625]
DJI_20250520110840_0215_D:[3024.6649868  1269.81720994],[3013.69991955 1547.5527844 ],[2391.86417108 1478.92337182],[2404.4407921  1201.79091869]
DJI_20250520110532_0138_D:[1629.25450033 1879.44983365],[1634.60234351 1591.8121439 ],[2273.86470419 1641.80457466],[2269.49987521 1931.71122663]
DJI_20250520110534_0139_D:[1575.35676497 2299.50982129],[1579.10614783 2009.63014884],[2223.09657456 2064.66134174],[2218.91082784 2356.75462609]
DJI_20250520110858_0222_D:[3120.1698468  1978.90268869],[3132.63693708 1688.00873661],[3770.4052153  1762.15295943],[3758.23307838 2050.64111501]
DJI_20250520110530_0137_D:[1682.60241474 1452.89039943],[1689.62914885 1171.27041131],[2319.6481607  1217.27488828],[2314.90800562 1501.18850714]
DJI_20250520110537_0140_D:[1563.78110703 2718.03829564],[1565.45966239 2428.28912718],[2213.74818383 2487.75481818],[2210.14530242 2779.47089935]
DJI_20250520110838_0214_D:[3047.85072951  890.9744638 ],[3038.31850626 1163.65134373],[2421.27262568 1097.54560136],[2433.53160611  825.80671628]
DJI_20250520110855_0221_D:[3108.86190791 1437.54182199],[3119.49501644 1154.68782383],[3745.15364883 1231.03453122],[3736.81796606 1512.16549435]
28
DJI_20250520110858_0222_D:[2024.72734472 2104.34151824],[2037.48066254 1812.57239398],[2687.24230955 1885.27891055],[2674.33803141 2177.87656538]
DJI_20250520111210_0299_D:[2645.43490287 1775.15209291],[2629.59963114 2054.75927529],[2010.3062095 1976.9057141],[2025.99021842 1698.43938765]
DJI_20250520111211_0300_D:[2649.69880464 1901.30090125],[2634.24074577 2180.60569307],[2015.43352014 2103.19223119],[2030.383868  1824.9262346]
DJI_20250520111213_0301_D:[2639.08846842 2248.5510272 ],[2623.68107434 2525.08896134],[2009.21355543 2446.87108398],[2023.1635683  2171.13560684]
DJI_20250520110855_0221_D:[2031.91877416 1558.86929017],[2046.31706686 1273.94418563],[2683.49550712 1343.15158949],[2671.01462352 1629.41742523]
DJI_20250520111205_0298_D:[2731.59687945  972.80650462],[2717.34976356 1253.18651797],[2088.50196745 1180.01779037],[2104.75733563  900.96918057]
DJI_20250520110853_0220_D:[2995.16095412  980.96464956],[3231.3602828   841.86906067],[3521.39225163 1392.49295206],[3285.31353956 1535.21275017]
DJI_20250520111215_0302_D:[3212.16603536 2456.7862575 ],[3470.14717944 2546.36808887],[3222.77244078 3108.7467917 ],[2964.87499265 3021.88857519]
DJI_20250520110845_0217_D:[3989.269542   1958.07811418],[3977.01031373 2231.32721897],[3375.85602336 2166.09487131],[3387.80387166 1890.23007464]
DJI_20250520111223_0305_D:[3331.88705786 2413.59194675],[3348.43654428 2130.78745671],[3963.78342823 2206.42177   ],[3946.59900236 2486.01528146]
29
DJI_20250520110845_0217_D:[3313.95899741 1685.68720414],[3302.58842241 1963.16420664],[2684.6766995  1894.62872918],[2696.46059433 1616.66798335]
DJI_20250520110855_0221_D:[2752.37731952 1840.53056128],[2764.84938028 1551.32798344],[3405.80481974 1624.88895374],[3394.46863007 1913.02931129]
DJI_20250520110858_0222_D:[2756.66137595 2395.23517183],[2769.80867873 2101.58322393],[3420.77835074 2173.88204654],[3406.62346645 2465.82073358]
DJI_20250520110842_0216_D:[3340.29033668 1290.25034536],[3330.07132999 1568.78350994],[2706.60995079 1498.65012822],[2718.38776408 1219.87387603]
DJI_20250520110850_0218_D:[3351.73180386 2283.18038612],[3456.56721835 2537.97476697],[2869.24471272 2740.11139513],[2762.19952105 2485.5057744 ]
DJI_20250520110853_0220_D:[3161.30024077 1713.0479181 ],[3400.67412872 1567.92461721],[3687.58776869 2128.8629395 ],[3449.79568316 2275.81474092]
DJI_20250520110851_0219_D:[3378.28197393 1816.68546776],[3641.6821631  1895.38722004],[3427.41363496 2478.94486701],[3162.82103944 2402.45092664]
DJI_20250520110530_0137_D:[1331.91115084 1865.18094044],[1337.72799527 1579.79835581],[1967.79438047 1628.04256542],[1963.09389685 1916.56431141]
DJI_20250520110532_0138_D:[1278.18786614 2298.27527054],[1281.33470997 2009.5669567 ],[1918.07729921 2063.3962541 ],[1914.65866913 2355.23469263]
DJI_20250520111211_0300_D:[1951.87796698 1617.69608945],[1936.29395303 1897.19902382],[1329.19800734 1821.69333049],[1344.99806637 1545.44825973]
30
DJI_20250520111213_0301_D:[2875.73878011 1842.59741515],[2860.11797314 2122.06097193],[2239.39880541 2044.96627088],[2254.69878727 1766.02788489]
DJI_20250520111211_0300_D:[2887.0436566  1492.16051578],[2871.80793298 1772.43347676],[2248.16278867 1695.75382475],[2264.0658802  1416.22992922]
DJI_20250520111210_0299_D:[2883.22068236 1366.21237148],[2867.75265266 1646.06000113],[2244.11966021 1568.81542118],[2260.62066244 1289.81798193]
DJI_20250520110855_0221_D:[1790.4269722  1979.88406872],[1803.98334502 1692.02685956],[2443.72844916 1762.84954465],[2430.82598875 2052.42580434]
DJI_20250520111215_0302_D:[2892.29718795 2119.95161505],[3155.04465208 2212.35152642],[2907.0385198  2784.06064847],[2644.41424908 2693.22897204]
DJI_20250520110858_0222_D:[1783.35139193 2531.74463945],[1794.31765715 2240.95817306],[2443.72069697 2315.8444976 ],[2431.256726   2607.82585859]
DJI_20250520110853_0220_D:[2524.84650702 1009.00497605],[2765.287616    866.76026698],[3056.24389383 1421.23940381],[2814.97051538 1566.34889507]
DJI_20250520111218_0303_D:[3118.85930637 2238.8500132 ],[3297.78741504 2023.16311214],[3741.57209144 2453.16755054],[3564.79871235 2667.77577102]
DJI_20250520111220_0304_D:[3181.56391649 2353.33773429],[3199.58826765 2068.69360504],[3821.39520566 2149.72688904],[3803.09895447 2431.58393317]
DJI_20250520111223_0305_D:[3093.07841811 2828.40318007],[3110.46944186 2546.36217068],[3733.4573499  2619.19591704],[3714.18022147 2898.2911808 ]
31
DJI_20250520110551_0146_D:[2265.69046386 2155.41374894],[2270.80187107 1864.38891869],[2920.02101514 1920.14617396],[2914.63501032 2211.16816198]
DJI_20250520110549_0145_D:[2285.47668281 1671.41034334],[2291.16796641 1380.25682853],[2941.71593971 1435.52729257],[2937.11279003 1726.99823351]
DJI_20250520110554_0147_D:[2269.04423219 2578.97489534],[2273.6359683  2291.23103127],[2918.31906625 2346.87358805],[2912.26827455 2634.28578476]
DJI_20250520110458_0124_D:[3666.04346829 1893.30183171],[3662.76067383 2177.14734584],[3032.04943925 2129.55343378],[3034.83567808 1843.96411013]
DJI_20250520110823_0208_D:[2346.10031743 1576.53560984],[2337.05185447 1857.74254931],[1716.40382893 1796.45250074],[1726.08567316 1517.40290738]
DJI_20250520110825_0209_D:[2299.10850669 2007.59570395],[2290.19352089 2287.40247697],[1673.67054607 2222.15198947],[1681.9464799  1944.31205878]
DJI_20250520110456_0123_D:[3679.84613164 1496.2614378 ],[3678.53872003 1779.22524514],[3048.62635935 1729.22091258],[3050.624972   1444.68607176]
DJI_20250520110500_0125_D:[3626.69697648 2303.47533771],[3621.08823991 2583.69672216],[2996.14479156 2538.01840897],[3000.07244201 2255.89479547]
DJI_20250520110547_0144_D:[2333.4758364  1183.31532076],[2339.40216671  895.21495668],[2989.22694837  949.31140248],[2985.95065787 1237.967085  ]
DJI_20250520110827_0210_D:[2288.46261165 2361.9673193 ],[2279.7365503  2639.55107549],[1665.45067101 2571.28465623],[1672.52425461 2295.38553133]
32
DJI_20250520110823_0208_D:[3016.62362485 1847.09358638],[3007.65359259 2129.57194284],[2378.42480814 2067.01505779],[2387.2482372  1784.58676971]
DJI_20250520110825_0209_D:[2965.96712342 2279.93817084],[2955.8163008  2559.57644021],[2331.19944114 2496.10313763],[2339.916018   2216.34540804]
DJI_20250520110820_0207_D:[3035.71136871 1376.69030412],[3027.67328781 1658.1266625 ],[2398.32183658 1595.69519563],[2407.59673204 1314.57063779]
DJI_20250520110551_0146_D:[1574.77382465 1884.6103895 ],[1580.91262216 1595.20244491],[2223.31244823 1648.35737886],[2217.79773454 1940.10788533]
DJI_20250520110554_0147_D:[1582.20789814 2308.92731139],[1586.52798605 2021.21922272],[2226.05505708 2077.75354297],[2221.15246686 2367.43391969]
DJI_20250520110827_0210_D:[2952.89680728 2634.69885207],[2941.86664112 2910.80050357],[2320.64104694 2846.96703744],[2329.21200816 2570.47008206]
DJI_20250520110549_0145_D:[1593.63002938 1403.07253649],[1601.81154865 1115.30020097],[2244.11706313 1164.0134069 ],[2237.94305509 1454.47240397]
DJI_20250520110818_0206_D:[3076.08614228  899.07438422],[3069.13915612 1175.20198703],[2444.16390892 1113.02462827],[2453.77948521  837.42229704]
DJI_20250520110556_0148_D:[1537.80718043 2759.71876958],[1539.97467742 2475.44606354],[2176.11698014 2535.57661049],[2172.05420933 2821.68079121]
DJI_20250520110547_0144_D:[1642.04461122  920.55119283],[1652.13783463  637.72198746],[2292.76309093  681.2554886 ],[2286.28730268  967.06741281]
33
DJI_20250520110554_0147_D:[2346.2855647  2137.95087238],[2351.6027004  1849.37893147],[2994.89813767 1905.03443414],[2989.45577149 2193.36447928]
DJI_20250520110551_0146_D:[2344.13497258 1711.07841521],[2349.82090151 1421.76311041],[2995.84031535 1477.34124159],[2991.22638029 1766.74195753]
DJI_20250520110556_0148_D:[2296.19885578 2592.89115311],[2301.00475966 2306.38997183],[2942.82829643 2362.08100423],[2936.60471969 2648.21497884]
DJI_20250520110456_0123_D:[3607.69895805 1929.85535307],[3604.29004339 2212.6316325 ],[2975.40459915 2165.29318761],[2978.22904594 1880.89217184]
DJI_20250520110823_0208_D:[2266.2338775 2005.6039365],[2257.84879955 2285.78560783],[1640.89023576 2221.59604652],[1648.70323336 1943.45564418]
DJI_20250520110453_0122_D:[3652.42118895 1523.13945238],[3651.30152103 1804.97885275],[3023.82587374 1756.20512948],[3025.53944902 1472.84145902]
DJI_20250520110820_0207_D:[2286.09815337 1537.5274089 ],[2276.96762704 1817.88496882],[1658.82325265 1757.16311688],[1668.71996782 1479.10988156]
DJI_20250520110458_0124_D:[3590.88846667 2326.85705967],[3585.69605505 2608.07236628],[2957.85150533 2563.10422331],[2961.28121213 2280.0925275 ]
DJI_20250520110549_0145_D:[2364.7939466  1228.82321747],[2370.83553146  942.26615705],[3016.10589729  997.23412902],[3012.4976886  1284.19229651]
DJI_20250520110558_0149_D:[2260.69111412 3016.9122045 ],[2264.95890107 2735.35927199],[2902.55460111 2791.01958209],[2895.59523218 3071.94378799]
34
DJI_20250520110820_0207_D:[3061.62228115 1822.50739348],[3052.8200522  2101.97080396],[2430.15044145 2040.17686505],[2438.90522608 1760.60520593]
DJI_20250520110823_0208_D:[3041.31830824 2288.42456111],[3031.62182242 2566.06805394],[2411.16531192 2504.75701518],[2419.47921772 2226.74718561]
DJI_20250520110818_0206_D:[3102.96481085 1342.85702333],[3095.17643089 1620.0999333 ],[2474.59140751 1558.00402278],[2483.73704975 1280.87140966]
DJI_20250520110554_0147_D:[1558.17037499 1856.83219428],[1564.65715389 1572.61786705],[2195.32795705 1624.93708821],[2189.6167883  1911.48236948]
DJI_20250520110556_0148_D:[1511.14720719 2306.86798837],[1515.60738657 2023.2352457 ],[2144.93171728 2079.44978296],[2139.97949396 2365.2826026 ]
DJI_20250520110825_0209_D:[2989.1794361  2711.40830102],[2978.4161275  2983.71810424],[2364.32913242 2921.93389134],[2372.49217714 2649.09185319]
DJI_20250520110551_0146_D:[1553.5564153  1435.60067105],[1561.88532646 1152.29559693],[2193.4678688  1200.58601751],[2187.10483169 1486.58044561]
DJI_20250520110816_0205_D:[3127.96201714  878.48296921],[3121.78714351 1151.55790222],[2502.77129325 1090.62008296],[2511.72700795  818.02323753]
DJI_20250520110558_0149_D:[1480.90652551 2728.59352114],[1483.30473921 2448.23367263],[2109.49885623 2508.21778899],[2105.3424518  2790.50040642]
DJI_20250520110827_0210_D:[2974.66419355 3056.32733855],[2963.05379406 3323.12773829],[2353.8137052  3261.55280197],[2361.84224672 2993.94566334]
35
DJI_20250520110556_0148_D:[2350.31875427 2156.25559911],[2355.81217068 1867.2608166 ],[3000.05075344 1923.33209405],[2994.45215873 2212.1095041 ]
DJI_20250520110554_0147_D:[2401.40012598 1697.37013255],[2407.17365307 1409.05138774],[3050.83115849 1465.12136742],[3046.25946147 1753.35002662]
DJI_20250520110558_0149_D:[2313.6629187  2588.58715087],[2318.81670993 2301.91097999],[2960.78860737 2358.14056607],[2954.22934541 2644.3325548 ]
DJI_20250520110453_0122_D:[3607.0601676 1953.4913385],[3603.88694301 2236.51811596],[2974.36622805 2190.12363085],[2976.86820215 1905.42953656]
DJI_20250520110451_0121_D:[3648.18466832 1514.33558822],[3647.1637404  1796.72733138],[3018.33747503 1748.00135301],[3019.97057077 1464.10615011]
DJI_20250520110820_0207_D:[2224.86764145 1964.51380748],[2216.42799261 2245.7673243 ],[1597.87738934 2181.60240197],[1605.8803755  1902.51796839]
DJI_20250520110456_0123_D:[3558.617165   2362.40153622],[3553.33660464 2643.89039999],[2924.27353404 2598.90908074],[2927.69181175 2315.64905726]
DJI_20250520110551_0146_D:[2399.93068607 1268.63246418],[2405.9649706   982.13380293],[3050.52335996 1037.84112991],[3046.91589599 1324.58039555]
DJI_20250520110818_0206_D:[2270.49432043 1479.3240617 ],[2261.10400019 1759.55354214],[1643.01926931 1699.03384534],[1653.39271963 1421.1794639 ]
DJI_20250520110823_0208_D:[2206.25996287 2432.81511026],[2198.76571117 2711.09708969],[1583.47162257 2643.64594881],[1589.18585143 2367.24869488]
36
DJI_20250520111512_0374_D:[2933.74657969 1705.75583586],[2914.05339884 1979.91857119],[2305.88965377 1894.26346353],[2325.85497651 1621.1119024 ]
DJI_20250520111514_0375_D:[2885.59831525 2134.04778851],[2864.63841435 2407.32367667],[2258.97652971 2318.24915697],[2279.0533241  2046.09512011]
DJI_20250520111247_0315_D:[1739.06493303 2320.00122119],[1754.77551965 2038.93782004],[2380.2938188  2119.34439829],[2363.86164403 2400.69143078]
DJI_20250520111510_0373_D:[2995.02645335 1293.94401237],[2976.1601658 1565.446081 ],[2370.18548459 1481.05927856],[2390.49169848 1210.52508156]
DJI_20250520111517_0376_D:[2876.41467209 2599.76183088],[2855.60873092 2873.18138733],[2243.68550823 2785.2470215 ],[2262.26994524 2511.98411296]
DJI_20250520111245_0314_D:[1725.32266288 1889.28294594],[1745.02994023 1590.0304778 ],[2403.82834554 1677.41195436],[2383.02301797 1982.45500551]
DJI_20250520111611_0397_D:[3131.25772569 2243.00996549],[3154.64255345 1957.05396825],[3776.11072492 2050.83419618],[3752.4925151  2333.31823791]
DJI_20250520111242_0313_D:[1843.46705714 1269.45341553],[1862.58607476  992.4799853 ],[2483.64022569 1066.05897434],[2466.87749153 1344.98022826]
DJI_20250520111613_0398_D:[3056.38982719 2688.79330646],[3080.58592113 2403.35639522],[3707.10150983 2492.60458393],[3681.33291391 2774.63590454]
DJI_20250520111507_0372_D:[2992.62278814  894.99753438],[2974.76391657 1162.1425013 ],[2372.17342636 1079.97074877],[2392.5419534   814.08828896]
37
DJI_20250520111514_0375_D:[3455.83817376 1984.93101108],[3434.66619   2259.9892241],[2824.09456166 2172.36688896],[2844.89319669 1897.0486992 ]
DJI_20250520111611_0397_D:[2537.58559477 2399.61746536],[2560.87659346 2111.17987088],[3199.22832461 2205.67128933],[3175.07570214 2492.14417308]
DJI_20250520111608_0396_D:[2596.00850532 1839.93179729],[2618.25559984 1552.3494177 ],[3251.24682787 1648.42629535],[3230.18006507 1933.5613221 ]
DJI_20250520111512_0374_D:[3501.91653219 1554.01492809],[3483.21365541 1828.54325467],[2872.82671519 1742.06969843],[2892.34671281 1467.15702673]
DJI_20250520111517_0376_D:[3452.06123434 2449.30079562],[3429.7329274  2725.11093842],[2814.52606209 2640.9765417 ],[2835.12436698 2363.87915838]
DJI_20250520111613_0398_D:[2461.06544028 2847.57174717],[2483.768031   2561.30992057],[3124.21196434 2653.81283619],[3099.26215258 2938.22079077]
DJI_20250520111605_0395_D:[2632.18331803 1279.81811078],[2655.17578943  992.78031906],[3297.61560968 1089.41118447],[3277.19187835 1376.52121479]
DJI_20250520111510_0373_D:[3557.48655992 1144.42562224],[3540.81969848 1414.92805072],[2935.05584881 1327.54143281],[2953.72639953 1056.62725989]
DJI_20250520111839_0458_D:[2096.61319879 1515.34310042],[2073.46079582 1807.32581809],[1438.87826449 1715.45017984],[1462.67930839 1427.2973782 ]
DJI_20250520111842_0459_D:[2050.35148463 2085.58111923],[2029.78413914 2378.33460966],[1397.29281379 2280.97729957],[1416.76235802 1992.32077163]
38
DJI_20250520111514_0375_D:[2885.08003403 1706.61003509],[2864.59661394 1980.4927679 ],[2258.16501071 1893.28102347],[2278.90015322 1620.93597543]
DJI_20250520111517_0376_D:[2875.4063896  2168.56324147],[2855.00356274 2445.46525197],[2240.10462351 2357.73239787],[2259.46503126 2081.43629612]
DJI_20250520111242_0313_D:[1848.56138246 1705.93855828],[1866.20293324 1425.12740332],[2491.10282124 1501.84031607],[2474.56888113 1784.18266934]
DJI_20250520111512_0374_D:[2931.08776957 1280.06873066],[2912.0161313  1552.44558677],[2304.76806777 1468.59937385],[2325.25209394 1197.62058509]
DJI_20250520111519_0377_D:[2822.10122952 2545.94234715],[2801.26369236 2821.00504163],[2186.62298341 2732.12142318],[2205.33662687 2457.33284001]
DJI_20250520111247_0315_D:[1749.9492899  2754.95133853],[1763.86720197 2476.64393516],[2388.26095284 2557.22044583],[2372.35704225 2835.40860057]
DJI_20250520111245_0314_D:[1731.45494202 2354.11067446],[1749.1183428  2056.66402293],[2407.42241068 2152.98879821],[2387.19084518 2455.58391367]
DJI_20250520111240_0312_D:[1879.68467052 1303.27442532],[1898.29229136 1028.03124066],[2514.77499481 1102.50679365],[2498.21507456 1379.29937983]
DJI_20250520111605_0395_D:[3231.09404921 1580.11818943],[3252.26632921 1292.5165521 ],[3882.71402917 1392.05778772],[3863.33747178 1677.60791309]
DJI_20250520111608_0396_D:[3183.91880303 2131.73937824],[3205.51152741 1847.51851117],[3817.59150593 1939.74291959],[3796.44121562 2219.61658841]
39
DJI_20250520111608_0396_D:[2186.75131134 2242.81733018],[2208.58003128 1958.52538386],[2838.66754653 2050.22995951],[2816.74423997 2332.88294879]
DJI_20250520111605_0395_D:[2220.32063288 1693.62883496],[2243.86622544 1408.00812392],[2879.79204804 1501.17191991],[2857.40407547 1787.6399388 ]
DJI_20250520111842_0459_D:[2473.17721717 1673.35745606],[2451.79791986 1963.555355  ],[1815.82479446 1872.79617614],[1837.42682416 1585.7897725 ]
DJI_20250520111845_0460_D:[2409.9301666  2089.33802685],[2389.10649621 2382.09238614],[1744.12879543 2287.90098623],[1763.75978948 1996.96653504]
DJI_20250520111611_0397_D:[2131.347657   2787.94197838],[2152.67791561 2507.08433647],[2782.2435393  2599.90097595],[2758.8240991  2879.64217496]
DJI_20250520111603_0394_D:[2293.17011786 1233.6356576 ],[2316.84288151  953.69963031],[2945.31309213 1044.76571024],[2924.01836875 1325.73921468]
DJI_20250520111514_0375_D:[3826.63587549 1603.08480773],[3807.88666053 1872.70366041],[3210.72180429 1785.87558717],[3230.22702006 1515.34019931]
DJI_20250520111517_0376_D:[3827.17576777 2053.15935475],[3806.4810532  2325.76936925],[3204.61748853 2242.66869069],[3224.7964067  1968.14616476]
DJI_20250520111839_0458_D:[2518.48386299 1117.35962131],[2495.91703285 1402.96413675],[1862.45199757 1314.96671806],[1886.93808467 1032.23252383]
DJI_20250520111847_0461_D:[2348.04942731 2648.76892927],[2328.28892834 2937.22600859],[1685.50660198 2841.12051807],[1702.41447762 2553.73678604]
40
DJI_20250520111605_0395_D:[2683.68911181 1999.48514526],[2706.77328104 1708.6840386 ],[3350.13547231 1804.77338294],[3327.44979609 2094.69792798]
DJI_20250520111517_0376_D:[3396.8546903  1762.84264889],[3377.09300417 2040.45175119],[2760.57538819 1953.81191288],[2780.52065061 1675.76539007]
DJI_20250520111519_0377_D:[3346.61922555 2140.26015312],[3325.32460151 2418.27980162],[2707.28083937 2331.88107768],[2727.671201   2053.09619314]
DJI_20250520111608_0396_D:[2647.78094145 2548.55932434],[2669.95973013 2262.74434797],[3299.2077386  2351.40747394],[3276.17254426 2633.91660426]
DJI_20250520111603_0394_D:[2753.28709923 1528.94951867],[2775.70040123 1242.42135372],[3411.87599888 1338.87024293],[3391.15040933 1624.772156  ]
DJI_20250520111514_0375_D:[3399.06530236 1309.51354209],[3380.39032171 1581.8371056 ],[2772.21296527 1494.72889494],[2792.34468531 1222.92730979]
DJI_20250520111242_0313_D:[1333.99627459 2123.42896853],[1349.84158324 1843.54609023],[1966.12692364 1921.81589334],[1950.10634335 2204.35943817]
DJI_20250520111240_0312_D:[1367.06589607 1717.51563626],[1384.85318353 1440.8490811 ],[1995.22660117 1514.91899873],[1978.25454447 1794.23147503]
DJI_20250520111845_0460_D:[1927.89858825 1778.87933798],[1906.90037991 2074.77604287],[1266.96815853 1981.59240343],[1287.60844312 1689.41900268]
DJI_20250520111600_0393_D:[2769.16100006 1086.99646493],[2790.89963745  807.58538189],[3417.66922059  904.22787955],[3398.85498391 1183.27290122]
41
DJI_20250520111613_0398_D:[2635.05091368 1986.17578091],[2658.18948259 1697.98568782],[3294.65649008 1794.08725197],[3271.89374007 2080.86149209]
DJI_20250520111615_0399_D:[2572.8101772  2368.45626439],[2595.42253742 2081.14062806],[3231.81784015 2174.29248865],[3208.42810592 2460.07746122]
DJI_20250520111510_0373_D:[3400.82828757 1958.4036885 ],[3380.76007651 2230.76640511],[2776.12182614 2146.0414033 ],[2795.94027024 1872.94692666]
DJI_20250520111507_0372_D:[3399.31368221 1552.43609126],[3380.9144695  1823.93327076],[2776.92762331 1738.83608248],[2796.16659704 1466.94112662]
DJI_20250520111512_0374_D:[3339.55734119 2373.04210221],[3318.11142302 2644.62026939],[2712.75729693 2560.36492114],[2732.7641215  2288.05795521]
DJI_20250520111611_0397_D:[2711.40635846 1540.40924544],[2734.29874291 1255.58466744],[3364.3079654  1354.35285738],[3343.09782916 1637.68968921]
DJI_20250520111618_0400_D:[2514.60988164 2872.64830819],[2536.47152867 2585.50227799],[3181.15950903 2678.85125141],[3156.95525108 2965.38003802]
DJI_20250520111835_0456_D:[2048.27571415 1642.02501815],[2025.54983559 1928.99623562],[1399.39479795 1836.87328841],[1422.69576892 1552.81682895]
DJI_20250520111505_0371_D:[3518.50045289 1098.73020559],[3501.04238862 1367.69408922],[2898.43226962 1277.93832556],[2917.96702292 1008.30284622]
DJI_20250520111514_0375_D:[3287.19898898 2797.99828354],[3263.93611503 3065.34151121],[2662.24328325 2979.27156142],[2682.90953393 2711.25920488]
42
DJI_20250520111507_0372_D:[2648.3015479  1666.59076081],[2629.27988077 1932.40583308],[2041.18341101 1850.07364468],[2060.56949481 1585.65967229]
DJI_20250520111510_0373_D:[2647.48078159 2063.44675262],[2628.1816735  2329.38498196],[2039.73729866 2244.71938239],[2058.39952168 1979.88236123]
DJI_20250520111247_0315_D:[2099.54305386 1530.21379813],[2117.10273124 1257.64209881],[2725.28494763 1336.05271816],[2709.22885821 1608.63433203]
DJI_20250520111505_0371_D:[2766.13880599 1216.38222383],[2746.36868562 1481.38405312],[2155.09526911 1397.64095649],[2176.36722407 1133.79718952]
DJI_20250520111512_0374_D:[2586.18829709 2467.70888003],[2567.06185554 2731.80477074],[1980.49257261 2644.84918688],[1997.90371622 2381.85820605]
DJI_20250520111245_0314_D:[2121.67447191 1056.99539873],[2143.44946994  767.23728758],[2794.28253207  840.10311895],[2774.15402778 1134.94957274]
DJI_20250520111615_0399_D:[3346.32367852 2250.73611602],[3368.54520406 1972.12705701],[3971.13695234 2061.89855296],[3948.68435374 2337.05778426]
DJI_20250520111502_0370_D:[2754.41317949  813.70529842],[2735.20835423 1075.98415471],[2143.35915118  994.18387744],[2165.0923672   733.27658162]
DJI_20250520111618_0400_D:[3301.54921501 2742.72195602],[3324.92142957 2461.66350289],[3942.64858807 2547.80040659],[3917.56673734 2826.1159647 ]
DJI_20250520111613_0398_D:[3407.42706459 1881.25161995],[3428.73852463 1602.80904051],[4029.45887032 1698.02833185],[4008.96701476 1973.1301097 ]
43
DJI_20250520111507_0372_D:[3296.48277003 1964.83994717],[3276.81545311 2234.88598355],[2676.96198414 2151.21327005],[2696.35268811 1880.66470656]
DJI_20250520111615_0399_D:[2680.86972252 1932.75398511],[2703.27663374 1647.51631006],[3333.19410304 1741.8834809 ],[3311.30465589 2025.77270272]
DJI_20250520111618_0400_D:[2623.57544449 2432.51081684],[2645.68364469 2144.28576912],[3286.73835473 2237.09431106],[3263.67933355 2524.90541663]
DJI_20250520111505_0371_D:[3416.14036184 1510.66491413],[3396.87490713 1780.7852709 ],[2796.13128495 1693.22405365],[2816.31997674 1422.32654822]
DJI_20250520111510_0373_D:[3295.49646625 2368.63542144],[3274.42109874 2637.31095585],[2675.53015357 2554.21711568],[2695.26019065 2284.70473729]
DJI_20250520111613_0398_D:[2743.27274649 1553.0560061 ],[2765.8146189  1269.31955022],[3393.94914878 1366.66649514],[3373.04676373 1649.18533408]
DJI_20250520111620_0401_D:[2542.6924681  2843.83963051],[2564.55524457 2559.11653081],[3202.94681291 2651.15393296],[3178.82351013 2934.98701197]
DJI_20250520111502_0370_D:[3405.23846449 1099.5914219 ],[3387.68964184 1368.17975219],[2785.60936558 1279.68931516],[2805.14589843 1010.52349184]
DJI_20250520111512_0374_D:[3232.72391456 2778.44859315],[3210.66317632 3043.97238317],[2613.0346597  2961.07650091],[2632.58527783 2694.69622485]
DJI_20250520111830_0454_D:[2150.12234263 1238.68703168],[2126.76563284 1520.05543346],[1508.47780835 1432.25863362],[1533.34060147 1153.87085451]
44
DJI_20250520111505_0371_D:[2708.74809304 1608.78478669],[2688.59124422 1876.45190312],[2095.06896376 1791.16273627],[2115.71735432 1524.45510318]
DJI_20250520111507_0372_D:[2591.85270161 2060.8729346 ],[2572.81746679 2327.03943875],[1984.31165044 2242.68636984],[2002.71116574 1977.72020664]
DJI_20250520111502_0370_D:[2697.80982064 1201.5751184 ],[2678.09036161 1468.5833712 ],[2082.47097653 1385.05558643],[2103.7006439  1119.21205104]
DJI_20250520111510_0373_D:[2590.64492959 2458.34742697],[2571.4814277  2722.58066922],[1984.11830042 2636.24790233],[2001.63742123 2372.89337534]
DJI_20250520111247_0315_D:[2153.48429526 1124.56391847],[2171.71656883  855.42725943],[2777.81592597  933.90547748],[2762.20057492 1203.30750457]
DJI_20250520111618_0400_D:[3367.36766679 2326.47282526],[3389.50030919 2042.55252334],[4008.9777765  2132.42621713],[3986.38781847 2413.87463195]
DJI_20250520111459_0369_D:[2751.36309835  809.6674239 ],[2732.13616764 1071.6429265 ],[2140.76117922  990.03174347],[2162.57438825  729.4891622 ]
DJI_20250520111620_0401_D:[3283.89283877 2732.84833234],[3307.38450145 2451.58134198],[3925.03230421 2537.77154043],[3899.81647013 2816.12804587]
DJI_20250520111615_0399_D:[3410.0701908  1837.71929663],[3430.80620889 1559.0478663 ],[4032.77107728 1653.82134515],[4012.96207305 1929.27587658]
DJI_20250520111512_0374_D:[2529.54196238 2860.25065911],[2510.81709515 3120.4523596 ],[1927.03147335 3031.73945872],[1943.03079133 2772.39540132]
45
DJI_20250520111505_0371_D:[3268.06520523 1921.87858424],[3247.00498829 2197.16988787],[2635.59042982 2109.53891803],[2656.44168451 1833.462056  ]
DJI_20250520111618_0400_D:[2796.08053559 1993.71681986],[2818.38615368 1700.09645403],[3468.76826862 1794.85625589],[3446.89219027 2087.99889667]
DJI_20250520111502_0370_D:[3259.58695553 1502.28738838],[3239.96988256 1778.33295593],[2625.42562833 1689.9338884 ],[2645.93782808 1413.31302654]
DJI_20250520111620_0401_D:[2713.44465896 2416.92801576],[2736.11887734 2124.12239935],[3385.88468064 2218.16704142],[3362.25072003 2510.01221835]
DJI_20250520111507_0372_D:[3145.58618015 2383.0785774 ],[3124.71656244 2655.57811204],[2516.85962667 2570.96247624],[2536.27914799 2297.95927843]
DJI_20250520111615_0399_D:[2854.18658872 1492.04401368],[2876.19196071 1204.84031838],[3511.45825214 1303.28157512],[3491.34050611 1589.06392845]
DJI_20250520111623_0402_D:[2685.46384053 2833.66882807],[2707.4648458  2546.44042714],[3349.5286644  2636.93315745],[3325.42154385 2922.81995812]
DJI_20250520111459_0369_D:[3310.53780015 1094.3144961 ],[3292.44677849 1366.5501762 ],[2681.54706419 1277.53715033],[2701.72034047 1005.04319562]
DJI_20250520111510_0373_D:[3142.61402209 2790.50067868],[3120.63713143 3059.21533373],[2515.47407685 2975.25542934],[2534.88444548 2705.67075971]
DJI_20250520111830_0454_D:[1970.37848947 1663.16737096],[1947.55677705 1950.63705407],[1322.8251379  1857.52589932],[1345.89527759 1573.2211703 ]
46
DJI_20250520110811_0203_D:[3066.17182174 1703.5668005 ],[3057.67239315 1985.35558794],[2429.69125915 1923.47304915],[2438.3517428  1641.67530311]
DJI_20250520110813_0204_D:[3041.36724617 2083.57047344],[3032.67303852 2365.14893179],[2404.88038836 2304.25091417],[2412.80975445 2022.60568797]
DJI_20250520110808_0202_D:[3086.56641862 1283.95097984],[3079.81120708 1563.56506944],[2453.74145964 1503.75595955],[2461.78588759 1224.37320269]
DJI_20250520110816_0205_D:[2999.73907781 2581.45745189],[2989.91340014 2859.24621483],[2366.07098196 2798.10848406],[2373.82864194 2519.89903371]
DJI_20250520110604_0151_D:[1512.6222181  2030.72300042],[1518.98152089 1744.29944328],[2153.70529264 1799.92378488],[2147.59660582 2088.71398248]
DJI_20250520110606_0152_D:[1503.9565442  2480.99822317],[1508.04299525 2195.16045429],[2143.70921721 2254.96397413],[2138.47558243 2542.92876325]
DJI_20250520110601_0150_D:[1532.30423953 1537.25604337],[1541.06722364 1253.6789673 ],[2172.05655433 1304.41390638],[2165.06424908 1590.62617671]
DJI_20250520110806_0201_D:[3112.32055502  792.03195333],[3106.97686996 1065.97161247],[2485.45018836 1007.00438494],[2493.48587365  733.53786858]
DJI_20250520110608_0153_D:[1463.10431475 2821.03523918],[1464.33574709 2537.97429191],[2098.07131831 2598.50573423],[2094.69147279 2883.58095636]
DJI_20250520110818_0206_D:[2966.58643781 3045.43705506],[2955.81340955 3315.77599474],[2339.17639513 3255.49761281],[2346.46220114 2984.33342154]
47
DJI_20250520110604_0151_D:[2128.94610146 2298.00207572],[2134.5726721  2009.62014336],[2778.47132889 2067.04067114],[2772.24652915 2355.7099911 ]
DJI_20250520110601_0150_D:[2145.74812749 1799.58702146],[2152.33533457 1512.28974906],[2793.69162477 1568.31474645],[2788.04410076 1856.1952044 ]
DJI_20250520110813_0204_D:[2433.34374638 1817.94855257],[2425.21432548 2099.87308038],[1802.43156622 2038.33542347],[1810.57704479 1758.27847482]
DJI_20250520110811_0203_D:[2459.3443444  1437.87521408],[2450.54774535 1718.98828253],[1827.62282822 1658.86329583],[1837.34775547 1379.66985737]
DJI_20250520110606_0152_D:[2120.52898817 2750.1934838 ],[2125.21887661 2464.00773473],[2769.01370657 2522.39730707],[2762.31529111 2808.61760131]
DJI_20250520110816_0205_D:[2394.26686253 2316.47140164],[2386.21623346 2596.28417746],[1766.136328   2531.08081206],[1772.90644665 2252.77781049]
DJI_20250520110446_0119_D:[3788.2153712 1876.0840817],[3785.40689104 2157.35693176],[3161.95268366 2111.4865917 ],[3164.25659202 1828.0745617 ]
DJI_20250520110558_0149_D:[2202.27467626 1251.03132348],[2209.73933992  968.6202752 ],[2846.22807186 1023.1318633 ],[2841.37383296 1306.37172749]
DJI_20250520110444_0118_D:[3795.86362262 1470.83822312],[3795.21221042 1749.65566178],[3175.83393819 1700.75560298],[3177.18814706 1420.03030532]
DJI_20250520110808_0202_D:[2482.19295474 1023.38058633],[2474.08041456 1300.95642713],[1853.94020478 1245.7009892 ],[1864.10106696  970.26057283]
48
DJI_20250520110813_0204_D:[3113.38589153 1649.04944882],[3105.60699839 1930.17751547],[2478.70471996 1869.39124266],[2486.96504748 1588.31452574]
DJI_20250520110816_0205_D:[3073.72578363 2147.84611086],[3064.55342871 2428.02028312],[2439.57205554 2366.75844965],[2447.9228124  2086.29322022]
DJI_20250520110811_0203_D:[3137.44687472 1272.52442138],[3130.0355332  1551.81168596],[2504.44653447 1489.90036869],[2513.25482324 1210.71768098]
DJI_20250520110818_0206_D:[3041.93590011 2618.31158749],[3031.54706933 2893.98306825],[2411.56045155 2833.2389097 ],[2419.69975133 2556.88084848]
DJI_20250520110601_0150_D:[1464.15148559 1978.48115922],[1470.67343832 1693.81342626],[2100.84875058 1748.2226643 ],[2094.77173462 2035.40372449]
DJI_20250520110604_0151_D:[1448.41636725 2470.41239401],[1452.30593636 2186.07076552],[2083.8311098  2245.23448098],[2078.8665034  2531.80893516]
DJI_20250520110808_0202_D:[3154.52901596  860.33835108],[3149.03936351 1135.07577878],[2527.08787822 1075.34140454],[2535.08584439  800.9333656 ]
DJI_20250520110558_0149_D:[1521.13957933 1434.04858648],[1530.41208672 1152.6225745 ],[2157.62835749 1201.80830189],[2150.46345839 1485.9743842 ]
DJI_20250520110606_0152_D:[1443.66473409 2914.33234817],[1445.08273986 2633.47643732],[2075.37116448 2696.7110734 ],[2071.47321575 2979.56287604]
DJI_20250520110820_0207_D:[2996.5463329  3095.08975584],[2985.61430663 3364.24543455],[2370.10603483 3304.76807451],[2377.35549761 3034.67938498]
49
DJI_20250520110601_0150_D:[2132.7899801  2259.17324876],[2138.37341795 1970.84282899],[2781.92816297 2027.80767174],[2775.90332323 2316.42334787]
DJI_20250520110558_0149_D:[2187.77882704 1706.5202509 ],[2194.43339662 1419.49370537],[2835.78559798 1475.31643858],[2830.3906184  1762.88163143]
DJI_20250520110816_0205_D:[2410.16547227 1867.71206745],[2401.61358867 2149.7010703 ],[1778.7728384  2086.89221696],[1787.31306406 1806.72383369]
DJI_20250520110604_0151_D:[2117.61762102 2755.89663594],[2122.13961604 2469.78511926],[2765.77755155 2527.69032974],[2759.25950425 2813.78385218]
DJI_20250520110813_0204_D:[2449.24352134 1368.75615374],[2440.7535302  1649.93857671],[1817.27677427 1591.36284705],[1827.06167952 1312.33709263]
DJI_20250520110818_0206_D:[2381.90606798 2341.92706947],[2373.61382051 2621.24916393],[1754.11328803 2555.35147391],[1760.95066844 2277.43185624]
DJI_20250520110556_0148_D:[2225.36203235 1272.73300045],[2232.42705501  988.79047414],[2872.08172559 1042.98238058],[2867.58487559 1327.7290183 ]
DJI_20250520110449_0120_D:[3797.1227226  1934.08147298],[3793.79667196 2217.62319041],[3165.34651917 2171.53755392],[3167.9754542  1885.76030459]
DJI_20250520110446_0119_D:[3794.16700776 1427.30854731],[3793.84030415 1708.37573938],[3169.00269856 1659.07819437],[3170.1518153  1376.12486993]
DJI_20250520110451_0121_D:[3779.21815793 2378.14678948],[3773.63695778 2657.93253595],[3150.62682044 2615.95663981],[3154.24448425 2333.71329938]
50
DJI_20250520110816_0205_D:[3098.73376737 1730.95837081],[3090.42359359 2012.08480731],[2463.74741359 1950.38708338],[2472.42553278 1669.21634449]
DJI_20250520110818_0206_D:[3068.85352126 2205.19859471],[3059.16625825 2484.63460061],[2435.37389566 2422.92706498],[2443.97894773 2143.05093851]
DJI_20250520110813_0204_D:[3136.17179164 1233.51242722],[3129.41237385 1512.87938383],[2502.75177677 1452.1027445 ],[2511.18922142 1173.02371952]
DJI_20250520110558_0149_D:[1496.7512591  1855.22057567],[1503.89933514 1570.7095521 ],[2134.42391057 1623.90413611],[2128.12938292 1910.93115316]
DJI_20250520110820_0207_D:[3024.37095237 2688.69550838],[3013.96927469 2964.44248937],[2392.52848974 2903.70223332],[2400.40898806 2627.28122387]
DJI_20250520110601_0150_D:[1444.03778311 2400.90001075],[1448.21870317 2116.47784977],[2079.21849106 2174.64477132],[2074.21397054 2461.34259035]
DJI_20250520110811_0203_D:[3159.53644681  861.75615639],[3153.25293892 1137.32226024],[2529.28904412 1075.45175942],[2538.16787084  800.22352853]
DJI_20250520110556_0148_D:[1533.37782412 1426.10221455],[1542.39611243 1143.66968268],[2172.09870499 1192.22734412],[2165.23115936 1477.44425392]
DJI_20250520110604_0151_D:[1432.38888253 2889.04883227],[1433.79614138 2608.01387831],[2063.87509124 2670.59618354],[2060.09659586 2953.62465407]
DJI_20250520110554_0147_D:[1586.79755618  977.10079135],[1597.61170026  699.63435973],[2224.61504056  743.84406021],[2217.27570128 1024.25370287]
51
DJI_20250520110606_0152_D:[2188.27207958 1890.66908738],[2194.87108362 1604.1465023 ],[2834.09254868 1660.92007193],[2828.0828685  1947.91376503]
DJI_20250520110608_0153_D:[2140.78143761 2232.78240181],[2145.78763316 1946.02761887],[2785.86036949 2001.32788412],[2780.46860207 2288.43532825]
DJI_20250520110808_0202_D:[2413.91301578 1858.64371367],[2406.4210117  2137.21328053],[1790.84140076 2077.11764192],[1798.0142871  1800.23369199]
DJI_20250520110611_0154_D:[2138.50830191 2642.69628403],[2142.51075754 2358.14631555],[2781.01641211 2413.69947065],[2775.47677767 2698.4318969 ]
DJI_20250520110604_0151_D:[2199.01035099 1441.24051996],[2206.28752285 1158.0533912 ],[2841.50883377 1213.38609033],[2836.1740649  1497.27784315]
DJI_20250520110806_0201_D:[2445.35916568 1361.59145999],[2437.6426888  1638.60197049],[1823.26624842 1582.06848996],[1832.02762795 1306.97956098]
DJI_20250520110811_0203_D:[2389.35008266 2275.36952083],[2381.43540636 2552.85606181],[1766.4202822  2488.47827436],[1772.9191108  2212.43359414]
DJI_20250520110442_0117_D:[3766.71994839 1872.36867672],[3763.72040109 2148.88728709],[3150.71939955 2103.09759909],[3153.24897139 1824.53450588]
DJI_20250520110444_0118_D:[3735.06484082 2302.4761127 ],[3730.05550374 2577.77284754],[3117.33887237 2535.52206261],[3120.67700336 2258.01033927]
DJI_20250520110439_0116_D:[3791.80325274 1435.70844818],[3791.31205383 1710.80960258],[3179.97009332 1662.14076128],[3181.25101774 1385.17586617]
52
DJI_20250520110806_0201_D:[3096.16261724 1616.45048767],[3088.89256682 1895.49816619],[2466.60178141 1836.40368167],[2474.18658225 1557.29200563]
DJI_20250520110808_0202_D:[3066.54301151 2117.60299526],[3058.0745773  2396.62647774],[2435.44396089 2337.46817605],[2442.82599049 2058.12114059]
DJI_20250520110804_0200_D:[3124.97197386 1153.12738175],[3118.95988203 1430.12851976],[2496.96723382 1371.15442719],[2504.6292185  1094.32310401]
DJI_20250520110811_0203_D:[3041.23198207 2537.4180986 ],[3031.20653256 2813.98960158],[2410.01239168 2753.52765698],[2417.8331048  2476.37589492]
DJI_20250520110608_0153_D:[1472.72843188 1973.05566866],[1478.67533839 1687.47571694],[2110.97637734 1740.6493344 ],[2105.47791649 2028.8013673 ]
DJI_20250520110611_0154_D:[1471.81592575 2383.42330561],[1475.53308336 2098.76160549],[2107.00007144 2155.26400843],[2102.57015852 2442.3189467 ]
DJI_20250520110606_0152_D:[1521.61880798 1630.22254772],[1530.13986494 1345.94918595],[2161.4457733  1398.06632672],[2154.3457844 1685.0237855]
DJI_20250520110813_0204_D:[3016.15376892 2911.47118806],[3006.0914256 3183.9477311],[2387.79394807 3124.68121276],[2394.7373155 2851.5467982]
DJI_20250520110614_0155_D:[1458.44805362 2855.49252671],[1459.20466018 2576.41935397],[2083.73556646 2636.0442023 ],[2080.89261251 2917.3299686 ]
DJI_20250520110801_0199_D:[3153.69688426  690.98893923],[3150.05646731  963.87071656],[2527.92395072  908.36554391],[2534.6790952   636.22447516]
53
DJI_20250520110611_0154_D:[2271.7689468  2218.38568666],[2276.79733167 1931.28936437],[2917.42536263 1986.28642148],[2912.11786404 2273.4707963 ]
DJI_20250520110608_0153_D:[2275.78403424 1804.82745683],[2281.55384426 1517.9215013 ],[2921.95945516 1572.9624408 ],[2917.07187999 1860.12304932]
DJI_20250520110606_0152_D:[2325.51876755 1463.19392723],[2332.55626732 1178.54897012],[2970.51849035 1235.335502  ],[2965.33560416 1520.35654444]
DJI_20250520110614_0155_D:[2247.07521756 2697.01822404],[2250.91829898 2414.13656434],[2886.30567176 2468.39273783],[2880.80377687 2751.23273328]
DJI_20250520110806_0201_D:[2309.44524238 1773.82482571],[2302.09570125 2051.97940477],[1689.02213715 1992.80059265],[1696.28100561 1716.65598102]
DJI_20250520110439_0116_D:[3670.90277604 1847.18337649],[3668.22109613 2123.94129171],[3053.54140958 2078.03043664],[3055.85873358 1799.50842915]
DJI_20250520110804_0200_D:[2339.84297609 1310.87628122],[2332.02289831 1588.18424781],[1718.0749781  1532.61067093],[1727.10953997 1257.5525949 ]
DJI_20250520110442_0117_D:[3641.74734168 2286.79421506],[3636.86979186 2562.41355355],[3022.49306898 2519.10926127],[3025.73980441 2241.54556788]
DJI_20250520110808_0202_D:[2278.21803389 2272.80689527],[2271.48264428 2549.70861389],[1659.32096271 2486.71948758],[1664.59886836 2211.57056287]
DJI_20250520110437_0115_D:[3684.79164977 1419.95722155],[3684.38558324 1695.8206012 ],[3069.79400229 1647.43706003],[3071.09750705 1370.0311778 ]
54
DJI_20250520110806_0201_D:[2779.4648869  2036.10840735],[2771.6896028  2316.77297755],[2146.95024908 2256.68635347],[2153.85958735 1976.55576267]
DJI_20250520110804_0200_D:[2810.22577425 1566.95693266],[2802.94444497 1848.34905132],[2176.30151518 1789.47510059],[2184.068441   1508.86572158]
DJI_20250520110611_0154_D:[1781.14286343 1953.04019692],[1787.03770498 1664.64428427],[2429.0192082  1718.51176576],[2423.69216716 2008.68220884]
DJI_20250520110614_0155_D:[1759.87792841 2438.28667713],[1763.50835236 2152.57523635],[2400.86838205 2208.32025115],[2396.38066002 2495.64134147]
DJI_20250520110608_0153_D:[1785.7780565  1537.24893048],[1793.32457365 1250.45943561],[2434.2172252  1302.04813522],[2428.42972143 1590.78179998]
DJI_20250520110801_0199_D:[2842.04189421 1097.21340833],[2836.31269212 1377.2540249 ],[2207.97633853 1322.48792828],[2215.65655586 1043.85004182]
DJI_20250520110808_0202_D:[2747.98489223 2539.97444478],[2739.81534709 2817.64154243],[2117.05519655 2756.32885025],[2122.93927882 2478.92154453]
DJI_20250520110606_0152_D:[1838.40969091 1194.11725014],[1847.93015794  910.81155428],[2485.94959735  962.26990922],[2479.18135612 1247.63961503]
DJI_20250520110616_0156_D:[1717.70448201 2891.72179398],[1720.36938482 2608.21280384],[2358.20515087 2669.3977589 ],[2353.33094018 2954.39476188]
DJI_20250520110811_0203_D:[2721.0873189  2957.47302932],[2712.01436035 3230.24977535],[2092.50870203 3166.71071629],[2098.15752239 2893.92334036]
55
DJI_20250520110614_0155_D:[2266.51204478 2232.2501419 ],[2271.21925972 1944.61878623],[2913.23914828 1999.00760036],[2908.24793905 2286.86661648]
DJI_20250520110611_0154_D:[2293.55515359 1743.33173077],[2299.3501261  1454.60095023],[2944.32331125 1509.6004458 ],[2939.68756516 1798.69136273]
DJI_20250520110616_0156_D:[2223.71662064 2691.77138142],[2228.60870302 2404.81109396],[2872.86884405 2462.2961833 ],[2866.35065198 2749.34954659]
DJI_20250520110804_0200_D:[2308.29480304 1766.8904108 ],[2300.99868205 2047.82213771],[1681.81739055 1988.40448154],[1689.05598848 1709.52731338]
DJI_20250520110437_0115_D:[3676.52251011 1874.58254459],[3673.85573445 2153.69336407],[3053.93930402 2107.80046588],[3056.20483318 1826.87302845]
DJI_20250520110608_0153_D:[2298.88580384 1327.27885425],[2305.36383525 1041.44280725],[2948.13440111 1096.27167352],[2944.00324281 1382.63851952]
DJI_20250520110434_0114_D:[3679.47485441 1481.15536941],[3679.36919421 1758.95543428],[3060.78096747 1711.85725804],[3061.66206618 1432.45442191]
DJI_20250520110806_0201_D:[2278.49704336 2234.27699749],[2271.83331975 2513.09477597],[1655.73279542 2450.34156368],[1661.01387984 2173.31183415]
DJI_20250520110439_0116_D:[3658.73895819 2306.19543463],[3653.83151524 2583.39039214],[3035.95158674 2540.34281298],[3039.16893519 2261.10692689]
DJI_20250520110801_0199_D:[2340.13804085 1299.40487061],[2333.17484604 1580.18713809],[1712.36557047 1526.79433859],[1720.70588872 1248.70368661]
56
DJI_20250520111455_0367_D:[2590.66088827 1673.1746412 ],[2570.85970784 1948.87308334],[1960.0225626  1863.11332949],[1980.02194206 1588.27734855]
DJI_20250520111457_0368_D:[2582.1918682  2077.51254719],[2562.36318056 2350.13130864],[1959.42490561 2262.91445796],[1978.44740063 1991.44560534]
DJI_20250520111452_0366_D:[2674.66779974 1168.9531166 ],[2654.65062839 1442.61383348],[2044.05216656 1357.52712992],[2065.63777329 1085.03664491]
DJI_20250520111459_0369_D:[2526.50261504 2477.09838294],[2506.50638312 2748.6372079 ],[1901.84953543 2659.64848681],[1920.00522306 2388.62588694]
DJI_20250520111450_0365_D:[2677.75981877  853.02332448],[2658.37749494 1124.31410348],[2047.91787034 1041.54779456],[2069.7289443   771.67470399]
DJI_20250520111628_0404_D:[3422.96680434 2209.72301167],[3443.667001  1923.0502753],[4066.34580422 2012.28914382],[4045.66857854 2296.15541678]
DJI_20250520111630_0405_D:[3397.42575797 2549.65525644],[3419.55479599 2265.76301397],[4037.48554199 2351.21451826],[4014.26160719 2631.8602444 ]
DJI_20250520111625_0403_D:[3489.29950004 1781.21996253],[3508.7589121  1495.02404014],[4130.70935317 1589.36319024],[4112.52644237 1873.05274606]
DJI_20250520111502_0370_D:[2471.22254394 2885.7651109 ],[2451.8210537  3152.85723914],[1850.05188908 3063.25937339],[1866.42827533 2796.38201535]
DJI_20250520111623_0402_D:[3505.84742168 1381.4110516 ],[3523.67589382 1098.41552498],[4142.7600958  1196.45422074],[4127.43643405 1477.21664324]
57
DJI_20250520111457_0368_D:[2982.23079305 1914.08113981],[2962.13850189 2187.20832028],[2355.68675091 2101.25335777],[2375.48330918 1828.37427222]
DJI_20250520111455_0367_D:[2993.25463544 1508.82306895],[2973.89619452 1783.72204228],[2361.81836437 1697.63156182],[2381.90554292 1422.65940701]
DJI_20250520111459_0369_D:[2928.27249249 2313.92440656],[2907.25083555 2586.71925931],[2299.18143993 2500.21589586],[2318.88053948 2227.02116526]
DJI_20250520111628_0404_D:[3004.02403265 2382.14492359],[3025.24772436 2095.01613938],[3658.16937711 2183.89656197],[3636.37946485 2469.29845981]
DJI_20250520111625_0403_D:[3070.1003265  1952.43686899],[3090.99646246 1664.63237344],[3724.40956313 1756.96849414],[3704.17502399 2043.36111866]
DJI_20250520111452_0366_D:[3075.34711893 1008.42630405],[3056.79653616 1279.98900558],[2446.33814858 1192.81614925],[2466.98800691  921.49196383]
DJI_20250520111623_0402_D:[3088.33384601 1550.02388732],[3108.43394876 1264.317626  ],[3739.93954648 1358.78859628],[3721.69796041 1643.37631467]
DJI_20250520111630_0405_D:[2981.33392733 2720.45572472],[3003.19087199 2436.98964054],[3630.90982411 2523.27611108],[3607.3817141  2804.55609347]
DJI_20250520111502_0370_D:[2872.19245569 2724.39244024],[2850.8992961  2993.80591366],[2244.71067561 2908.09560901],[2263.49798218 2637.97646863]
DJI_20250520111620_0401_D:[3119.76019341 1125.06492021],[3139.37383581  841.27629296],[3773.01771999  939.05646571],[3756.51401008 1222.04702888]
58
DJI_20250520111459_0369_D:[2462.07246706 2017.04773671],[2441.91395554 2290.84753414],[1836.99775815 2202.7853546 ],[1856.53715488 1930.11796147]
DJI_20250520111457_0368_D:[2517.75701276 1619.94488059],[2497.83114627 1892.36400577],[1896.51541469 1807.51755841],[1916.82736501 1536.84114062]
DJI_20250520111455_0367_D:[2525.22624911 1214.28116279],[2505.28211492 1487.56614656],[1897.39540794 1404.05715624],[1918.77006825 1132.24716058]
DJI_20250520111502_0370_D:[2406.19712781 2428.71585552],[2386.58009328 2700.70348115],[1782.63620759 2611.13251501],[1800.46096638 2339.974113  ]
DJI_20250520111505_0371_D:[2417.40593672 2835.4429797 ],[2397.94978496 3101.50893036],[1800.98625716 3010.35117391],[1817.63052635 2744.87372718]
DJI_20250520111625_0403_D:[3554.40706365 2262.5534056 ],[3575.82939786 1976.11086906],[4194.7303341  2065.68311003],[4173.13317819 2348.90249241]
DJI_20250520111452_0366_D:[2609.65378044  718.33907048],[2589.59408893  986.50894153],[1984.09094556  904.67152226],[2006.9520111  638.302669 ]
DJI_20250520111623_0402_D:[3573.39423454 1862.32121656],[3593.16638592 1576.39166143],[4211.20947736 1670.54913815],[4192.47918233 1953.56061809]
DJI_20250520111628_0404_D:[3486.13389457 2686.62382033],[3508.7026533  2402.50496632],[4126.35943373 2486.03679347],[4102.36367275 2766.60991184]
DJI_20250520111620_0401_D:[3608.5403782  1440.74303987],[3626.99012461 1155.04152577],[4248.00278534 1255.22812544],[4231.86301072 1538.28190959]
59
DJI_20250520111459_0369_D:[3231.61972942 1902.57944074],[3211.04943399 2176.85829236],[2601.73029323 2090.30100812],[2622.15015645 1815.19862007]
DJI_20250520111623_0402_D:[2770.31716181 1981.52791654],[2791.85229741 1692.88689984],[3430.92386339 1785.2873359 ],[3409.88946767 2073.30160487]
DJI_20250520111457_0368_D:[3282.37396853 1504.7018721 ],[3263.40403886 1777.22736234],[2656.69816344 1691.07444878],[2676.53365275 1418.37730086]
DJI_20250520111625_0403_D:[2751.5024168  2384.79733193],[2773.13630632 2096.58803606],[3412.18008234 2187.59889497],[3389.84540255 2474.87849646]
DJI_20250520111502_0370_D:[3176.81548445 2314.86075075],[3155.20258547 2588.21564919],[2545.79271813 2503.10456522],[2566.06733184 2228.61600894]
DJI_20250520111620_0401_D:[2799.94154138 1555.63457004],[2821.74439777 1266.31773344],[3464.95430628 1361.21521139],[3444.84649326 1650.27578655]
DJI_20250520111628_0404_D:[2686.90467333 2811.23480543],[2708.04731631 2526.34161729],[3344.46918724 2614.67620019],[3321.40485655 2898.31001241]
DJI_20250520111455_0367_D:[3292.56857504 1100.23375453],[3274.93693588 1372.07675635],[2665.39008508 1284.28422749],[2684.9361058  1011.94901043]
DJI_20250520111505_0371_D:[3181.50582017 2725.66984709],[3158.72021573 2993.94715122],[2555.54509327 2910.09788184],[2575.9457908  2640.48509734]
DJI_20250520111618_0400_D:[2880.42717983 1137.91363786],[2901.21254713  853.17672827],[3540.9897928   947.54591345],[3523.27183238 1232.44899304]
60
DJI_20250520111459_0369_D:[2609.64868318 1607.6079117 ],[2589.09704842 1884.14205956],[1976.57283118 1796.86654151],[1997.63570418 1521.4910925 ]
DJI_20250520111502_0370_D:[2553.14230094 2022.93971469],[2532.6807901  2300.05111222],[1919.28421344 2211.24945897],[1939.05399449 1934.99306478]
DJI_20250520111505_0371_D:[2563.31863169 2439.8775107 ],[2542.73705083 2713.12011641],[1934.88215947 2622.80429504],[1953.69878938 2350.17452979]
DJI_20250520111457_0368_D:[2663.8687355  1211.28987162],[2643.96139575 1484.29008825],[2036.42858217 1400.74563158],[2057.85865854 1129.5115839 ]
DJI_20250520111623_0402_D:[3426.75399617 2290.57417966],[3448.7452466  2000.83917889],[4077.84086573 2091.74168022],[4055.56035515 2378.47370246]
DJI_20250520111620_0401_D:[3462.82567985 1867.00838369],[3483.92245451 1574.96342611],[4118.06220364 1671.89833444],[4097.90510738 1961.25985629]
DJI_20250520111455_0367_D:[2672.26368299  803.71023594],[2652.65867158 1075.2553078 ],[2040.52570712  992.22170127],[2062.76910843  722.19742277]
DJI_20250520111625_0403_D:[3405.53073239 2692.86892661],[3428.82471892 2405.12240124],[4056.89707154 2491.37468943],[4032.05846905 2775.78156665]
DJI_20250520111507_0372_D:[2447.12569712 2895.48804234],[2428.55188851 3161.99733058],[1830.18052771 3071.49402654],[1845.81486263 2805.82473194]
DJI_20250520111618_0400_D:[3543.19982151 1444.71210536],[3561.95557652 1155.51252535],[4193.62618955 1255.59518235],[4177.25897446 1542.53178984]