1
DJI_20250602101937_0423_D:[2204.84242414 2114.92251511],[2213.84074444 1823.28395322],[2863.93209316 1887.33329435],[2854.94581605 2179.35464477]
DJI_20250602101935_0422_D:[2233.56948866 1760.19215395],[2243.46078624 1469.61051303],[2892.05333106 1533.56508756],[2883.21864693 1824.74514518]
DJI_20250602101939_0424_D:[2192.27408393 2460.8696567 ],[2200.56236406 2170.26217594],[2849.92609162 2234.62735307],[2840.63586417 2525.35552124]
DJI_20250602102053_0461_D:[2457.13662992 1721.43824998],[2450.69737771 2013.93193394],[1803.81653362 1955.53292196],[1810.85883697 1665.11593944]
DJI_20250602102055_0462_D:[2452.7709261  2068.28133918],[2447.12247619 2361.07460829],[1799.54203042 2301.51029165],[1804.76266546 2010.56963507]
DJI_20250602101933_0421_D:[2238.53560901 1395.98431084],[2248.85922102 1108.52717188],[2894.17079356 1170.91217666],[2886.00250838 1459.24330599]
DJI_20250602102051_0460_D:[2448.87247849 1379.19051864],[2442.1897188 1670.5258051],[1795.55106849 1614.68953063],[1803.88763561 1325.69025298]
DJI_20250602101711_0350_D:[2736.28270214 1812.48201663],[2721.39607415 2090.33707458],[2102.4420186  2021.81312324],[2117.59706187 1732.34420175]
DJI_20250602101941_0425_D:[2169.27935658 2810.1141328 ],[2176.69041775 2521.89702267],[2824.89505465 2586.2647063 ],[2815.43583568 2874.3693269 ]
DJI_20250602102057_0463_D:[2425.40868272 2408.97713735],[2420.16645604 2701.69376182],[1770.74247163 2639.85030679],[1774.52385078 2348.84033453]
2
DJI_20250602102055_0462_D:[3236.67599653 1886.52268182],[3230.90377443 2179.94406058],[2576.58581841 2122.7498227 ],[2582.41957988 1828.89978265]
DJI_20250602102053_0461_D:[3238.9017673  1541.62379465],[3233.61212761 1833.80995126],[2580.57146691 1775.06744196],[2586.97538036 1482.69307389]
DJI_20250602102057_0463_D:[3213.77283588 2226.80136541],[3207.11289874 2521.15103882],[2549.77897795 2464.42438183],[2555.45390663 2169.46628591]
DJI_20250602102321_0535_D:[2830.60742462 2278.7118545 ],[2839.34438249 1981.84822406],[3496.14204344 2045.71189787],[3487.0402149  2340.79339699]
DJI_20250602102319_0534_D:[2870.07691107 1943.26300037],[2878.34932671 1646.25387074],[3535.06577216 1711.81966128],[3527.4644595  2007.21617853]
DJI_20250602102051_0460_D:[3228.86590148 1200.30270624],[3224.61245095 1490.41959773],[2572.09863883 1431.58714556],[2578.53578626 1141.54904366]
DJI_20250602102323_0536_D:[2814.62754954 2606.08942551],[2823.6236972  2310.71143639],[3479.49517102 2372.48475904],[3469.10114597 2665.83463994]
DJI_20250602102317_0533_D:[2880.48801479 1570.53787543],[2888.17652861 1275.93391665],[3542.40632369 1342.92155059],[3536.54796242 1636.21957336]
DJI_20250602102059_0464_D:[3196.07559165 2577.56687393],[3188.79521234 2870.21027348],[2531.70903587 2814.88821786],[2536.91848688 2521.40540748]
DJI_20250602101935_0422_D:[1461.74308755 1932.0234215 ],[1471.8243813  1643.16680653],[2110.45449833 1704.86026208],[2100.90789158 1996.56542426]
3
DJI_20250602101933_0421_D:[2472.40936998 1884.18220843],[2481.51981561 1596.54226285],[3122.087872   1660.37808635],[3113.62232018 1947.80121427]
DJI_20250602101935_0422_D:[2468.47082344 2246.51304236],[2477.51390965 1958.25396487],[3119.40505654 2022.24313589],[3109.93319818 2310.00545099]
DJI_20250602101713_0351_D:[2483.69010646 1792.49645852],[2468.80076408 2071.62380384],[1838.41042807 2000.16775576],[1854.09293626 1710.27220527]
DJI_20250602101931_0420_D:[2508.96837017 1528.04652013],[2518.31305616 1243.18960393],[3155.13672575 1307.32301191],[3147.49274352 1592.13607651]
DJI_20250602101937_0423_D:[2441.1494063  2595.89218975],[2449.60228701 2308.89810986],[3091.34384233 2371.72257543],[3081.45111765 2658.00976313]
DJI_20250602101715_0352_D:[2470.74561342 2242.6597904 ],[2456.51674097 2522.02961595],[1825.35328058 2465.44846051],[1840.28383575 2174.99597799]
DJI_20250602101711_0350_D:[2520.32770825 1338.47734589],[2505.28939085 1616.8040498 ],[1876.12924564 1529.31312945],[1892.88851063 1240.52445993]
DJI_20250602102057_0463_D:[2189.96515581 1917.35093026],[2184.33934684 2208.03888914],[1546.44610242 2149.53607728],[1552.15385252 1861.58512371]
DJI_20250602102055_0462_D:[2219.20667947 1584.21578532],[2212.90816056 1872.7298133 ],[1578.26249    1817.50288013],[1585.60180085 1531.82560387]
DJI_20250602101717_0353_D:[2463.77378528 2634.67009576],[2455.79070142 2916.21411757],[1818.47481717 2884.11841569],[1826.94316102 2591.58526732]
4
DJI_20250602102057_0463_D:[2683.6499036  1707.98815944],[2677.94791946 2002.03465206],[2024.53292188 1944.67772314],[2030.9255162  1652.07062566]
DJI_20250602101933_0421_D:[1977.4230417  2084.38807537],[1986.50960262 1794.69546889],[2631.92717955 1858.23951072],[2622.89988542 2149.04884501]
DJI_20250602102059_0464_D:[2665.02024426 2057.54248538],[2659.51795924 2352.42504328],[2004.56978329 2294.05190788],[2009.71888291 2000.40859891]
DJI_20250602101931_0420_D:[2015.22261077 1724.8166996 ],[2025.43929499 1436.83448078],[2668.18740143 1498.9992309 ],[2659.11983955 1788.25976056]
DJI_20250602101935_0422_D:[1973.79459566 2448.04519014],[1981.94697821 2158.7909393 ],[2628.07979783 2224.158924  ],[2618.88434968 2514.24367379]
DJI_20250602102055_0462_D:[2709.6034106  1373.56497007],[2704.01526224 1664.32465637],[2055.05973911 1608.70281928],[2062.32547874 1319.50537443]
DJI_20250602102101_0465_D:[2637.68619605 2411.03193012],[2632.36663051 2703.62062914],[1980.37229998 2644.3862681 ],[1984.28901923 2352.82857409]
DJI_20250602101929_0419_D:[2056.67818311 1376.10642572],[2067.90168035 1090.19845796],[2709.74688605 1151.29420823],[2700.72125822 1438.64070165]
DJI_20250602101937_0423_D:[1948.39162854 2797.95994813],[1955.10735699 2511.06330465],[2600.17695264 2576.90255184],[2591.38393145 2864.40896907]
DJI_20250602102053_0461_D:[2714.24718237 1034.25280239],[2708.32096918 1321.37465191],[2062.48931527 1266.54576942],[2071.09921037  981.19013948]
5
DJI_20250602102059_0464_D:[3248.01536053 1892.94487923],[3242.59566783 2189.12744118],[2582.06385142 2132.25104331],[2587.58694174 1835.60413876]
DJI_20250602102057_0463_D:[3263.9465392  1543.87415469],[3259.29302722 1838.35023744],[2601.02318356 1780.45286574],[2606.84484514 1485.73470922]
DJI_20250602102101_0465_D:[3219.49062295 2248.08634581],[3213.26793891 2542.83876184],[2554.90600018 2487.15008658],[2560.15314465 2191.73716303]
DJI_20250602102317_0533_D:[2823.14473604 2257.90840679],[2831.69651434 1960.59964944],[3489.69604644 2024.27909157],[3480.81060806 2319.87661303]
DJI_20250602102315_0532_D:[2851.40209926 1903.85202017],[2859.51648088 1606.71493972],[3517.09352152 1672.1320206 ],[3509.78778785 1967.78169045]
DJI_20250602102055_0462_D:[3284.27650561 1211.10868463],[3280.653146   1501.41309381],[2627.8155639  1443.32077137],[2633.60516226 1152.9395565 ]
DJI_20250602102313_0531_D:[2855.08694943 1547.07118674],[2862.7372384  1253.14318674],[3516.18896367 1319.7327373 ],[3510.43760943 1612.47469469]
DJI_20250602102319_0534_D:[2811.60523029 2630.30958937],[2820.57204287 2334.28099277],[3478.37275929 2395.98367901],[3467.89826368 2690.00497393]
DJI_20250602102103_0466_D:[3195.4718839  2586.55509031],[3188.18008547 2878.5977584 ],[2532.58295059 2823.144264  ],[2537.8959229  2530.28700537]
DJI_20250602101931_0420_D:[1447.72633439 1878.92307219],[1458.03134206 1591.22935811],[2093.97261421 1652.01585385],[2084.36080878 1942.62225396]
6
DJI_20250602102315_0532_D:[2220.6519803  2088.57336669],[2229.30009355 1790.85227955],[2892.93135432 1854.67338288],[2884.53694761 2152.75794802]
DJI_20250602102313_0531_D:[2227.10717185 1730.48254475],[2236.35489496 1435.00644356],[2896.33072489 1497.82200891],[2888.44526475 1793.93405199]
DJI_20250602102317_0533_D:[2193.66328573 2441.84711238],[2201.60782915 2145.01785962],[2864.67129363 2209.31994756],[2855.82625107 2506.2856871 ]
DJI_20250602102443_0576_D:[2448.42290558 1813.83479882],[2441.7412918  2116.35167601],[1773.40143683 2055.04626563],[1780.44161386 1754.76519428]
DJI_20250602102445_0577_D:[2430.52239258 2172.42867584],[2424.30360378 2474.35376304],[1756.61076773 2410.9797743 ],[1762.08387557 2111.01937266]
DJI_20250602102441_0575_D:[2449.73552285 1445.91285814],[2442.76964957 1747.99706752],[1773.54232289 1689.41481199],[1782.00443098 1389.88369449]
DJI_20250602102311_0530_D:[2243.22719196 1357.58361414],[2252.91939509 1065.01125071],[2910.64083133 1126.49997266],[2903.43256013 1419.95618263]
DJI_20250602102319_0534_D:[2183.67309632 2812.43906284],[2190.88254427 2517.9352256 ],[2853.12603495 2582.58100674],[2843.83247621 2876.92170513]
DJI_20250602102101_0465_D:[3836.19344544 2057.73323871],[3830.21133736 2351.33762158],[3179.98159819 2297.80433132],[3185.51003803 2001.69112661]
DJI_20250602102447_0578_D:[2390.7381067  2524.01002474],[2385.09607338 2823.31900762],[1720.51702195 2757.97713795],[1724.35818844 2460.47358174]
7
DJI_20250602102445_0577_D:[2936.40649542 1988.22832656],[2929.8173019  2289.90063259],[2257.82810559 2229.3205393 ],[2264.23422866 1928.10295545]
DJI_20250602102443_0576_D:[2953.7779692  1631.23631692],[2947.59048573 1932.53937055],[2275.59747633 1872.2362055 ],[2282.70728937 1571.65531795]
DJI_20250602102447_0578_D:[2895.71134306 2339.63852634],[2888.84873175 2639.72380036],[2218.85372324 2578.97711153],[2224.47809434 2279.19809191]
DJI_20250602102441_0575_D:[2954.85292542 1265.25453317],[2949.25272847 1565.17702331],[2276.77947472 1505.76820768],[2284.44239038 1206.87519282]
DJI_20250602102313_0531_D:[1736.39204277 1907.93924333],[1745.81368791 1614.13416987],[2399.15287098 1675.30966397],[2390.53311448 1971.15928806]
DJI_20250602102315_0532_D:[1728.98612125 2263.48863252],[1736.96762388 1968.40338327],[2393.325418   2032.27824535],[2385.04938263 2329.15422977]
DJI_20250602102311_0530_D:[1752.4133848  1537.45964423],[1763.13803321 1245.55693027],[2414.95507806 1303.62275042],[2406.14127479 1597.81146327]
DJI_20250602102657_0643_D:[3090.15941433 2184.76547909],[3101.05534757 1886.22278171],[3756.94821499 1955.80481214],[3745.86564398 2251.90961907]
DJI_20250602102317_0533_D:[1704.56273742 2612.2243716 ],[1710.95590267 2319.00815095],[2365.87107741 2385.07151734],[2358.05046343 2679.84516735]
DJI_20250602102655_0642_D:[3110.61243451 1822.51888151],[3120.70921311 1525.26495366],[3774.18483976 1597.52710744],[3764.99672517 1892.57338965]
8
DJI_20250602102655_0642_D:[2617.8764549  1994.84120552],[2628.84185588 1695.33538675],[3293.99229916 1765.71892894],[3283.3921191  2064.42110402]
DJI_20250602102657_0643_D:[2596.41828224 2359.09304372],[2607.32886298 2059.27542467],[3274.08685731 2128.7117268 ],[3262.42305194 2427.50525279]
DJI_20250602102445_0577_D:[3432.48151085 1806.6089173 ],[3426.45307751 2108.52286691],[2753.63751801 2048.61190373],[2760.03689966 1745.65788794]
DJI_20250602102447_0578_D:[3392.05423083 2158.31395423],[3384.90499469 2459.63254001],[2712.98332801 2401.34804141],[2719.43144109 2098.8448879 ]
DJI_20250602102653_0641_D:[2634.11792325 1653.89849054],[2645.21721362 1355.85084495],[3308.79846023 1427.34149466],[3299.13044429 1724.81609239]
DJI_20250602102443_0576_D:[3448.32530104 1450.61432934],[3443.55557386 1751.20677852],[2771.3686261  1689.80254469],[2777.62831489 1388.44616974]
DJI_20250602102659_0644_D:[2562.75530572 2689.34258999],[2573.41689976 2391.33963256],[3239.56691484 2459.52582753],[3227.08037963 2756.31341837]
DJI_20250602102449_0579_D:[3356.41032296 2508.45537439],[3347.84104346 2807.21853433],[2678.69449324 2749.79913759],[2685.45604561 2449.68739925]
DJI_20250602102651_0640_D:[2657.72945135 1287.32621059],[2668.59579677  992.2204203 ],[3330.14566831 1064.19019048],[3321.859023   1358.94761453]
DJI_20250602102441_0575_D:[3448.15133982 1085.97048486],[3444.84322109 1384.20278115],[2772.63219521 1321.88220434],[2778.59265282 1023.1917832 ]
9
DJI_20250602102103_0466_D:[3125.21795274 1673.77928634],[3120.3214539  1967.57298225],[2464.35208817 1910.57583882],[2470.16184059 1616.89951902]
DJI_20250602102105_0467_D:[3116.75560074 2031.37426355],[3110.85661349 2326.66263807],[2452.39571546 2269.09896089],[2458.16432232 1973.73357993]
DJI_20250602102101_0465_D:[3145.73779072 1337.0986238 ],[3141.91279599 1629.33899832],[2486.230904   1572.87883959],[2491.9556241 1280.8920951]
DJI_20250602102107_0468_D:[3095.96139788 2399.37234134],[3088.92452779 2693.26807802],[2431.72969788 2635.15452177],[2437.51783939 2340.97349193]
DJI_20250602102311_0530_D:[2930.45405384 2091.52200294],[2938.53863014 1796.05155104],[3590.78030557 1859.79123068],[3582.8184529  2153.39000522]
DJI_20250602102309_0529_D:[2953.85141804 1746.30925524],[2961.42719736 1452.38523378],[3611.33385462 1518.07990393],[3604.89868789 1810.36081357]
DJI_20250602102313_0531_D:[2914.1170652  2463.48080319],[2922.83863834 2168.84886327],[3574.61750763 2230.48736963],[3564.91552906 2522.99925034]
DJI_20250602101927_0418_D:[1569.94541661 2084.42617437],[1579.51007798 1795.97572121],[2218.70368205 1859.92632821],[2209.21343695 2150.74142997]
DJI_20250602101925_0417_D:[1590.52219237 1756.52447941],[1602.24550506 1469.4241712 ],[2239.31545059 1531.48502492],[2228.70748047 1821.14569008]
DJI_20250602101929_0419_D:[1546.40337422 2423.85100263],[1553.95214952 2136.60160151],[2191.93714013 2202.78412758],[2183.41454977 2492.19099207]
10
DJI_20250602102309_0529_D:[2347.81405368 1905.99974091],[2356.45840293 1608.44879314],[3019.74132268 1672.06218877],[3011.78951016 1969.723026  ]
DJI_20250602102311_0530_D:[2323.29831671 2254.8218594 ],[2331.46352135 1956.5562105 ],[2996.4168618  2020.27763071],[2987.88581963 2318.43161668]
DJI_20250602102307_0528_D:[2379.31603376 1575.00141658],[2388.24445657 1279.19096761],[3049.86425628 1342.48960851],[3042.63325619 1638.59161887]
DJI_20250602102313_0531_D:[2308.425878   2628.76249826],[2316.16754078 2332.28276728],[2979.96507477 2396.13389645],[2970.71576964 2692.24053543]
DJI_20250602102447_0578_D:[2299.66820953 1611.2980002 ],[2292.77474317 1913.93553396],[1625.83348397 1854.71170384],[1633.90913412 1554.93941039]
DJI_20250602102449_0579_D:[2266.37747884 1962.86571638],[2259.77217383 2265.47328986],[1594.47206396 2202.62642588],[1601.1580047  1902.72257505]
DJI_20250602102105_0467_D:[3722.30372836 1865.83714874],[3717.1498016  2162.20998986],[3059.08135258 2105.31139262],[3064.55908092 1807.02564474]
DJI_20250602102107_0468_D:[3702.82028382 2235.96322684],[3695.42256382 2531.85812828],[3037.79530846 2476.73127706],[3044.36789376 2178.70361581]
DJI_20250602102103_0466_D:[3726.21718778 1508.26252376],[3723.07442951 1802.2352483 ],[3068.19500161 1743.66584339],[3072.72726681 1448.01197037]
DJI_20250602102305_0527_D:[2382.55344174 1229.23261627],[2391.94148029  937.35320164],[3049.61669656 1000.15735881],[3042.97001255 1292.60244327]
11
DJI_20250602101923_0416_D:[2088.28866745 1878.58654894],[2099.36677232 1587.84452056],[2747.52296931 1654.16797506],[2737.24065815 1945.84229523]
DJI_20250602101925_0417_D:[2057.50213499 2221.17178084],[2067.35089133 1929.44878857],[2717.62620912 1996.2004527 ],[2707.49560114 2288.67986122]
DJI_20250602102107_0468_D:[2602.95534783 1933.05022163],[2596.7740618  2230.54803221],[1937.30107782 2170.55514948],[1943.74716767 1874.71629925]
DJI_20250602102105_0467_D:[2623.28110892 1563.98286796],[2617.45789786 1860.52385433],[1958.27146509 1803.39287816],[1965.48010534 1508.69655992]
DJI_20250602101921_0415_D:[2125.15531733 1520.73169975],[2137.22367951 1232.21779197],[2783.21472887 1297.74478094],[2773.03927308 1587.38153818]
DJI_20250602101927_0418_D:[2039.70591663 2551.89243271],[2048.07704599 2260.99962996],[2698.99074795 2327.63209715],[2689.253344   2619.06025054]
DJI_20250602102109_0469_D:[2585.57330351 2265.71798953],[2579.97355951 2561.36335357],[1923.58327305 2500.99977477],[1928.3730515  2206.79185854]
DJI_20250602102103_0466_D:[2634.16339635 1209.4150836 ],[2628.59599329 1502.22693292],[1973.41555401 1447.86571984],[1981.39212096 1157.04423006]
DJI_20250602102111_0470_D:[2557.91077691 2618.84295562],[2552.60408967 2911.59542652],[1898.99415504 2849.91350165],[1902.33435819 2558.37928888]
DJI_20250602101929_0419_D:[2016.17899275 2890.69783193],[2023.22282143 2603.25011616],[2671.42824428 2670.04398507],[2661.94906446 2957.82127708]
12
DJI_20250602101723_0356_D:[1863.83748094 2007.0211142 ],[1852.21945618 2298.78632529],[1177.48918118 2234.67947075],[1193.80835853 1934.36799112]
DJI_20250602101725_0357_D:[1823.14779193 2372.37077103],[1806.98600263 2669.22429966],[1123.49221221 2599.84577581],[1148.47834077 2294.89499819]
DJI_20250602101541_0305_D:[1854.38326839 1970.91426599],[1867.5336777  1680.53618654],[2513.44384526 1751.39178949],[2500.84872111 2043.07687329]
DJI_20250602101543_0306_D:[1812.80984121 2305.09852607],[1824.73099656 2014.99203685],[2470.36046153 2087.40987091],[2457.9669505  2378.70382738]
DJI_20250602101539_0304_D:[1896.55745572 1621.90711932],[1910.91922714 1333.11036508],[2555.47276159 1402.45501116],[2542.75017572 1692.71061269]
DJI_20250602101727_0358_D:[1834.48153227 1742.39694353],[1835.3730249  2034.82255497],[1151.15981675 2000.25669327],[1140.93288614 1697.60457763]
DJI_20250602101721_0355_D:[1877.67236739 1506.8647572 ],[1863.37310359 1794.61670229],[1188.32717509 1712.18118704],[1209.69821023 1416.49859395]
DJI_20250602101729_0359_D:[1845.39605169 2115.73215362],[1848.12088762 2398.40969366],[1184.99490505 2376.40528261],[1176.15662592 2084.17998646]
DJI_20250602101545_0307_D:[1789.8973627  2662.92979231],[1800.07978805 2375.38209654],[2443.08624744 2448.57477941],[2431.36713394 2737.12163081]
DJI_20250602101537_0303_D:[1944.74598654 1261.3361344 ],[1960.17045566  976.29484513],[2601.41575268 1043.80879183],[2588.76438503 1330.50792747]
13
DJI_20250602101921_0415_D:[2692.29418262 1986.83923623],[2702.76804158 1697.51133815],[3344.57419281 1765.54473977],[3334.56977326 2053.89572511]
DJI_20250602101723_0356_D:[2364.22283286 1880.45760458],[2355.83591533 2157.61613641],[1723.63747713 2093.23680857],[1736.67659211 1806.83264225]
DJI_20250602101725_0357_D:[2328.33304681 2245.69061979],[2318.53542657 2526.15912551],[1680.08609526 2459.25214597],[1698.32561269 2169.8575457 ]
DJI_20250602101923_0416_D:[2656.82375797 2342.73240908],[2667.17380556 2053.42531296],[3309.78096664 2119.79198167],[3298.82106633 2407.92503928]
DJI_20250602101727_0358_D:[2349.33627232 1579.30261433],[2343.23454122 1862.73298396],[1695.82653771 1823.18759597],[1693.98697766 1528.44569232]
DJI_20250602101919_0414_D:[2724.98991468 1609.60806528],[2735.46353182 1321.47403706],[3376.66241384 1391.18020519],[3367.76884539 1678.56408924]
DJI_20250602101729_0359_D:[2339.46614674 1947.27921801],[2337.587407   2220.39044372],[1711.34314332 2194.98041242],[1708.26555734 1911.43723008]
DJI_20250602101925_0417_D:[2627.71008061 2681.52526868],[2637.69814873 2393.38953009],[3281.09616791 2457.83345774],[3269.43563757 2744.61319809]
DJI_20250602101721_0355_D:[2376.74738817 1407.68355465],[2367.28757333 1680.09936546],[1736.27524935 1596.39382016],[1752.2449897  1315.42789481]
DJI_20250602101917_0413_D:[2742.96945796 1268.71727306],[2753.19655485  984.61191773],[3389.94056242 1054.90925788],[3382.27500122 1338.51136606]
14
DJI_20250602101539_0304_D:[2329.1887314  2098.72974601],[2341.88010126 1806.73265697],[2991.42342781 1879.06583547],[2978.94907064 2170.7741422 ]
DJI_20250602101537_0303_D:[2375.33516357 1733.84541326],[2388.46176724 1443.2335072 ],[3036.14842653 1515.78102055],[3024.39326092 1806.31984119]
DJI_20250602101541_0305_D:[2287.96594815 2448.792856  ],[2300.05248422 2157.47489183],[2949.67670211 2229.41080875],[2936.71160301 2520.28139503]
DJI_20250602101729_0359_D:[1372.95291414 1660.69295546],[1377.42961494 1957.66675868],[ 685.54653466 1920.12384112],[ 676.66849086 1614.94964141]
DJI_20250602101727_0358_D:[1344.70726165 1258.31183181],[1349.37778882 1569.12404385],[ 631.77177446 1520.25825116],[ 619.98658715 1201.13453078]
DJI_20250602101347_0248_D:[3672.8471571  1905.17926077],[3665.62268216 2192.58274745],[3027.12789825 2133.46073284],[3034.38295323 1844.61542446]
DJI_20250602101535_0302_D:[2426.99710428 1371.38389169],[2440.1785673  1084.21204549],[3084.31161459 1156.41560131],[3073.62523843 1443.72803801]
DJI_20250602101543_0306_D:[2246.30178403 2781.50433433],[2257.73136098 2492.59186556],[2905.97167406 2564.31553224],[2892.63275374 2852.66418641]
DJI_20250602101345_0247_D:[3695.41751087 1566.94538377],[3689.9716143 1853.8044655],[3051.23614128 1793.05851129],[3057.74190804 1504.96002513]
DJI_20250602101349_0249_D:[3656.73158666 2240.62836266],[3648.09944251 2527.30805713],[3010.32200417 2470.47370253],[3017.99807869 2182.12905726]
15
DJI_20250602101349_0249_D:[2912.45339262 1959.62224171],[2905.14407547 2250.28231231],[2258.41324041 2189.35714751],[2265.66972425 1899.5351825 ]
DJI_20250602101347_0248_D:[2928.77607121 1620.53050642],[2921.75469189 1910.66225446],[2275.19016022 1850.34844788],[2283.14874507 1561.26688708]
DJI_20250602101351_0250_D:[2897.2030324  2295.23293188],[2889.3726401  2585.34386327],[2242.57975277 2523.33478703],[2249.36804966 2233.83313176]
DJI_20250602101345_0247_D:[2951.93945024 1280.34577471],[2945.53648746 1568.6519421 ],[2299.48538027 1509.61355703],[2307.86046532 1222.54561342]
DJI_20250602101159_0194_D:[1786.08870451 2168.32563959],[1792.23448335 1885.59211961],[2421.43510999 1942.61464918],[2415.09927782 2226.982441  ]
DJI_20250602101157_0193_D:[1795.64688961 1816.70968125],[1803.22156326 1534.84601495],[2430.78230323 1589.73147589],[2424.03774917 1873.435747  ]
DJI_20250602101201_0195_D:[1769.19004662 2498.97835387],[1773.90076148 2217.76933632],[2401.63088528 2276.32074078],[2395.80478808 2558.97275739]
DJI_20250602101155_0192_D:[1805.9013046  1461.53085011],[1814.85060771 1182.08999045],[2439.89440882 1234.54472169],[2432.7977387  1516.03846673]
DJI_20250602101353_0251_D:[2873.98573315 2644.32888811],[2865.82129125 2931.57281899],[2221.57845732 2869.04527972],[2227.65082325 2582.17248568]
DJI_20250602101537_0303_D:[3131.2305701  2033.32927087],[3143.37689023 1740.46923564],[3784.36614475 1814.40610633],[3772.70844337 2104.59670508]
16
DJI_20250602101505_0287_D:[2581.5650769  2101.99149311],[2591.69251055 1814.40601167],[3231.14650102 1880.83712793],[3220.63258266 2167.7295283 ]
DJI_20250602101503_0286_D:[2583.92859332 1763.03887327],[2594.33653757 1476.27114358],[3232.44751449 1543.69034974],[3222.67163236 1830.01096467]
DJI_20250602101421_0265_D:[3451.26987969 1922.22776537],[3444.35537002 2210.78970555],[2801.73320861 2151.4848174 ],[2808.89215957 1862.0644049 ]
DJI_20250602101507_0288_D:[2590.0563088  2473.42695463],[2599.88504908 2187.24758033],[3238.17735906 2252.1241024 ],[3226.89448506 2537.27489556]
DJI_20250602101419_0264_D:[3460.57474088 1573.28069653],[3454.83878852 1860.63261493],[2813.2303871  1799.93368376],[2820.24357112 1511.93302828]
DJI_20250602101423_0266_D:[3424.2754347 2293.4657591],[3415.82735368 2582.22856591],[2771.75499719 2523.62693957],[2779.34647047 2233.82918415]
DJI_20250602101501_0285_D:[2596.42595127 1410.48820677],[2606.95005794 1125.92077787],[3243.20353958 1193.92512978],[3234.39294669 1478.276715  ]
DJI_20250602101417_0263_D:[3514.37457939 1212.34221824],[3510.24338936 1496.2030095 ],[2872.16261537 1434.44556403],[2878.6468076  1150.04317409]
DJI_20250602101509_0289_D:[2545.43375577 2832.42297194],[2555.10446477 2548.14345246],[3194.27550554 2612.244556  ],[3182.067267   2895.29929452]
DJI_20250602101425_0267_D:[3409.25287374 2656.52438274],[3399.50957146 2942.74362537],[2757.41885469 2885.55305578],[2765.2217218  2598.06525859]
17
DJI_20250602101801_0375_D:[2442.94653333 2530.51749542],[2474.34779301 2827.15207126],[1797.86889172 2855.04904479],[1775.625834   2549.20986023]
DJI_20250602101803_0376_D:[3246.89108842 1987.67081854],[3241.13912132 2282.66690847],[2583.35277702 2225.45261481],[2589.14000887 1930.06872613]
DJI_20250602101843_0396_D:[2765.37921106 1994.04090323],[2774.88504722 1701.41488162],[3423.32009061 1767.91132859],[3413.8817669  2059.25781627]
DJI_20250602101845_0397_D:[2729.78807408 2338.83119592],[2739.63032807 2046.38635653],[3388.83765507 2111.76838423],[3378.0289441  2402.73037044]
DJI_20250602101805_0377_D:[3239.06711531 2383.30975754],[3231.76774247 2677.21562048],[2574.76030057 2619.75159983],[2580.88703183 2325.21104763]
DJI_20250602101841_0395_D:[2788.80362429 1672.35988346],[2797.98872896 1381.28339312],[3444.19853895 1448.77029607],[3436.03503004 1738.78583397]
DJI_20250602101759_0374_D:[2500.46754907 2029.2666387 ],[2532.13321496 2318.14922226],[1860.90888132 2332.42508943],[1838.84807668 2034.08506154]
DJI_20250602101847_0398_D:[2715.40424295 2680.87204372],[2725.39781091 2390.03706751],[3374.4068465  2453.83563056],[3362.43312224 2742.94690401]
DJI_20250602101839_0394_D:[2799.68509958 1306.49280668],[2808.49583524 1018.54391336],[3451.84950342 1087.01647838],[3445.16710052 1374.16315887]
DJI_20250602101503_0286_D:[1439.04393249 1855.95592682],[1449.88833456 1573.03436262],[2074.71064885 1635.4626779 ],[2064.21581694 1921.26645486]
18
DJI_20250602101423_0266_D:[3266.91414402 1833.56165502],[3260.02813139 2123.77898193],[2612.97536215 2063.30454129],[2620.42467709 1772.90601682]
DJI_20250602101425_0267_D:[3253.74158195 2198.50062008],[3245.78485186 2488.49662119],[2599.03715638 2428.41516109],[2606.48246778 2138.02204929]
DJI_20250602101501_0285_D:[2748.89107415 1867.62114749],[2759.28735242 1580.12322232],[3396.85071603 1648.31526996],[3386.81465916 1934.76515751]
DJI_20250602101503_0286_D:[2736.43704448 2221.03582923],[2746.92221801 1933.61708942],[3384.65564384 2000.23713724],[3373.44935553 2286.3795104 ]
DJI_20250602101421_0265_D:[3292.62178702 1464.82716487],[3287.05812125 1752.50697449],[2643.0812321  1692.26221938],[2650.2858563  1404.55628372]
DJI_20250602101459_0284_D:[2778.41384172 1524.68906401],[2788.43699633 1238.33375519],[3425.41741072 1307.62501348],[3416.7800933  1593.08243076]
DJI_20250602101505_0287_D:[2734.2716464  2558.73914358],[2744.68986031 2272.67007607],[3382.12369222 2337.31622988],[3369.96741075 2621.86907945]
DJI_20250602101427_0268_D:[3237.64893969 2559.73919121],[3228.50709312 2847.44445711],[2584.01106147 2787.58949549],[2591.57126726 2499.26804963]
DJI_20250602101419_0264_D:[3301.01659244 1119.61403366],[3296.40415035 1403.8954135 ],[2655.05059671 1343.199593  ],[2662.3188993  1059.08273855]
DJI_20250602101123_0176_D:[1473.62734393 2061.89610297],[1479.86679493 1785.5964019 ],[2090.8164527  1840.69450382],[2084.51841083 2119.57036827]
19
DJI_20250602101805_0377_D:[2823.8546461  1898.59568842],[2817.7018789 2195.892866 ],[2156.47622776 2136.30910675],[2163.03032255 1840.09198266]
DJI_20250602101803_0376_D:[2830.76784506 1502.6287604 ],[2825.43416036 1798.35609252],[2165.3507823  1741.23456673],[2172.2905602  1446.80600705]
DJI_20250602101807_0378_D:[2814.69889614 2288.64632065],[2808.01801052 2586.13517827],[2145.40321105 2524.8599836 ],[2151.28791333 2228.17947211]
DJI_20250602101501_0285_D:[1833.7250061  1978.69453791],[1844.23227511 1692.02468193],[2481.93590491 1757.65169486],[2471.44661264 2045.91399767]
DJI_20250602101503_0286_D:[1823.38973584 2330.59236499],[1832.41271677 2044.7066746 ],[2469.69161802 2112.00561299],[2459.60836964 2399.24146736]
DJI_20250602101459_0284_D:[1861.34644104 1637.1052508 ],[1872.99353879 1350.81178389],[2511.26829608 1414.35942867],[2500.66618369 1702.40769012]
DJI_20250602101801_0375_D:[1980.03178284 2097.47747618],[2003.23920126 2388.693121  ],[1318.3008556  2401.18803071],[1306.33734261 2102.7463519 ]
DJI_20250602101505_0287_D:[1823.6753715  2666.63357776],[1831.16460656 2382.72832502],[2467.83912275 2451.15956482],[2458.27704925 2736.15895615]
DJI_20250602101809_0379_D:[2769.82416959 2681.05827092],[2762.704196   2976.04583669],[2102.09647701 2912.48698771],[2107.21125495 2618.28778007]
DJI_20250602101457_0283_D:[1875.23584701 1293.206258  ],[1888.07217871 1010.12800458],[2522.9668093  1071.39472102],[2512.21324343 1356.4266401 ]
20
DJI_20250602101459_0284_D:[2321.40751025 1910.8918999 ],[2331.95373762 1622.78977789],[2973.87477955 1689.55193931],[2963.55674116 1977.79818461]
DJI_20250602101501_0285_D:[2292.99173857 2252.80586196],[2303.09723392 1965.53622246],[2943.83905266 2032.55658408],[2932.93963106 2319.81531669]
DJI_20250602101457_0283_D:[2333.17978417 1564.35449381],[2344.19384797 1278.21536664],[2983.5893413  1344.56783918],[2973.84469498 1631.06220344]
DJI_20250602101503_0286_D:[2282.16547367 2603.67604466],[2291.54174698 2318.4938101 ],[2930.90891191 2385.24045666],[2919.66364723 2670.17870592]
DJI_20250602101807_0378_D:[2333.29064394 2011.05655371],[2326.88121215 2308.32001049],[1672.43863456 2246.52267945],[1678.96715701 1951.80292387]
DJI_20250602101805_0377_D:[2344.54526273 1624.23440202],[2337.82083679 1919.83063705],[1685.82513674 1861.96443803],[1693.82487223 1569.13742369]
DJI_20250602101425_0267_D:[3704.33994033 1805.28578204],[3698.10205037 2094.34714414],[3055.85484905 2034.3608162 ],[3062.74680155 1743.81728714]
DJI_20250602101427_0268_D:[3690.36816232 2166.16095152],[3682.14426298 2454.97973908],[3040.56571552 2396.63394108],[3048.37411239 2106.12017481]
DJI_20250602101455_0282_D:[2348.24192572 1222.9505719 ],[2359.67171768  940.4123639 ],[2995.359782   1006.25042566],[2986.23765094 1289.3357336 ]
DJI_20250602101423_0266_D:[3714.26515952 1443.92807056],[3709.88506364 1731.16861004],[3068.88647069 1669.36746036],[3074.98771889 1380.862961  ]
21
DJI_20250602101807_0378_D:[3320.40983739 1867.26962316],[3314.49819239 2165.34462375],[2649.87821431 2106.08531355],[2656.30075226 1807.53297488]
DJI_20250602101839_0394_D:[2706.52232506 2197.7037911 ],[2716.11188878 1903.85838148],[3368.23967778 1969.65428914],[3358.04461822 2262.22349648]
DJI_20250602101837_0393_D:[2715.39411472 1867.53436404],[2724.71793461 1573.36899626],[3377.39422051 1640.17140205],[3368.49684017 1933.2585363 ]
DJI_20250602101809_0379_D:[3277.91498491 2260.70758073],[3270.51977005 2558.87858175],[2605.12556697 2499.38587584],[2611.81856778 2200.73014156]
DJI_20250602101805_0377_D:[3325.5680741  1480.31597459],[3321.11990117 1775.85616016],[2659.53668826 1716.59556911],[2665.67977363 1420.85924445]
DJI_20250602101841_0395_D:[2694.85860931 2566.19209077],[2704.56644301 2273.85573755],[3356.15676052 2338.09558205],[3344.71680833 2628.89994711]
DJI_20250602101835_0392_D:[2730.78827004 1511.69171227],[2739.85462761 1219.62310803],[3390.23472799 1287.46659983],[3382.72250323 1578.6590109 ]
DJI_20250602101811_0380_D:[3244.57510922 2635.4070081 ],[3236.05166687 2930.74433915],[2573.33962571 2871.84287543],[2579.971681   2575.79641579]
DJI_20250602101803_0376_D:[3328.09001804 1089.11786775],[3325.39448652 1380.70132714],[2666.74752416 1322.13886148],[2672.33147886 1030.58197234]
DJI_20250602101843_0396_D:[2670.84573778 2886.51197176],[2680.59119833 2596.68379454],[3331.45398865 2659.46672917],[3319.00119646 2947.54828818]
22
DJI_20250602101809_0379_D:[2847.67136629 1989.89363627],[2840.98948152 2289.70719652],[2174.38682929 2228.30177158],[2181.28258361 1929.62666211]
DJI_20250602101807_0378_D:[2891.11485422 1596.76687649],[2885.1893045  1895.18679474],[2219.51170332 1835.84579087],[2226.85309469 1538.54490329]
DJI_20250602101457_0283_D:[1788.18589189 1956.08126359],[1798.75782271 1668.47805796],[2438.26896264 1733.96892356],[2427.79608469 2023.24739114]
DJI_20250602101811_0380_D:[2815.54650818 2366.83786109],[2808.460098   2665.21010709],[2143.72896635 2602.42559045],[2149.84547165 2304.97612901]
DJI_20250602101459_0284_D:[1777.24596024 2302.862213  ],[1786.39797009 2015.30760066],[2426.8697281  2082.84411417],[2416.7655217  2371.85897717]
DJI_20250602101805_0377_D:[2898.45314126 1212.16670842],[2893.23812096 1506.60546438],[2231.73109327 1449.32336859],[2239.5240662  1156.23995254]
DJI_20250602101455_0282_D:[1803.41598022 1611.976885  ],[1815.36836777 1325.97884035],[2452.8070878  1389.32471444],[2442.0102425 1677.1848443]
DJI_20250602101837_0393_D:[3137.43301388 2138.62070487],[3147.03720206 1844.20168348],[3792.99579289 1910.26343065],[3782.97812395 2202.05809817]
DJI_20250602101501_0285_D:[1752.84005111 2640.75445856],[1760.6048888 2356.0463785],[2398.07795315 2425.49801291],[2388.34920691 2711.48611161]
DJI_20250602101813_0381_D:[2786.33247605 2730.02493237],[2779.02781261 3024.21066738],[2119.4312461  2960.44393508],[2124.60680006 2666.98258786]
23
DJI_20250602101455_0282_D:[2538.76074357 1885.2108713 ],[2549.25941723 1598.40048725],[3187.01375285 1665.77814088],[3176.85400906 1952.02450702]
DJI_20250602101457_0283_D:[2524.96916969 2229.18883602],[2535.28104372 1941.97147703],[3174.41113392 2008.65914256],[3163.39356349 2295.11689137]
DJI_20250602101429_0269_D:[3466.79827099 1862.23568568],[3459.92272113 2150.95819442],[2816.834047   2090.48564909],[2824.29440982 1801.03103832]
DJI_20250602101453_0281_D:[2563.83433158 1556.28973564],[2574.48586626 1271.17356001],[3210.18330963 1339.39627943],[3200.87260923 1624.06039891]
DJI_20250602101431_0270_D:[3443.65150611 2212.25968099],[3435.39372847 2500.55157476],[2793.00986955 2441.20201726],[2800.77228755 2151.97370499]
DJI_20250602101459_0284_D:[2514.17170153 2574.55992773],[2524.25625803 2288.58658395],[3163.55243842 2354.42302522],[3151.72464864 2639.42601154]
DJI_20250602101427_0268_D:[3488.59661879 1500.98290716],[3483.19504011 1788.71307989],[2839.90997133 1727.28691702],[2846.94781857 1439.0232304 ]
DJI_20250602101433_0271_D:[3418.28177674 2588.65112962],[3408.54523633 2874.0547477 ],[2769.45027252 2815.95090295],[2777.55226113 2529.37896475]
DJI_20250602101451_0280_D:[2598.76298884 1213.97461026],[2609.30368459  932.54999683],[3240.93717871 1001.35924845],[3232.74321837 1282.44408586]
DJI_20250602101425_0267_D:[3498.93529926 1144.8461357 ],[3495.22273816 1429.53424858],[2853.64875429 1367.78094556],[2860.0418535  1082.74676423]
24
DJI_20250602101811_0380_D:[2836.55139624 1903.09822014],[2829.82934083 2205.29544242],[2157.99805515 2143.49712519],[2165.24970975 1842.56938437]
DJI_20250602101809_0379_D:[2868.16514921 1523.79333831],[2861.98178474 1824.89789603],[2190.11171974 1764.8028893 ],[2198.03095606 1465.1624244 ]
DJI_20250602101813_0381_D:[2807.49378175 2272.90173988],[2800.42602235 2573.32493849],[2132.00117943 2510.25201072],[2138.39746321 2210.91450644]
DJI_20250602101455_0282_D:[1771.2699542  2057.18165829],[1781.59492638 1767.49179418],[2425.73704744 1834.16399831],[2415.23348537 2125.46293471]
DJI_20250602101453_0281_D:[1796.27186881 1724.40694536],[1808.04334168 1435.40096848],[2451.50216688 1500.39152753],[2440.59756408 1791.1184682 ]
DJI_20250602101457_0283_D:[1758.17258127 2403.86161923],[1766.98113229 2114.78265338],[2411.56206953 2183.38832331],[2401.49077955 2473.87109951]
DJI_20250602101807_0378_D:[2910.66977569 1132.71788609],[2905.39984396 1429.80503024],[2236.38944774 1371.73670369],[2244.6013656  1076.07134384]
DJI_20250602101451_0280_D:[1833.76495404 1376.77866325],[1846.74095123 1090.50920237],[2487.57103606 1153.46391487],[2476.52412473 1441.55271446]
DJI_20250602101815_0382_D:[2766.19601799 2653.87839121],[2758.71813867 2951.06189863],[2093.98400712 2886.11277387],[2099.57292042 2589.84100923]
DJI_20250602101835_0392_D:[3133.52552209 2239.77506511],[3143.39845286 1943.09988587],[3794.32472921 2008.73676115],[3783.74040449 2302.61177047]
25
DJI_20250602101813_0381_D:[3163.09322656 2048.2373443 ],[3156.17420678 2351.34191864],[2480.60669473 2289.87281117],[2487.55519432 1986.89176014]
DJI_20250602101811_0380_D:[3192.52536441 1675.71461317],[3186.657713   1979.29284508],[2508.82310465 1917.85313268],[2515.95868742 1614.57072531]
DJI_20250602101833_0391_D:[2796.39614725 2112.33360838],[2805.94629632 1813.48987608],[3467.17756368 1880.43050761],[3457.34054159 2177.55448995]
DJI_20250602101815_0382_D:[3121.34419572 2433.50266823],[3113.2849965  2734.66703812],[2440.16208471 2672.6030137 ],[2446.99542851 2371.40030166]
DJI_20250602101809_0379_D:[3222.60540944 1295.92329268],[3217.98220127 1597.06318755],[2541.26309974 1536.04945696],[2548.38595106 1235.40366165]
DJI_20250602101831_0390_D:[2796.22363242 1741.53327796],[2805.19616458 1444.26702207],[3463.78408742 1512.37268735],[3455.71468674 1808.17259153]
DJI_20250602101835_0392_D:[2785.40368835 2462.56810047],[2795.24320853 2164.08047031],[3457.83518849 2229.21040787],[3446.55907237 2525.77785515]
DJI_20250602101829_0389_D:[2812.23147571 1385.27380952],[2820.54676043 1091.13128493],[3475.45830166 1160.28704902],[3469.15757172 1453.12326645]
DJI_20250602101453_0281_D:[1452.04526464 1936.68911005],[1463.07786011 1646.55261154],[2104.61403106 1712.01469655],[2093.8063951  2004.78950516]
DJI_20250602101455_0282_D:[1428.96000417 2269.62866379],[1437.91375439 1979.94812012],[2079.00296775 2048.2256073 ],[2069.21592844 2340.42033375]
26
DJI_20250602101813_0381_D:[2799.91696661 1792.16401549],[2793.19859827 2095.49261585],[2118.98334114 2033.74448533],[2126.60329176 1731.95176803]
DJI_20250602101815_0382_D:[2759.10828182 2177.9040662 ],[2751.87106844 2480.63350021],[2079.46857192 2416.62366891],[2086.36138889 2115.27944027]
DJI_20250602101811_0380_D:[2828.53386379 1419.93656836],[2822.24068976 1722.41863719],[2146.49536375 1662.339773  ],[2154.91971518 1361.55528282]
DJI_20250602101451_0280_D:[1827.65748077 1836.23430168],[1839.03853104 1544.77953632],[2487.76318124 1611.10112397],[2476.92165943 1904.01684063]
DJI_20250602101453_0281_D:[1791.9284968  2188.04258633],[1801.96539811 1896.12870492],[2451.66630853 1964.30420477],[2441.07807802 2257.57201628]
DJI_20250602101449_0279_D:[1846.61124664 1477.14517899],[1859.15039018 1189.26936763],[2502.51233801 1253.15362943],[2491.60729378 1542.66887829]
DJI_20250602101817_0383_D:[2752.97930207 2542.87198407],[2745.54383978 2843.5742225 ],[2074.78137035 2778.12306068],[2080.69451307 2478.54544922]
DJI_20250602101455_0282_D:[1769.09762969 2521.65692542],[1777.58155025 2231.31765285],[2426.2982677  2300.96628756],[2416.198706   2592.53420829]
DJI_20250602101809_0379_D:[2859.47614406 1042.80880731],[2853.8043031  1341.51923357],[2179.96669442 1283.56347884],[2188.98238483  986.71973685]
DJI_20250602101831_0390_D:[3150.73690563 1996.27691805],[3159.76663599 1698.7053853 ],[3811.45872976 1766.23608861],[3802.52053429 2060.99631798]
27
DJI_20250602101451_0280_D:[2600.80653198 2106.51820313],[2611.33382791 1819.2809666 ],[3248.93768472 1886.55072414],[3238.13369728 2172.68871685]
DJI_20250602101435_0272_D:[3362.4041965  2059.95003235],[3354.40251604 2348.86803477],[2710.76226375 2287.83404719],[2718.76628854 1998.38806158]
DJI_20250602101449_0279_D:[2614.32983879 1750.85979358],[2624.74124596 1465.89644462],[3257.84511144 1533.77083987],[3248.19760975 1817.84723179]
DJI_20250602101433_0271_D:[3408.97585896 1689.62983367],[3402.54489493 1978.00632043],[2759.12832055 1916.80103988],[2766.66146004 1628.02120479]
DJI_20250602101453_0281_D:[2565.91395838 2452.50829456],[2576.35694438 2165.86809329],[3214.90715897 2232.07620338],[3203.15802332 2517.51460737]
DJI_20250602101437_0273_D:[3349.77955913 2413.15535621],[3340.67585542 2700.61253558],[2698.62190832 2640.66161547],[2706.66649597 2352.44022859]
DJI_20250602101447_0278_D:[2596.58224102 1407.94575657],[2608.31383214 1126.91001462],[3235.74992078 1198.02747487],[3225.75991473 1478.48749763]
DJI_20250602101431_0270_D:[3429.51899061 1312.98273928],[3424.68263187 1599.43733369],[2781.51714938 1537.81666741],[2788.59324229 1251.16827503]
DJI_20250602101455_0282_D:[2541.52790065 2778.99905236],[2551.66648063 2494.85991609],[3189.16920035 2559.76066429],[3176.72041449 2842.59812879]
DJI_20250602101439_0274_D:[3343.81463629 2750.23990179],[3333.5262949  3034.45087167],[2694.66007817 2975.63273794],[2702.85838765 2690.37869546]
28
DJI_20250602101815_0382_D:[3087.13495741 1751.46004237],[3080.66896251 2053.87091165],[2406.29506736 1992.03894108],[2413.80027022 1690.28598625]
DJI_20250602101817_0383_D:[3081.92716649 2116.19752992],[3074.6578079  2418.89381984],[2400.23656164 2356.52356683],[2407.36954888 2054.24415513]
DJI_20250602101813_0381_D:[3126.16698856 1368.04692647],[3120.93106174 1668.56954411],[2446.87852663 1607.88626393],[2454.39394952 1308.15187616]
DJI_20250602101829_0389_D:[2841.35412928 2055.37436713],[2850.30763528 1757.83528289],[3507.5044526  1823.77248821],[3498.44592729 2119.33572639]
DJI_20250602101819_0384_D:[3080.3784794  2500.54628069],[3072.2657002  2801.20863936],[2399.86411016 2738.66132273],[2406.60061003 2438.09955516]
DJI_20250602101827_0388_D:[2841.34168022 1711.11915286],[2850.75560535 1416.43352606],[3502.61954376 1485.8932378 ],[3494.15188486 1778.86702567]
DJI_20250602101831_0390_D:[2824.06052587 2413.05965004],[2833.63534084 2115.82307555],[3492.0311717 2180.1712364],[3481.23110533 2475.28681333]
DJI_20250602101449_0279_D:[1530.58226578 1881.93373734],[1541.74317815 1593.39345787],[2181.08538496 1658.18958338],[2170.31888536 1949.0010461 ]
DJI_20250602101451_0280_D:[1512.38195937 2241.550792  ],[1521.75801995 1951.59841828],[2164.70011831 2019.72453545],[2154.61188419 2311.77310901]
DJI_20250602101811_0380_D:[3153.15379437 1000.45992151],[3149.01835602 1297.72950936],[2475.44059695 1237.6507327 ],[2483.07988521  941.31324941]
29
DJI_20250602101449_0279_D:[2255.24455073 2161.12375184],[2265.56153075 1871.77514216],[2910.20512665 1939.119909  ],[2899.44026567 2228.27874676]
DJI_20250602101447_0278_D:[2237.19540367 1808.74591937],[2249.42739017 1521.46525023],[2889.44095729 1591.33804748],[2877.80440253 1878.72761162]
DJI_20250602101451_0280_D:[2240.41253667 2522.07648933],[2250.17383366 2232.57105059],[2897.78093681 2300.26030414],[2886.46586543 2589.37160732]
DJI_20250602101445_0277_D:[2433.3283928  1368.66535601],[2553.34105891 1108.85562742],[3118.96550019 1414.84189328],[3000.15185776 1675.66067101]
DJI_20250602101817_0383_D:[2320.98932529 1834.64572375],[2313.57688476 2134.86689707],[1653.88153994 2072.47772183],[1662.09988518 1775.3334587 ]
DJI_20250602101437_0273_D:[3714.62280502 1998.8500824 ],[3706.99050081 2290.56175117],[3059.35416663 2229.97979176],[3067.15629798 1936.68924197]
DJI_20250602101435_0272_D:[3725.06096618 1642.62036389],[3719.2224015  1933.67436148],[3071.55330628 1870.97319995],[3078.66205899 1578.58291518]
DJI_20250602101819_0384_D:[2319.92681167 2216.19201167],[2313.05031302 2515.92824335],[1653.99901504 2449.93679336],[1660.50318853 2152.99462713]
DJI_20250602101815_0382_D:[2327.88925725 1474.39441661],[2319.97987113 1772.97364997],[1661.30072609 1714.28672777],[1671.12750191 1418.97780113]
DJI_20250602101443_0276_D:[3283.21795211 1367.24742252],[3570.78425607 1379.9079786 ],[3505.29289171 2024.65459319],[3216.50075938 2013.7823607 ]
30
DJI_20250602101819_0384_D:[3326.70443615 2052.58581377],[3319.56611581 2357.26141032],[2640.52239856 2295.37956039],[2647.74920127 1990.38352371]
DJI_20250602101817_0383_D:[3326.60318672 1665.70889685],[3320.79747564 1969.89102041],[2641.49898777 1907.65641385],[2648.65761347 1603.46040049]
DJI_20250602101827_0388_D:[2600.89715519 2149.23764255],[2610.74894077 1851.12522377],[3272.30792753 1918.44665662],[3262.03403933 2215.19117794]
DJI_20250602101825_0387_D:[2639.79471017 1798.2415562 ],[2735.27224548 1515.98517317],[3348.69086842 1772.62852704],[3254.09830709 2054.06158057]
DJI_20250602101821_0385_D:[3235.77539329 1795.61532766],[3458.24023175 2002.57657472],[2963.12463944 2469.81219441],[2739.94427776 2263.15888268]
DJI_20250602101823_0386_D:[3007.41076994 1750.81562928],[3308.67005058 1759.67954002],[3242.91300655 2431.4904229 ],[2942.03061221 2423.59301839]
DJI_20250602101829_0389_D:[2600.67152391 2498.64132381],[2609.64520381 2199.84847036],[3275.07787244 2264.03748726],[3264.57729708 2561.21845982]
DJI_20250602101815_0382_D:[3329.52777476 1301.95418765],[3324.98870851 1603.41263709],[2647.53281594 1541.14551373],[2654.61106066 1239.90760449]
DJI_20250602101831_0390_D:[2582.97576774 2855.6565769 ],[2592.09489289 2559.55408616],[3256.85773804 2622.77178253],[3245.06075391 2917.12159272]
DJI_20250602101813_0381_D:[3365.42258208  922.02246781],[3362.68632703 1218.94752662],[2687.73094641 1157.05622283],[2694.26211093  860.46554154]
31
DJI_20250602101131_0180_D:[2051.58466031 2146.37219761],[2057.13455241 1866.34330249],[2681.79132002 1921.39689114],[2676.03808174 2202.24668412]
DJI_20250602101415_0262_D:[2715.84090958 1704.56941185],[2708.34264435 1993.72977493],[2065.87252977 1933.03259592],[2074.23430449 1645.36613606]
DJI_20250602101129_0179_D:[2082.52622035 1800.5608823 ],[2089.29327345 1521.37109074],[2712.46640648 1576.02901217],[2706.44145036 1856.2245282 ]
DJI_20250602101417_0263_D:[2696.06949278 2059.54879326],[2688.52554277 2349.0826324 ],[2045.85892174 2286.94447392],[2053.25341159 1998.70268466]
DJI_20250602101133_0181_D:[2022.57186809 2481.79795659],[2027.1024409  2202.19619364],[2652.77510964 2258.25623897],[2647.05594768 2538.50947349]
DJI_20250602101413_0261_D:[2724.64939434 1359.87570522],[2717.45446827 1647.43915865],[2075.60745532 1588.82952393],[2084.65600543 1302.99763236]
DJI_20250602101127_0178_D:[2117.98927939 1462.63653731],[2125.56734795 1185.6336916 ],[2746.58936113 1239.16309557],[2740.68068572 1517.34285825]
DJI_20250602101419_0264_D:[2635.95517359 2428.96877476],[2628.48987301 2717.33385555],[1986.74314893 2653.523964  ],[1992.95046186 2366.33672958]
DJI_20250602101411_0260_D:[2748.35383486 1024.84466414],[2741.45688559 1309.14915843],[2101.51867373 1252.50697608],[2111.21670322  970.07986304]
DJI_20250602101135_0182_D:[1990.26815578 2821.91949359],[1993.81637017 2544.79115016],[2618.49801417 2602.19870521],[2612.72241877 2879.81060303]
32
DJI_20250602101415_0262_D:[3409.69377084 1979.75875632],[3402.05397913 2270.87928708],[2753.62789154 2210.3981001 ],[2761.26822774 1918.45935587]
DJI_20250602101413_0261_D:[3418.1824442  1631.25568908],[3411.93772627 1922.04461438],[2763.02347785 1860.86251925],[2770.30130635 1569.52245078]
DJI_20250602101509_0289_D:[2695.63307972 1708.25428843],[2705.66349112 1416.97712055],[3353.05317687 1485.31122693],[3343.86908085 1775.7983457 ]
DJI_20250602101513_0291_D:[2623.12988627 2460.23155116],[2634.13606014 2168.04433658],[3284.72762685 2236.0438201 ],[3272.31366213 2526.90796996]
DJI_20250602101417_0263_D:[3390.18388299 2336.9695141 ],[3381.39444715 2627.17616758],[2733.59707038 2568.07844032],[2741.32936478 2276.82724913]
DJI_20250602101411_0260_D:[3439.78311057 1291.3876936 ],[3434.87148372 1580.00393168],[2787.30841266 1518.16499572],[2794.24460843 1229.17769947]
DJI_20250602101507_0288_D:[2740.14055933 1345.93016844],[2749.76471787 1058.58569484],[3391.85521905 1127.35706948],[3384.17315748 1414.11492573]
DJI_20250602101755_0372_D:[ 981.65798706 2377.73307392],[ 963.74049865 2693.37362421],[ 238.7008776 2624.5371438],[ 260.8270634  2303.11619704]
DJI_20250602101419_0264_D:[3329.74663919 2707.78358832],[3319.86970605 2995.50339644],[2673.07846107 2937.56555928],[2680.73925402 2648.66455631]
DJI_20250602101753_0371_D:[1000.39984064 1892.44573384],[ 978.65363265 2205.90648558],[ 251.45371669 2126.52765225],[ 280.00358358 1807.38612477]
33
DJI_20250602101133_0181_D:[2092.44083561 2055.04029421],[2098.20842035 1771.92310115],[2729.73991889 1827.19458295],[2724.00043428 2111.06862447]
DJI_20250602101413_0261_D:[2644.0557495 1798.5252889],[2636.53042867 2090.47632144],[1989.14792525 2029.02961954],[1997.22539528 1738.77198449]
DJI_20250602101131_0180_D:[2123.09481312 1716.59302579],[2129.70346296 1435.10134532],[2758.63662681 1489.32178157],[2753.05818792 1771.7347048 ]
DJI_20250602101135_0182_D:[2058.32889632 2401.44747437],[2063.29896185 2118.69887272],[2695.48743778 2175.35906243],[2689.47676269 2458.69884223]
DJI_20250602101415_0262_D:[2634.73969284 2147.85498864],[2627.07264194 2439.28994712],[1980.5956308  2375.86212999],[1987.79373247 2085.85402827]
DJI_20250602101411_0260_D:[2668.55339903 1456.33928057],[2661.14108049 1747.02614052],[2014.17922947 1687.58600193],[2023.12590041 1398.7589749 ]
DJI_20250602101129_0179_D:[2155.9395765  1369.76813191],[2163.58515202 1091.1549508 ],[2789.51021489 1144.91667679],[2783.8546468  1424.63366465]
DJI_20250602101417_0263_D:[2614.79865647 2505.67869926],[2607.27728501 2795.27369703],[1962.22089851 2730.45334143],[1968.22899193 2442.05848466]
DJI_20250602101409_0259_D:[2685.4300952  1105.41327031],[2678.36958137 1393.00252556],[2033.36118398 1336.24905517],[2042.99979774 1050.70916165]
DJI_20250602101137_0183_D:[2027.23744942 2745.03420964],[2031.16094011 2464.49442902],[2662.53154247 2522.15813276],[2656.50761254 2803.13832627]
34
DJI_20250602101513_0291_D:[2595.79841192 1997.23676049],[2606.65446503 1708.4619858 ],[3248.08598869 1776.93467319],[3237.24070455 2064.90429816]
DJI_20250602101411_0260_D:[3463.58589853 1750.4779276 ],[3457.01202285 2037.07238085],[2818.43421702 1977.19125275],[2825.60144199 1689.81091988]
DJI_20250602101413_0261_D:[3440.320162   2087.84751967],[3432.47940089 2374.46583167],[2794.0912745 2315.6386713],[2801.57015704 2028.05326053]
DJI_20250602101409_0259_D:[3477.92752787 1402.4053904 ],[3472.93988822 1687.30955754],[2835.36279579 1626.9173374 ],[2841.96197375 1341.44541103]
DJI_20250602101415_0262_D:[3429.75375756 2430.85834014],[3420.56016018 2715.66556497],[2784.20627514 2658.05813398],[2792.04928361 2372.02226702]
DJI_20250602101509_0289_D:[2666.05121165 1259.62489615],[2675.84283119  976.36082267],[3310.82972761 1043.94907728],[3303.19051231 1326.91352161]
DJI_20250602101751_0370_D:[1074.83387303 1943.10524764],[1055.7818194  2254.10308603],[ 333.29928445 2178.8999269 ],[ 358.19368724 1861.51241588]
DJI_20250602101753_0371_D:[1027.17693069 2388.15560961],[1010.18688602 2702.44176867],[ 287.92277185 2634.21233329],[ 308.42780864 2313.98961374]
DJI_20250602101407_0258_D:[3485.36470789 1026.5480918 ],[3481.97083686 1308.16559743],[2845.78061044 1247.00602195],[2851.92075505  965.06835085]
DJI_20250602101755_0372_D:[1014.11764429 2868.16889221],[1001.31091594 3181.49946229],[ 285.63171707 3122.93642535],[ 298.7722265  2804.68854303]
35
DJI_20250602101135_0182_D:[2113.76621984 1970.12573231],[2119.84325782 1687.11335834],[2751.17641454 1742.53557155],[2745.30893728 2026.28569438]
DJI_20250602101137_0183_D:[2081.12396785 2316.01195216],[2086.33049609 2033.0501177 ],[2718.5034167  2089.52660534],[2712.44721258 2373.08318448]
DJI_20250602101411_0260_D:[2609.15009782 1899.72866836],[2601.65436771 2191.15484933],[1956.01762755 2129.30237223],[1963.70430859 1839.57911202]
DJI_20250602101133_0181_D:[2148.92604577 1624.22617373],[2155.61419102 1342.99884831],[2784.64508049 1396.96387854],[2779.22427349 1679.08388617]
DJI_20250602101409_0259_D:[2626.61489377 1545.4340167 ],[2619.31991295 1835.96049539],[1974.01890972 1776.64129857],[1982.55445359 1488.02887517]
DJI_20250602101413_0261_D:[2584.55598269 2242.5589748 ],[2577.10814491 2533.15709936],[1932.56930987 2469.41977492],[1939.22639862 2180.336307  ]
DJI_20250602101139_0184_D:[2061.00742921 2680.08449831],[2065.52292981 2399.32963787],[2696.50519748 2457.41220158],[2690.05079457 2738.57072084]
DJI_20250602101407_0258_D:[2637.66836186 1161.43634571],[2630.43357049 1449.46044615],[1986.02074501 1392.69074819],[1995.65855561 1106.82761957]
DJI_20250602101131_0180_D:[2180.55650463 1289.31324798],[2187.90912809 1011.72295553],[2812.82872691 1064.56100599],[2807.72391148 1343.20035345]
DJI_20250602101415_0262_D:[2575.17219978 2589.77967284],[2567.71575063 2877.72778461],[1925.6110039  2812.27269348],[1931.26159108 2525.55600155]
36
DJI_20250602102241_0515_D:[2610.32451057 2229.67728863],[2618.10530552 1935.24383922],[3272.31652556 1997.11540907],[3264.06741169 2290.3831102 ]
DJI_20250602102239_0514_D:[2627.23568141 1873.72559837],[2634.9197514  1581.37811882],[3284.56370318 1643.85965685],[3277.49354688 1935.32500655]
DJI_20250602102135_0482_D:[3391.06004018 2065.33797919],[3385.65235293 2357.97533786],[2733.37030581 2302.98433432],[2738.62065243 2009.44394929]
DJI_20250602102133_0481_D:[3417.17160607 1686.1003561 ],[3413.50349578 1977.685917  ],[2762.68997228 1922.42109697],[2767.349452   1630.14025048]
DJI_20250602102243_0516_D:[2589.51275761 2568.9001751 ],[2597.17438543 2273.80176854],[3255.3942649  2334.56192254],[3246.22278771 2628.27038332]
DJI_20250602102237_0513_D:[2662.29468115 1527.78268982],[2669.60962498 1238.41260899],[3315.00179711 1301.0997611 ],[3309.33679789 1589.77518485]
DJI_20250602102137_0483_D:[3371.33966775 2374.43098196],[3365.22117488 2665.92435951],[2713.83414517 2612.85523197],[2718.81300033 2320.29880594]
DJI_20250602102131_0480_D:[3430.90133    1321.64692131],[3428.73509445 1611.49680973],[2778.0346679  1555.41219784],[2782.32351499 1265.09460116]
DJI_20250602102245_0517_D:[2566.87552973 2916.60780157],[2574.48466402 2623.94873403],[3232.49243299 2683.46478227],[3222.26764284 2974.50479391]
DJI_20250602102139_0484_D:[3365.03429496 2722.76728389],[3358.22415518 3010.78891306],[2710.33694412 2960.46922224],[2714.92519992 2671.1343842 ]
37
DJI_20250602102239_0514_D:[2025.72214298 2063.4334448 ],[2033.57310467 1768.02782062],[2692.11493728 1829.69430423],[2684.32882204 2125.93143267]
DJI_20250602102237_0513_D:[2063.41306651 1713.55874474],[2071.92985515 1420.15193415],[2727.19562509 1479.98307007],[2719.82877079 1774.3893269 ]
DJI_20250602102519_0594_D:[2587.87632674 1901.28257322],[2581.9911466  2205.47535261],[1908.47470981 2145.07512443],[1914.68301674 1842.92037639]
DJI_20250602102241_0515_D:[2005.98693169 2423.05229625],[2012.86907856 2126.55352514],[2675.42135888 2189.70009624],[2667.47013063 2486.76787456]
DJI_20250602102517_0593_D:[2580.67200301 1544.97772247],[2574.56417797 1847.82507884],[1902.57382061 1789.59322588],[1910.11435532 1489.0550202 ]
DJI_20250602102521_0595_D:[2563.45848107 2284.48249202],[2557.62542937 2587.81726189],[1885.01186786 2524.95849847],[1889.97005576 2223.40742248]
DJI_20250602102235_0512_D:[2110.55258267 1365.14036055],[2119.52356298 1074.82343813],[2771.68636761 1132.77380759],[2764.93903907 1424.23745713]
DJI_20250602102515_0592_D:[2603.93436068 1165.75343345],[2597.9433874  1465.80013324],[1927.19738761 1410.59866016],[1935.81287191 1113.04740245]
DJI_20250602102243_0516_D:[1983.14738942 2764.97881898],[1988.8756331  2468.87118285],[2654.65054254 2532.97035709],[2646.76269621 2829.44283486]
DJI_20250602102523_0596_D:[2561.32602596 2639.30806049],[2555.58396564 2939.28634481],[1886.26249917 2874.84427598],[1889.97107741 2576.29020426]
38
DJI_20250602102137_0483_D:[3351.28427184 1919.14936811],[3346.71886963 2215.0080465 ],[2687.02738185 2159.74709343],[2691.88505353 1863.23403433]
DJI_20250602102237_0513_D:[2686.02755955 1981.3412396 ],[2693.50218448 1686.76384595],[3347.16715514 1748.99492228],[3339.96825628 2042.41216926]
DJI_20250602102135_0482_D:[3370.10095344 1607.62126597],[3366.27906429 1902.56456223],[2707.21195856 1845.70760775],[2712.32780879 1550.27153522]
DJI_20250602102239_0514_D:[2650.27138131 2332.63572441],[2658.06404758 2037.27570174],[3314.44242877 2098.85246586],[3305.84029101 2392.86041713]
DJI_20250602102139_0484_D:[3346.0586855  2273.67656353],[3340.80113885 2568.29836907],[2682.9781583  2515.32407347],[2687.41489102 2219.79922757]
DJI_20250602102235_0512_D:[2731.51089168 1630.63506745],[2738.47501147 1337.95900708],[3389.44472296 1400.75070036],[3383.82744483 1692.43495856]
DJI_20250602102241_0515_D:[2633.26781999 2692.48544723],[2641.13997279 2397.37835895],[3300.43378077 2457.7304775 ],[3290.61455181 2751.19625075]
DJI_20250602102133_0481_D:[3393.83861974 1229.31353922],[3391.7988112  1520.71229982],[2736.04357822 1464.02199201],[2740.53515222 1172.3292601 ]
DJI_20250602102141_0485_D:[3333.21561806 2640.78849749],[3326.71834597 2933.43788617],[2669.5417428 2881.7425933],[2674.04000273 2587.92119494]
DJI_20250602102233_0511_D:[2751.93395111 1296.27061349],[2758.79452724 1006.27865809],[3407.78310915 1070.52056311],[3403.29780718 1359.71778567]
39
DJI_20250602102521_0595_D:[2970.38376081 1833.32372341],[2964.75995512 2134.88411198],[2292.96477401 2075.78509606],[2299.1663318  1775.00955405]
DJI_20250602102523_0596_D:[2967.6774346  2187.14272162],[2961.42868667 2487.71649698],[2291.42837318 2428.06772878],[2297.11502364 2127.9484643 ]
DJI_20250602102519_0594_D:[2993.30459022 1455.18031472],[2988.41290272 1755.12003059],[2317.58382612 1697.16795472],[2324.21858245 1398.24381552]
DJI_20250602102235_0512_D:[1722.94235802 1800.89881159],[1731.25358904 1511.25587116],[2375.71750845 1568.45853144],[2368.27029195 1860.098295  ]
DJI_20250602102237_0513_D:[1677.14304758 2146.1278952 ],[1684.25295845 1855.67063819],[2329.81546435 1915.88678549],[2322.51964161 2208.19564248]
DJI_20250602102525_0597_D:[2946.7045246  2558.17101706],[2939.97338351 2856.0186726 ],[2272.75414548 2796.37207751],[2277.71839004 2498.66960474]
DJI_20250602102517_0593_D:[2984.18213067 1106.86708982],[2979.72257502 1403.27845721],[2311.83135901 1346.32955867],[2319.10430895 1051.19065605]
DJI_20250602102619_0624_D:[3034.94619028 2072.93118816],[3044.89748253 1774.87176706],[3700.81583035 1843.02634724],[3690.62058345 2138.78996593]
DJI_20250602102239_0514_D:[1640.88933167 2491.08278431],[1646.59807899 2200.88501324],[2293.4831331  2264.05515085],[2286.52510747 2555.9401081 ]
DJI_20250602102233_0511_D:[1743.2753026  1469.51070279],[1753.08840071 1181.57035639],[2396.54273558 1236.78313009],[2388.59719678 1526.91012897]
40
DJI_20250602102235_0512_D:[2197.43079385 2086.26771067],[2204.71932425 1789.81225947],[2865.79450499 1850.81017498],[2858.47373612 2147.56962037]
DJI_20250602102233_0511_D:[2217.42437097 1747.73491431],[2225.53163311 1451.74627401],[2886.39341466 1512.64852665],[2879.31215495 1809.14186269]
DJI_20250602102237_0513_D:[2151.35437378 2438.91122951],[2158.12878931 2142.956229  ],[2819.77029639 2205.07282421],[2811.85218369 2501.16731021]
DJI_20250602102523_0596_D:[2461.88979402 1895.81663863],[2455.78728232 2201.54234588],[1780.68730538 2140.38866674],[1787.22264705 1837.07817555]
DJI_20250602102521_0595_D:[2464.20239859 1537.16956509],[2457.86670566 1842.34823479],[1782.38262409 1784.1259459 ],[1790.32487599 1481.68843399]
DJI_20250602102231_0510_D:[2238.87853027 1399.3544232 ],[2247.63208892 1105.83250283],[2906.44498979 1166.06368525],[2899.81065606 1460.32879491]
DJI_20250602102525_0597_D:[2441.57462256 2273.81479618],[2435.88007347 2578.31645382],[1762.39187843 2514.72504714],[1767.27211154 2212.32463441]
DJI_20250602102239_0514_D:[2115.29828559 2790.25006312],[2121.37037957 2495.9588348 ],[2783.69116473 2559.08822897],[2775.34907288 2853.33237064]
DJI_20250602102519_0594_D:[2489.2021797  1156.47037075],[2482.7539737  1458.41252329],[1809.28426601 1403.75856357],[1818.53326452 1104.76062802]
DJI_20250602102139_0484_D:[3875.08137477 1812.14445816],[3871.97583274 2107.876915  ],[3216.78844936 2054.02372582],[3220.45831584 1755.99559629]
41
DJI_20250602102243_0516_D:[2109.05991564 1869.1129038 ],[2117.5315069  1568.84635614],[2787.33225375 1631.17103962],[2779.61473058 1932.13614879]
DJI_20250602102245_0517_D:[2085.14823606 2224.88195633],[2092.84249478 1923.54899118],[2764.99284246 1987.05828369],[2756.89937646 2288.8550996 ]
DJI_20250602102513_0591_D:[2493.20042281 1682.77716121],[2486.89789213 1987.52162784],[1812.94340932 1927.85205004],[1820.18800275 1625.56230312]
DJI_20250602102241_0515_D:[2134.43517099 1528.89043437],[2143.67751808 1232.65686164],[2806.9805393 1293.820996 ],[2799.53615817 1590.9473479 ]
DJI_20250602102247_0518_D:[2057.74587681 2575.03016003],[2064.66932915 2275.72661908],[2734.98809996 2340.30046538],[2726.50799717 2639.86138413]
DJI_20250602102515_0592_D:[2475.40531666 2075.29102903],[2469.58552005 2379.99324078],[1796.40718252 2317.84648083],[1801.87450502 2015.40136736]
DJI_20250602102511_0590_D:[2519.56693513 1321.50516754],[2512.99605508 1622.96489441],[1842.44179104 1566.03145896],[1851.1598467  1267.13581262]
DJI_20250602102517_0593_D:[2452.07032731 2459.13517728],[2446.50715022 2761.5884129 ],[1775.77156844 2696.61371996],[1779.76508005 2396.16970254]
DJI_20250602102239_0514_D:[2155.97658693 1175.50429682],[2165.8117538   884.93051638],[2821.7383922   944.24491316],[2814.7849113  1235.96237745]
DJI_20250602102249_0519_D:[2048.4614069  2932.02171461],[2054.21837595 2637.733941  ],[2718.95330448 2702.21395924],[2710.48895775 2996.51832304]
42
DJI_20250602102131_0480_D:[3104.7150375  2163.03965879],[3099.5826978  2452.78760961],[2453.09368374 2398.20477423],[2457.78587563 2108.38540081]
DJI_20250602102245_0517_D:[2903.66330821 2064.81332515],[2911.34544405 1771.15206311],[3559.59274109 1833.81962293],[3551.98122249 2125.53605712]
DJI_20250602102133_0481_D:[3087.8512069  2525.04202781],[3081.89482064 2812.15214259],[2438.51765375 2757.8382174 ],[2442.9367908  2470.42163587]
DJI_20250602102247_0518_D:[2873.98315687 2408.11206825],[2882.32363784 2115.4374246 ],[3529.89606604 2176.32097464],[3520.56707694 2466.87724866]
DJI_20250602102243_0516_D:[2925.10500449 1718.26087092],[2932.16025953 1426.45724982],[3577.49626979 1490.79685229],[3571.55981312 1780.89621834]
DJI_20250602101901_0405_D:[1566.64893195 2066.84887531],[1577.38474925 1785.09019877],[2201.57376622 1850.93470712],[2190.82210105 2134.84311138]
DJI_20250602101859_0404_D:[1616.63826914 1726.03555016],[1628.93531067 1443.88315054],[2255.31256722 1507.18271198],[2243.98778642 1791.60769056]
DJI_20250602102249_0519_D:[2857.22916992 2759.21733691],[2865.82671037 2470.35262401],[3509.0022859  2528.32300967],[3498.34858818 2814.89571667]
DJI_20250602102241_0515_D:[2943.05083585 1388.85516699],[2949.61376998 1101.61386484],[3588.23583618 1167.43704161],[3583.74038739 1453.21239202]
DJI_20250602101857_0403_D:[1642.32156146 1392.72465051],[1655.75249748 1111.78116877],[2282.74945422 1171.59730042],[2271.27036934 1455.05033649]
43
DJI_20250602102247_0518_D:[2146.00994133 2116.57637979],[2154.23239753 1815.71506589],[2824.99178978 1879.5174717 ],[2816.71309828 2180.73345926]
DJI_20250602102245_0517_D:[2174.70614747 1763.91731376],[2183.45911798 1463.43836584],[2854.22287435 1526.16179196],[2846.5776507  1827.19768635]
DJI_20250602102249_0519_D:[2134.37427868 2480.589364  ],[2141.61939641 2182.32279686],[2808.61363655 2246.1041706 ],[2800.13159146 2544.48244309]
DJI_20250602102511_0590_D:[2431.79266866 1784.15190957],[2425.40196157 2087.62338451],[1755.51193202 2027.16674173],[1762.53898337 1726.19877334]
DJI_20250602102243_0516_D:[2199.43506755 1410.4268548 ],[2208.72503225 1113.3885483 ],[2875.38098345 1174.87260738],[2868.33074412 1472.69770273]
DJI_20250602102513_0591_D:[2405.55617396 2149.39944041],[2399.67750654 2453.59205493],[1728.34878883 2390.30904634],[1733.63702992 2088.47927719]
DJI_20250602102509_0589_D:[2450.75270043 1422.99102421],[2443.67386906 1724.50815872],[1775.16428282 1666.19333579],[1784.09245629 1367.32903577]
DJI_20250602102251_0520_D:[2121.83527913 2849.67234361],[2128.24207424 2554.7014902 ],[2792.91267132 2618.89553225],[2784.066735   2913.72157567]
DJI_20250602102507_0588_D:[2494.57865797 1068.61831987],[2486.94831423 1366.91216714],[1819.64165104 1310.48576924],[1830.28417642 1014.96338416]
DJI_20250602102515_0592_D:[2388.71245537 2540.69494136],[2383.54248107 2842.1153335 ],[1715.01067064 2776.37150929],[1718.29730344 2477.08777912]
44
DJI_20250602102247_0518_D:[2921.22389914 1973.2995652 ],[2929.1182047  1676.17826541],[3584.72479282 1740.81445096],[3577.1893977  2035.95209874]
DJI_20250602102249_0519_D:[2904.41168663 2334.41258739],[2912.713676   2038.96370044],[3565.48116592 2100.74171479],[3556.40472276 2394.01093563]
DJI_20250602102131_0480_D:[3072.11250947 2602.3534165 ],[3066.00602377 2893.32675892],[2413.00202447 2838.22512206],[2417.27288693 2546.9475028 ]
DJI_20250602102245_0517_D:[2950.30411764 1624.28477283],[2957.36312149 1328.3900966 ],[3611.99238428 1394.72956407],[3606.40006529 1688.83491707]
DJI_20250602101901_0405_D:[1598.79332436 1644.57894952],[1611.71527912 1360.25560774],[2243.2515773  1423.45651702],[2231.5739333  1710.23036249]
DJI_20250602102251_0520_D:[2888.42257908 2701.58199981],[2897.29357026 2408.46745496],[3548.51726364 2467.78959902],[3537.71767937 2758.49514417]
DJI_20250602101859_0404_D:[1651.88896163 1298.98920928],[1666.24661888 1016.37725118],[2298.44002493 1076.84979063],[2286.37363667 1362.03954488]
DJI_20250602102243_0516_D:[2970.85127952 1276.36352713],[2977.13262294  984.58932179],[3627.13845757 1052.42275604],[3623.40572866 1342.65675374]
DJI_20250602102133_0481_D:[3053.91080672 2964.68595407],[3047.06333953 3250.60574391],[2398.98828968 3196.06153229],[2402.86130827 2909.57603713]
DJI_20250602102253_0521_D:[2865.15358886 3039.15724743],[2874.30785894 2749.2071076 ],[3524.7172666  2806.01642262],[3512.56039679 3093.39688815]
45
DJI_20250602102249_0519_D:[2290.34800937 2018.24124363],[2298.56178196 1721.79334557],[2959.16718134 1784.65468363],[2951.19879377 2081.10409049]
DJI_20250602102251_0520_D:[2276.30574753 2388.41718925],[2284.02950739 2092.70809339],[2944.21636899 2155.80829377],[2935.55985332 2451.27088169]
DJI_20250602102247_0518_D:[2304.01447719 1654.29917842],[2312.86705164 1357.75494907],[2975.32802549 1420.82704171],[2967.88761524 1717.60607117]
DJI_20250602102253_0521_D:[2254.34200625 2729.85889236],[2261.38987765 2435.93000722],[2921.45534394 2498.93294146],[2912.3984313  2792.46286861]
DJI_20250602102509_0589_D:[2300.62118319 1891.24856996],[2293.97978159 2191.09642147],[1634.43822438 2129.53770878],[1641.4078143  1832.40784619]
DJI_20250602102507_0588_D:[2343.22810655 1536.28664277],[2335.65800966 1835.43482545],[1675.38097261 1776.02459367],[1684.41063987 1479.7282269 ]
DJI_20250602102245_0517_D:[2333.08149503 1306.03765185],[2342.09541573 1012.23429908],[3002.74673614 1074.47486546],[2996.2701801 1368.7083248]
DJI_20250602102511_0590_D:[2282.8503607 2250.8206032],[2277.2209886  2550.04899743],[1618.26137386 2486.14436823],[1623.03409299 2189.46155283]
DJI_20250602102505_0587_D:[2375.53828024 1197.29749088],[2367.49275111 1492.82829917],[1710.79121354 1436.45879658],[1721.34321582 1143.94597016]
DJI_20250602102255_0522_D:[2223.00826132 3064.73252624],[2229.0969052 2774.9208992],[2886.40050599 2837.38170579],[2877.21521125 3126.64758081]
46
DJI_20250602101523_0296_D:[2597.45194783 2003.41211996],[2609.93983055 1717.66078187],[3243.8631867  1789.34438353],[3231.75195118 2074.14796809]
DJI_20250602101525_0297_D:[2582.36025837 2337.63677636],[2594.93710121 2053.29407526],[3226.37425929 2123.97088397],[3213.22657939 2407.14838557]
DJI_20250602101403_0256_D:[3385.87271521 2031.8141664 ],[3378.59589323 2314.4900508 ],[2748.8347824  2256.71431382],[2755.89759025 1973.28687981]
DJI_20250602101401_0255_D:[3415.53760948 1671.88080941],[3409.53916104 1954.52227701],[2779.07746723 1895.61728041],[2785.94223942 1612.41533974]
DJI_20250602101405_0257_D:[3372.97326344 2395.23370704],[3364.4067097  2676.56559775],[2735.67875724 2619.92454493],[2742.93243643 2337.61357158]
DJI_20250602101527_0298_D:[2578.14869799 2678.98110935],[2590.54348444 2395.04893981],[3223.91961365 2464.27337809],[3210.00594699 2746.78496322]
DJI_20250602101359_0254_D:[3446.39255928 1307.7281045 ],[3441.69018417 1588.29001434],[2812.36140887 1528.31154542],[2818.97628318 1247.39309217]
DJI_20250602101519_0294_D:[2668.12457328 1357.74079921],[2679.58108236 1076.37897031],[3307.73291372 1147.98542201],[3298.09365893 1428.65630275]
DJI_20250602101743_0366_D:[1016.57840872 1957.31021049],[1010.92051215 2266.60796625],[ 293.79675592 2211.02587475],[ 298.96698165 1894.71308915]
DJI_20250602101741_0365_D:[1013.70932083 1474.66435119],[1003.66930464 1783.38275104],[ 288.0750888  1715.92876663],[ 300.39560437 1400.86087039]
47
DJI_20250602101403_0256_D:[2777.76042565 1763.79207327],[2770.69303705 2052.94759372],[2127.89619837 1992.92100968],[2135.57662701 1705.04219409]
DJI_20250602101405_0257_D:[2764.68904645 2135.56694904],[2757.36228031 2424.65180442],[2114.7039528  2363.17880345],[2121.49070938 2075.14215755]
DJI_20250602101143_0186_D:[1935.52544753 2016.39887278],[1941.91750787 1735.84263534],[2567.09554088 1791.57913157],[2560.79318821 2073.40874106]
DJI_20250602101401_0255_D:[2808.18730955 1396.58879457],[2801.40589891 1684.39375188],[2158.58526684 1625.75914579],[2167.11400781 1339.41812728]
DJI_20250602101145_0187_D:[1930.46547569 2341.06047028],[1935.88041903 2061.02683951],[2560.89739996 2118.14340446],[2554.72553544 2399.24366404]
DJI_20250602101141_0185_D:[1950.44753355 1692.42384267],[1957.71041329 1412.5084401 ],[2582.49103228 1466.5550528 ],[2576.16975279 1747.91342168]
DJI_20250602101407_0258_D:[2744.77725139 2511.63823312],[2737.25802894 2798.34451633],[2096.88379927 2735.71799859],[2102.73166291 2449.80348022]
DJI_20250602101139_0184_D:[1957.47119715 1368.51146911],[1965.64246651 1090.95743053],[2588.23562931 1143.04239908],[2581.91598422 1422.229371  ]
DJI_20250602101147_0188_D:[1909.01544895 2674.05148938],[1913.3649544  2395.97223816],[2537.06331267 2454.37386285],[2531.07972729 2733.33689659]
DJI_20250602101359_0254_D:[2841.50848431 1026.89245228],[2835.07192622 1311.19503049],[2194.18701143 1254.06322381],[2203.46149054  971.41037031]
48
DJI_20250602101519_0294_D:[2588.52322647 1794.55779858],[2600.25842866 1508.63830404],[3235.28778222 1579.28899803],[3224.10927344 1864.35846641]
DJI_20250602101523_0296_D:[2515.93376661 2446.27148928],[2528.32880274 2159.32426765],[3166.85760129 2230.04245877],[3153.5310059 2515.8837168]
DJI_20250602101405_0257_D:[3449.66044955 1958.38151966],[3442.54553339 2242.87555294],[2809.03562598 2184.64525184],[2816.10488595 1899.27550637]
DJI_20250602101403_0256_D:[3460.3598933  1593.81922602],[3454.7205164  1877.37844716],[2821.88815954 1818.11096199],[2828.59202433 1533.90274255]
DJI_20250602101407_0258_D:[3429.88963857 2328.78774503],[3421.37022308 2611.98477948],[2789.27171502 2555.09003868],[2796.6501495  2270.78180704]
DJI_20250602101525_0297_D:[2501.20401684 2777.64748673],[2513.50450374 2494.1601721 ],[3148.01988954 2563.72391523],[3133.84138471 2845.89294118]
DJI_20250602101401_0255_D:[3487.82678925 1234.92247445],[3483.68606081 1516.17521385],[2851.87477807 1455.82507785],[2858.17300073 1174.1102021 ]
DJI_20250602101743_0366_D:[1096.01258916 1478.05243139],[1086.30287646 1788.14851855],[ 365.28895706 1721.27322716],[ 377.49435653 1404.30155836]
DJI_20250602101745_0367_D:[1045.43682397 1935.76432473],[1036.1529197 2248.9171658],[ 311.80117409 2187.45630286],[ 322.34123008 1867.62226542]
DJI_20250602101409_0259_D:[3415.72829059 2703.68509244],[3405.87263829 2983.24053398],[2777.49797365 2928.19188726],[2785.10690857 2647.25350844]
49
DJI_20250602101405_0257_D:[2778.37599324 1675.58092141],[2771.38800742 1963.34903831],[2131.33592897 1903.92846885],[2139.15523436 1617.49993625]
DJI_20250602101407_0258_D:[2758.97282804 2050.4472367 ],[2751.70698259 2338.29223487],[2112.12569132 2277.34418206],[2119.10805538 1990.60670419]
DJI_20250602101141_0185_D:[1941.08120246 2139.03715176],[1946.93362659 1859.59915175],[2569.88418981 1915.59761976],[2563.69874885 2196.18293121]
DJI_20250602101139_0184_D:[1946.57195106 1815.43603935],[1953.36531516 1536.38241072],[2575.59011191 1590.73639368],[2569.36217366 1871.13343952]
DJI_20250602101403_0256_D:[2790.87082063 1308.64903842],[2784.20953355 1594.06233283],[2145.83501809 1536.41195522],[2154.44948103 1252.53820198]
DJI_20250602101143_0186_D:[1927.67332752 2460.11424526],[1932.61193823 2181.90289848],[2554.61334819 2239.30896755],[2548.50753352 2518.49113128]
DJI_20250602101409_0259_D:[2747.64011196 2432.10491491],[2740.18476684 2717.66525476],[2103.23068335 2655.64224047],[2109.27503122 2370.90593589]
DJI_20250602101137_0183_D:[1968.50933151 1454.63504358],[1976.05210804 1177.74798743],[2596.25870807 1229.50698458],[2590.33261485 1507.90028165]
DJI_20250602101145_0187_D:[1924.21586566 2780.06946944],[1928.15463135 2504.21975203],[2548.66741766 2562.6689404 ],[2542.73221291 2839.28073006]
DJI_20250602101401_0255_D:[2820.56152721  948.41963637],[2814.2884331  1230.13021794],[2177.66971854 1174.1307381 ],[2187.00054896  894.12466361]
50
DJI_20250602101519_0294_D:[2559.63462051 2215.03074031],[2571.12574751 1932.57365725],[3198.67091877 2001.00810087],[3186.51663818 2282.38589801]
DJI_20250602101407_0258_D:[3442.61609343 1907.39598954],[3435.75654298 2188.20491563],[2810.42581117 2130.4853229 ],[2817.38867275 1848.86231426]
DJI_20250602101405_0257_D:[3460.01032178 1542.50945552],[3454.58961888 1822.45258633],[2829.46863051 1763.74927667],[2836.04208752 1483.21400997]
DJI_20250602101409_0259_D:[3430.66656981 2280.11272684],[3422.43974144 2559.554689  ],[2799.12002661 2503.26324431],[2806.38411871 2222.75566538]
DJI_20250602101403_0256_D:[3468.36701433 1186.59707771],[3464.4282371  1463.53430399],[2841.55510386 1404.12124861],[2847.70169054 1126.79946334]
DJI_20250602101523_0296_D:[2487.29692694 2856.28780159],[2499.19147043 2576.0057677 ],[3127.99634932 2644.26587661],[3113.99786494 2923.22666192]
DJI_20250602101749_0369_D:[1057.45149796 2375.05001524],[1043.54235566 2684.69341474],[ 329.53552791 2621.75593534],[ 345.76359454 2305.72496832]
DJI_20250602101411_0260_D:[3412.0431743  2621.34775696],[3402.46107494 2898.33824078],[2781.1695589  2843.11467862],[2788.8257171  2564.83865926]
DJI_20250602101747_0368_D:[1040.35622261 1931.73462269],[1026.74751643 2238.61639058],[ 318.85512806 2171.66741641],[ 335.53801659 1859.07704066]
DJI_20250602101745_0367_D:[1085.47178314 1481.25220338],[1072.64373922 1787.58486608],[ 360.52852632 1717.27414387],[ 377.33120562 1404.89511542]
51
DJI_20250602101359_0254_D:[2772.59117607 1884.40085996],[2765.28097214 2172.26386869],[2125.75693273 2111.60317505],[2133.33783466 1824.97148186]
DJI_20250602101357_0253_D:[2789.77186705 1531.62732933],[2782.80807403 1818.49930643],[2143.6782359 1759.5290163],[2151.96571572 1474.1171727 ]
DJI_20250602101147_0188_D:[1975.1517741  1839.88793219],[1982.13838237 1561.70372384],[2602.53329749 1616.21608772],[2596.27862559 1895.67852164]
DJI_20250602101149_0189_D:[1940.11199339 2190.49194593],[1946.17454871 1911.98074437],[2566.96965015 1968.27353033],[2560.67893558 2247.91388408]
DJI_20250602101401_0255_D:[2738.67125567 2257.61582593],[2731.31130631 2544.49251942],[2093.15033543 2482.80150382],[2099.6925422  2196.93283334]
DJI_20250602101145_0187_D:[1999.47305947 1506.6315155 ],[2007.30027943 1230.12231216],[2626.39556338 1283.02377956],[2620.16318162 1560.97391566]
DJI_20250602101151_0190_D:[1917.4753884  2530.74168608],[1922.33913451 2252.87353827],[2543.82365663 2310.45359086],[2537.78522279 2589.28376104]
DJI_20250602101355_0252_D:[2808.58650852 1182.65778491],[2802.07291539 1466.45705327],[2165.42000716 1409.55883342],[2174.26594082 1127.41129072]
DJI_20250602101403_0256_D:[2707.96099143 2621.84165075],[2700.60236278 2905.55003336],[2065.81776067 2842.94110501],[2071.24863811 2560.01995507]
DJI_20250602101143_0186_D:[2007.20059353 1185.75604235],[2015.85100097  912.19260747],[2632.62684429  963.31441728],[2626.40255743 1238.50994214]
52
DJI_20250602101529_0299_D:[2575.73124971 2160.17763367],[2587.99334467 1871.9788706 ],[3227.59870895 1943.03432026],[3215.385066   2230.28411609]
DJI_20250602101527_0298_D:[2611.67138926 1830.22047317],[2624.28227415 1543.2084952 ],[3261.58567658 1615.93706613],[3249.9538234  1902.14038548]
DJI_20250602101357_0253_D:[3454.69726853 1797.50864887],[3448.15378313 2082.49600109],[2813.23282187 2023.34891769],[2820.27516799 1737.64650485]
DJI_20250602101531_0300_D:[2567.60782083 2505.53911017],[2579.79433422 2218.40843739],[3218.58382095 2288.26661732],[3205.45580556 2574.1800319 ]
DJI_20250602101359_0254_D:[3437.90512467 2147.96851476],[3429.94707383 2432.68791172],[2795.57671479 2374.54052064],[2802.9873279  2088.86252948]
DJI_20250602101355_0252_D:[3470.96306614 1448.91309598],[3465.89949302 1732.07357097],[2832.57176367 1672.34914616],[2839.14512024 1388.70132183]
DJI_20250602101525_0297_D:[2616.36107677 1489.20549638],[2629.02933768 1205.67298759],[3261.57259135 1279.07765452],[3250.80956815 1562.06863667]
DJI_20250602101401_0255_D:[3403.13649264 2516.55956847],[3394.03956381 2799.05484949],[2761.71442014 2742.66593608],[2769.18518443 2458.9901084 ]
DJI_20250602101533_0301_D:[2549.86428978 2853.51821239],[2561.76564333 2568.87621366],[3199.22706918 2636.96458605],[3185.35823565 2920.13775998]
DJI_20250602101737_0363_D:[1037.44664063 1529.04208492],[1033.08987715 1837.38589336],[ 319.7061971  1778.72950651],[ 323.76098875 1463.69083738]
53
DJI_20250602101151_0190_D:[2049.27153872 2116.57690697],[2055.4962016  1837.29546008],[2678.26650919 1893.23453342],[2672.0314765  2173.39732967]
DJI_20250602101357_0253_D:[2650.71406356 1958.87174389],[2643.43316266 2246.46500713],[2005.8454042  2185.43105408],[2013.19243268 1899.39417446]
DJI_20250602101149_0189_D:[2073.47767608 1775.62352919],[2080.63051189 1497.63031416],[2701.24978296 1552.47405962],[2695.02646496 1831.50665502]
DJI_20250602101355_0252_D:[2670.56757958 1606.18551194],[2663.45884075 1892.78924672],[2026.79912325 1833.97302286],[2034.99494475 1549.13703678]
DJI_20250602101153_0191_D:[2031.6905858  2461.95356535],[2037.16885965 2183.188194  ],[2660.46086039 2240.74026217],[2653.97570767 2520.18197675]
DJI_20250602101359_0254_D:[2633.08125378 2312.23738135],[2625.7394247  2598.67894308],[1989.33186543 2535.85988049],[1995.6866908  2250.72478066]
DJI_20250602101353_0251_D:[2683.1471033  1250.97532107],[2676.05321463 1535.34433788],[2040.60531081 1478.46571445],[2049.78855133 1196.05573735]
DJI_20250602101147_0188_D:[2109.7201888  1425.71220128],[2117.50215559 1150.01168795],[2736.209167   1203.30365853],[2730.31196682 1480.18372666]
DJI_20250602101155_0192_D:[2002.42393961 2811.60743268],[2006.85737605 2535.5802899 ],[2628.32158422 2594.20693373],[2621.8596907  2870.73379108]
DJI_20250602101401_0255_D:[2599.51877184 2683.12922047],[2592.45278598 2966.35799905],[1959.06678879 2902.37356469],[1964.06387645 2620.21263672]
54
DJI_20250602101355_0252_D:[3153.71680594 1874.50599831],[3146.76476822 2161.10346318],[2507.98068055 2101.6329305 ],[2515.20928699 1815.1809344 ]
DJI_20250602101353_0251_D:[3165.27693184 1518.18666143],[3159.08822667 1803.79769916],[2520.62315043 1744.26515469],[2528.10558559 1459.01458091]
DJI_20250602101357_0253_D:[3134.56130361 2227.55942249],[3126.68292215 2513.87431116],[2487.86939217 2454.19222279],[2494.98911736 2167.78844809]
DJI_20250602101531_0300_D:[2903.32881744 2079.66966923],[2915.44141952 1790.82991534],[3552.24487887 1862.69336289],[3540.46909339 2149.67276861]
DJI_20250602101351_0250_D:[3185.29116689 1176.97442029],[3180.04330164 1459.95684392],[2543.13450658 1400.81625856],[2550.67182812 1118.38413631]
DJI_20250602101529_0299_D:[2911.64745456 1731.94021922],[2923.26326024 1444.0964648 ],[3559.45904542 1517.90097059],[3549.1754962  1804.16537301]
DJI_20250602101533_0301_D:[2884.75478884 2432.01552682],[2897.19491115 2143.54723557],[3534.2126048  2212.85322328],[3521.07682011 2499.19861062]
DJI_20250602101359_0254_D:[3116.04620979 2579.301655  ],[3107.33231936 2863.16926165],[2470.677591   2803.72960144],[2477.57333925 2519.51697961]
DJI_20250602101151_0190_D:[1586.48071032 1857.42637693],[1593.83409204 1580.93326165],[2207.03953746 1633.85788763],[2200.4259331  1912.71953334]
DJI_20250602101153_0191_D:[1568.08168453 2200.02692989],[1573.98261142 1922.87013649],[2188.50739758 1979.22058069],[2182.36915885 2258.55689311]
55
DJI_20250602101153_0191_D:[2055.75925384 2002.36003409],[2062.49270094 1722.19694757],[2687.19311827 1778.39202768],[2680.75589244 2059.49239951]
DJI_20250602101353_0251_D:[2654.99488166 1720.06780335],[2647.7198417  2007.76150002],[2009.49344205 1947.90596793],[2017.48549581 1661.94314736]
DJI_20250602101355_0252_D:[2642.371043   2078.98600036],[2635.1733047  2366.61802479],[1997.40639592 2305.10456909],[2004.30197816 2018.9846115 ]
DJI_20250602101155_0192_D:[2024.70382248 2356.61366008],[2030.50910762 2076.92771407],[2655.08298981 2134.43112426],[2648.53900562 2414.88333365]
DJI_20250602101151_0190_D:[2074.56036071 1656.04158321],[2081.9424747  1377.56948752],[2704.47256927 1431.87676852],[2698.38250531 1711.47942477]
DJI_20250602101351_0250_D:[2677.24663356 1375.24762816],[2670.07958215 1661.32095674],[2032.56169808 1603.52417818],[2041.44726464 1319.36839867]
DJI_20250602101357_0253_D:[2622.21444203 2433.29684429],[2614.9543854  2719.58164812],[1977.96682878 2656.16591255],[1983.88653852 2371.15360793]
DJI_20250602101157_0193_D:[2018.37901872 2707.57981462],[2023.11808816 2429.818507  ],[2646.95780437 2488.15334983],[2640.47983407 2766.45159588]
DJI_20250602101149_0189_D:[2100.26421514 1317.13846759],[2108.46132226 1042.05913403],[2727.28370919 1095.0692246 ],[2721.30885979 1371.42862785]
DJI_20250602101349_0249_D:[2691.98966242 1050.43053445],[2685.09780605 1332.9293537 ],[2050.63779319 1277.65382355],[2060.16556688  997.23985687]
56
DJI_20250602102115_0472_D:[3091.93916126 1535.42649431],[3087.53116734 1828.17056082],[2432.94416164 1771.87780907],[2438.67777201 1479.45433456]
DJI_20250602102114_0471_D:[3114.95628729 1238.33421764],[3111.20773265 1529.0765748 ],[2457.48540667 1472.79469608],[2463.47889179 1182.5217795 ]
DJI_20250602102257_0523_D:[2963.88674358 1900.97485758],[2971.65676613 1607.19944745],[3619.93562172 1671.76424352],[3612.69027807 1963.67236552]
DJI_20250602102259_0524_D:[2966.27556161 2251.27806549],[2974.61220921 1957.6275043 ],[3622.53351612 2019.87390299],[3613.63384315 2311.38501865]
DJI_20250602101913_0411_D:[1636.96353654 1873.78567426],[1648.7603163  1586.89865989],[2285.12223102 1652.30286849],[2273.87429333 1941.54015052]
DJI_20250602101915_0412_D:[1615.27822424 2217.84716548],[1625.44628812 1930.99961343],[2261.81307681 1998.80816076],[2251.25785896 2287.75371764]
DJI_20250602102255_0522_D:[2992.12897784 1547.45565387],[2999.06412927 1254.39041196],[3647.93177324 1321.03332138],[3642.66177046 1612.38544465]
DJI_20250602102301_0525_D:[2953.98613269 2613.3273831 ],[2962.78589314 2321.09152604],[3610.40694552 2380.55008027],[3599.94580548 2670.40842587]
DJI_20250602101917_0413_D:[1586.43902002 2545.90901375],[1595.03937484 2259.3917869 ],[2232.79168381 2329.71268097],[2222.8886338  2618.14463972]
DJI_20250602102111_0470_D:[3130.13091657  839.61770633],[3127.38242497 1125.96403826],[2475.33309281 1070.01499343],[2481.6461201   784.39901928]
57
DJI_20250602102257_0523_D:[2542.03701949 2096.73509454],[2550.22109804 1800.82259642],[3208.3035222  1864.13098895],[3200.05777186 2159.31248334]
DJI_20250602102255_0522_D:[2569.19749124 1741.60969853],[2577.32813276 1445.29090581],[3237.15146622 1509.23484694],[3230.12048149 1804.98901773]
DJI_20250602102259_0524_D:[2545.25081957 2448.25561422],[2553.28625084 2153.48746203],[3210.40246024 2215.81919834],[3201.19476428 2509.57873557]
DJI_20250602102253_0521_D:[2603.89361425 1399.08388574],[2612.12093698 1105.3794827 ],[3269.4566287  1170.33312738],[3263.43028381 1463.62747252]
DJI_20250602102115_0472_D:[3509.17171993 1337.80567458],[3506.47283197 1629.69861734],[2852.31784635 1571.75882773],[2856.93462384 1279.02167052]
DJI_20250602102301_0525_D:[2533.90873915 2810.71301345],[2541.67109899 2518.44334244],[3197.70876716 2579.39925458],[3187.65598435 2870.41833322]
DJI_20250602102501_0585_D:[2043.53634773 1797.19471072],[2035.89786791 2097.17221993],[1381.90274041 2034.62535564],[1390.12781309 1738.2687373 ]
DJI_20250602102114_0471_D:[3530.04460949 1042.5799201 ],[3528.6451879  1331.53683086],[2876.19113164 1272.3816581 ],[2880.44354129  982.7320642 ]
DJI_20250602102459_0584_D:[2070.32253197 1445.92414517],[2061.86324551 1745.52671179],[1405.94914821 1687.31171778],[1416.1305219  1391.51697347]
DJI_20250602102503_0586_D:[2040.40484432 2151.82424668],[2033.97927816 2449.9311158 ],[1383.44581616 2384.05867641],[1389.32574009 2089.27048471]
58
DJI_20250602101913_0411_D:[1720.97206751 2352.51568588],[1730.68755742 2065.22849553],[2369.98197926 2134.4032885 ],[2359.3804566  2423.38033385]
DJI_20250602102115_0472_D:[2993.97163513 1054.28040467],[2990.23066993 1343.09715715],[2338.06543217 1288.13679515],[2344.63276599 1000.27684141]
DJI_20250602102255_0522_D:[3085.12436338 2037.89899263],[3092.89496071 1742.52619157],[3741.92392355 1806.37045584],[3734.2841529 2099.3292771]
DJI_20250602102257_0523_D:[3055.0546585  2389.26689319],[3063.72664557 2095.70096858],[3710.38576727 2156.82107972],[3700.72429892 2447.83887477]
DJI_20250602102253_0521_D:[3119.17014771 1696.81378513],[3126.23589051 1402.68471879],[3773.42279621 1469.54961888],[3767.56960661 1761.41790022]
DJI_20250602101915_0412_D:[1701.68435244 2694.31042232],[1709.82024042 2409.2525182 ],[2347.55856695 2480.04023873],[2337.59921949 2766.52745031]
DJI_20250602102259_0524_D:[3056.0873148  2736.09038407],[3065.45839665 2445.09122362],[3709.92329287 2503.05350459],[3698.47831426 2791.24367816]
DJI_20250602102114_0471_D:[3016.36309149  762.84660521],[3013.20851734 1047.6314997 ],[2363.38309959  993.25306815],[2370.27235056  709.56001195]
DJI_20250602102251_0520_D:[3139.65498054 1357.28996861],[3145.83678808 1066.61424838],[3788.89199702 1136.01290956],[3784.96718062 1424.59775095]
DJI_20250602101917_0413_D:[1675.39183116 3019.7152307 ],[1681.96504948 2737.13050336],[2319.61778656 2809.76675075],[2310.2809626  3093.59539011]
59
DJI_20250602102255_0522_D:[2262.75013243 2201.27564702],[2270.63515445 1904.04306848],[2933.40853682 1967.02120844],[2925.17763425 2264.28296755]
DJI_20250602102253_0521_D:[2296.83604823 1857.54132949],[2305.43754669 1560.55021493],[2967.70166322 1623.70761769],[2959.86693621 1920.87812361]
DJI_20250602102257_0523_D:[2237.82947956 2552.36269532],[2245.15216608 2257.99519586],[2904.14937568 2321.17811147],[2895.33635474 2615.40019753]
DJI_20250602102251_0520_D:[2320.64375908 1514.12070577],[2329.70914605 1219.66258098],[2988.89935759 1282.5450088 ],[2981.67148348 1577.33379314]
DJI_20250602102503_0586_D:[2346.0250684  1688.34364879],[2338.58029333 1987.78545599],[1678.66763952 1926.8059106 ],[1687.02850188 1630.08949455]
DJI_20250602102505_0587_D:[2330.785408   2075.68628965],[2323.81697698 2375.37342953],[1664.00025567 2310.97121607],[1670.69341313 2013.80143926]
DJI_20250602102501_0585_D:[2351.44394861 1332.7429735 ],[2343.34494586 1631.60876217],[1681.60330155 1573.30317675],[1691.77506328 1277.43260553]
DJI_20250602102259_0524_D:[2242.9117709  2899.02804011],[2249.56218777 2608.12267972],[2905.97135111 2670.98854036],[2896.73036969 2961.4656967 ]
DJI_20250602102507_0588_D:[2299.98023    2421.99076186],[2293.7473024  2720.89949057],[1633.55729411 2653.9561931 ],[1638.41138273 2357.34387949]
DJI_20250602102249_0519_D:[2335.97461252 1145.34689367],[2345.34546951  854.8546537 ],[3001.46004714  916.84479773],[2995.10494145 1207.91660808]
60
DJI_20250602102253_0521_D:[2985.36195481 2143.12956725],[2993.60011752 1844.08582545],[3652.38494495 1908.16489365],[3643.97432394 2204.93438387]
DJI_20250602102251_0520_D:[3007.6543207  1796.96799922],[3015.26686813 1499.24752051],[3671.49564085 1565.74710785],[3664.79709331 1861.36644566]
DJI_20250602102255_0522_D:[2950.17035989 2487.41788771],[2958.80542081 2189.40461905],[3617.69299973 2250.59714161],[3607.76524211 2546.19159125]
DJI_20250602102249_0519_D:[3021.72853591 1423.88016042],[3028.43589623 1128.74363142],[3682.57294833 1197.36538029],[3677.97511375 1490.66068571]
DJI_20250602102257_0523_D:[2919.50244614 2837.10345798],[2928.72105703 2543.30960543],[3583.31852227 2601.94782375],[3571.6663885  2893.19008275]
DJI_20250602101913_0411_D:[1577.66222425 2786.64486559],[1584.98598051 2499.99023847],[2226.75445461 2573.11669866],[2217.18066845 2861.55174485]
DJI_20250602102247_0518_D:[3037.32646326 1059.02945141],[3043.27413019  767.14766489],[3696.57469118  838.41595894],[3693.95680937 1128.66374497]
DJI_20250602102115_0472_D:[3126.5515875   614.01348937],[3124.49555449  898.81941995],[2469.81861769  843.33587859],[2476.16496023  559.39396056]
DJI_20250602102259_0524_D:[2920.36525103 3181.12246668],[2930.04864758 2892.24264998],[3580.73467361 2947.68628819],[3567.49272769 3233.72580414]
DJI_20250602102505_0587_D:[1642.0030473 1792.2216938],[1634.21950235 2090.86003497],[ 995.54185592 2028.57584538],[1003.96015085 1734.92114447]