1
DJI_20250404094132_0428_D:[2151.0777634  2059.59424909],[2153.23522263 1806.84131748],[2717.2413613  1848.22651504],[2715.82695786 2101.60976525]
DJI_20250404094250_0467_D:[2584.84057827 1781.59827777],[2583.75484035 2035.44904815],[2019.49207701 1994.442626  ],[2020.86272465 1741.67521457]
DJI_20250404094134_0429_D:[2136.02724713 2367.96002107],[2137.572491  2115.0441654],[2702.07559408 2157.085612  ],[2700.59117176 2410.50371921]
DJI_20250404094130_0427_D:[2156.42545079 1750.25765209],[2159.10462768 1498.41646193],[2722.59993533 1538.9036905 ],[2721.33702025 1791.50657636]
DJI_20250404094252_0468_D:[2573.47886689 2090.98018661],[2572.56004162 2344.57961647],[2008.72254398 2302.60596303],[2009.23209835 2049.96990466]
DJI_20250404094248_0466_D:[2592.53673618 1466.06751561],[2591.33963181 1718.8859569 ],[2027.80324609 1679.09971766],[2029.99904598 1427.5033252 ]
DJI_20250404094136_0430_D:[2107.97060279 2660.02427447],[2108.93925275 2407.88729519],[2673.3460038  2450.62400399],[2671.7930106  2703.17619427]
DJI_20250404094254_0469_D:[2571.93567835 2401.24268541],[2571.20092851 2653.81618119],[2007.69720904 2611.01034513],[2007.31521671 2359.25646987]
DJI_20250404094128_0426_D:[2173.88613652 1433.06921481],[2177.24839168 1183.55493163],[2738.87179919 1223.38349563],[2737.63178119 1473.79019002]
DJI_20250404094246_0465_D:[2611.25699725 1166.69396833],[2610.04610859 1417.28158691],[2048.26299873 1378.86503234],[2051.1319147  1129.60923321]
2
DJI_20250404094518_0541_D:[2577.00651053 2206.72133545],[2577.84157317 1953.83988486],[3141.26753361 1993.86308981],[3140.73823087 2246.39337865]
DJI_20250404094516_0540_D:[2600.97435631 1910.18230844],[2602.44432635 1657.84010579],[3165.13896571 1699.59105415],[3164.60825682 1951.68398118]
DJI_20250404094252_0468_D:[3246.45073169 1922.8579189 ],[3245.36856202 2175.5330115 ],[2681.49283774 2135.4335881 ],[2682.45907384 1882.25753351]
DJI_20250404094250_0467_D:[3256.94464477 1615.63459837],[3256.5328209 1867.9050177],[2692.7682616  1826.97630783],[2693.75737928 1574.32351819]
DJI_20250404094520_0542_D:[2558.31950967 2479.56140741],[2558.78348401 2227.46031699],[3121.27396311 2266.35374179],[3120.55799939 2518.02028976]
DJI_20250404094254_0469_D:[3245.62195586 2231.47105613],[3243.88430227 2483.74965591],[2680.00845872 2444.63363722],[2680.9280013  2191.69285212]
DJI_20250404094514_0539_D:[2606.09142451 1620.27592368],[2607.16829051 1369.24435443],[3169.10935817 1410.32291926],[3169.6171365  1661.22762724]
DJI_20250404094248_0466_D:[3262.43407801 1303.11110059],[3262.77136137 1553.69101665],[2700.18599209 1512.14953514],[2701.14162257 1261.3136835 ]
DJI_20250404094522_0543_D:[2537.36112623 2772.0605449 ],[2537.98079533 2520.99590582],[3100.2956632  2560.05855569],[3098.81319651 2810.57929249]
DJI_20250404094256_0470_D:[3234.4469147  2530.46040095],[3232.05564666 2781.05866916],[2669.38651102 2742.96408909],[2670.26775712 2491.56503629]
3
DJI_20250404094130_0427_D:[2370.28871603 2169.49834553],[2371.98777667 1917.19237552],[2934.77598634 1958.69313154],[2933.50553905 2211.06773829]
DJI_20250404094128_0426_D:[2386.50367794 1852.17791367],[2388.64395411 1600.60575535],[2950.71064135 1642.28433592],[2949.69334817 1894.05129579]
DJI_20250404094132_0428_D:[2365.36349387 2476.94882249],[2366.78624681 2225.24336685],[2928.97100359 2266.82130676],[2927.30910403 2518.46294287]
DJI_20250404094126_0425_D:[2394.13694375 1561.42204634],[2396.45415821 1311.65151142],[2956.92305013 1352.85786351],[2956.36132619 1602.94994926]
DJI_20250404094254_0469_D:[2358.48402551 1980.11838838],[2357.74412707 2232.5917618 ],[1799.12290461 2191.06195751],[1799.75232109 1940.07886247]
DJI_20250404094252_0468_D:[2360.84016498 1672.31443905],[2359.6645877  1924.24547029],[1801.89491494 1884.36516179],[1803.64830432 1634.06489564]
DJI_20250404093908_0356_D:[3537.05069588 1743.28265935],[3536.84447875 1996.0587604 ],[2973.48027561 1955.95844924],[2973.98529418 1702.39777105]
DJI_20250404093910_0357_D:[3522.2392635  2055.08630403],[3521.02279613 2308.61946802],[2956.11046215 2269.80544276],[2956.90624289 2015.34774217]
DJI_20250404094134_0429_D:[2350.93071759 2782.1281342 ],[2351.9682184  2531.79432747],[2913.54426667 2573.20864021],[2911.57796842 2823.34040786]
DJI_20250404093906_0355_D:[3526.75574895 1441.55649497],[3527.58637017 1692.67845179],[2965.97785914 1651.70901998],[2966.12433885 1399.96663146]
4
DJI_20250404094254_0469_D:[2784.29002631 1793.40988775],[2783.49336912 2046.4610985 ],[2219.42062429 2006.10100924],[2220.47548016 1753.66311695]
DJI_20250404094256_0470_D:[2773.7231499  2093.21369568],[2772.82427762 2346.17916517],[2208.81196296 2305.34895108],[2209.30080142 2052.8825903 ]
DJI_20250404094252_0468_D:[2785.54351999 1486.14924872],[2784.82955998 1737.97061735],[2222.05673713 1698.18862146],[2223.71277573 1447.12523895]
DJI_20250404094128_0426_D:[1961.87533624 2036.97574139],[1964.39549291 1785.28944648],[2525.44135304 1826.49820998],[2523.67500169 2079.25725582]
DJI_20250404094130_0427_D:[1946.46235872 2353.67041657],[1947.98898078 2101.97522269],[2509.18310733 2144.12489022],[2507.70619175 2396.77286681]
DJI_20250404094126_0425_D:[1969.75567482 1746.27936387],[1972.94494933 1495.75417798],[2532.83443732 1535.46902747],[2531.03759583 1787.19447922]
DJI_20250404094258_0471_D:[2755.04128207 2403.7728127 ],[2754.04766351 2655.09065286],[2191.97638662 2613.81838618],[2191.8815195  2362.90170506]
DJI_20250404094250_0467_D:[2796.47956631 1181.58145169],[2795.89060535 1431.41142637],[2234.36066352 1392.28773156],[2236.58051372 1143.33546049]
DJI_20250404094132_0428_D:[1943.10485745 2659.19284711],[1943.82867018 2408.80606979],[2503.93513196 2452.11697573],[2502.58030576 2703.33509829]
DJI_20250404094514_0539_D:[3066.59612958 2058.14997809],[3067.08817204 1805.6256949 ],[3624.83460536 1846.78132337],[3624.84645269 2097.90992154]
5
DJI_20250404094514_0539_D:[2570.97084581 2207.41378938],[2572.02573907 1953.35072192],[3138.16005759 1994.05302574],[3137.35798238 2247.78462468]
DJI_20250404094512_0538_D:[2584.29683987 1900.08199552],[2585.18338258 1646.71854977],[3150.36479782 1687.24471862],[3150.40896148 1940.38491434]
DJI_20250404094256_0470_D:[3271.28277256 1944.48952521],[3270.3506549  2198.24528146],[2704.09406955 2158.48989931],[2704.88023306 1904.1619402 ]
DJI_20250404094254_0469_D:[3280.87341999 1644.62791025],[3280.6542998  1897.90796583],[2714.78610812 1857.34185476],[2715.54253685 1603.6065287 ]
DJI_20250404094516_0540_D:[2565.03079598 2497.55934462],[2566.42464912 2244.21637558],[3131.8137178  2285.38139838],[3130.01649025 2538.2530981 ]
DJI_20250404094258_0471_D:[3251.99928841 2256.17749897],[3250.34886531 2508.85898466],[2685.47599019 2470.0047155 ],[2686.28840305 2216.64728292]
DJI_20250404094510_0537_D:[2606.0889139  1597.26150489],[2606.92374796 1345.50226459],[3170.70483499 1386.20452887],[3171.48997198 1637.83417032]
DJI_20250404094252_0468_D:[3280.03786094 1338.17191889],[3280.52255415 1589.64907004],[2716.27559814 1548.3631984 ],[2717.02968628 1296.57270799]
DJI_20250404094518_0541_D:[2542.68607158 2792.64022143],[2543.34129889 2540.8231193 ],[3107.96650441 2580.09620499],[3106.24811184 2831.32599001]
DJI_20250404094300_0472_D:[3239.71719386 2563.38668375],[3237.41141171 2814.08812498],[2674.23793723 2776.36716781],[2674.9987982  2524.84636023]
6
DJI_20250404094512_0538_D:[2052.95219224 2070.62043406],[2054.38156931 1817.8220094 ],[2618.37628444 1857.52678568],[2617.55714271 2111.23956766]
DJI_20250404094646_0585_D:[2640.90153078 1968.50571837],[2640.0391641  2223.73306318],[2072.30392711 2182.35737128],[2073.15955946 1928.03122466]
DJI_20250404094644_0584_D:[2639.07912987 1655.92013904],[2638.34102322 1910.72832957],[2070.91409899 1870.73450626],[2072.34280435 1616.97741313]
DJI_20250404094510_0537_D:[2074.78780405 1768.63742059],[2076.83006359 1516.7698051 ],[2640.08791875 1555.26210635],[2639.34171103 1808.14121111]
DJI_20250404094514_0539_D:[2039.80732968 2376.03370688],[2040.75267303 2123.20161183],[2605.11922734 2164.4789372 ],[2604.10450387 2418.12552449]
DJI_20250404094648_0586_D:[2638.80449024 2261.01759961],[2637.94054885 2515.91815974],[2069.97853605 2473.62469912],[2070.18764546 2219.48638569]
DJI_20250404094642_0583_D:[2637.20169832 1351.10611349],[2636.45407226 1604.23122001],[2070.47998928 1565.47449328],[2072.59595444 1313.5206714 ]
DJI_20250404094516_0540_D:[2035.29279535 2662.98246902],[2035.94757994 2411.4833406 ],[2599.17276671 2454.53071743],[2597.78857708 2706.71627101]
DJI_20250404094508_0536_D:[2094.50745353 1466.66910041],[2097.03323452 1217.15671339],[2658.04807251 1254.10763308],[2657.51228299 1504.72979238]
DJI_20250404094650_0587_D:[2632.66644799 2565.85137942],[2631.80998037 2819.26062418],[2064.51146824 2776.22581498],[2064.01006413 2523.41695962]
7
DJI_20250404094646_0585_D:[3064.20610383 1805.93916279],[3063.57050364 2060.5980855 ],[2494.93106554 2020.09107918],[2495.87749915 1765.43139897]
DJI_20250404094648_0586_D:[3062.98361579 2097.55039903],[3061.86479526 2352.44093886],[2492.67005142 2312.06010782],[2493.45738999 2057.02103724]
DJI_20250404094644_0584_D:[3061.31482378 1494.59612729],[3061.32089101 1748.23353446],[2493.33220764 1708.00397676],[2494.33210702 1454.51382684]
DJI_20250404094857_0650_D:[2851.60397974 2079.23267604],[2852.99789238 1822.12729094],[3423.98236913 1865.05234642],[3423.14182089 2121.38592752]
DJI_20250404094650_0587_D:[3057.08992511 2402.13210407],[3055.45579269 2656.12760833],[2486.59446502 2616.10966424],[2487.20423469 2361.786855  ]
DJI_20250404094855_0649_D:[2863.17816249 1775.42778279],[2864.40609369 1519.54783198],[3433.9508203  1563.59360822],[3433.97833566 1818.81592313]
DJI_20250404094859_0651_D:[2864.97666778 2425.73162418],[2866.74650015 2168.37833588],[3438.46542175 2210.33114499],[3436.41207884 2466.68085901]
DJI_20250404094642_0583_D:[3057.55688563 1192.07392628],[3058.05777008 1443.41854358],[2491.94327599 1403.32724636],[2493.12585725 1152.24282344]
DJI_20250404094510_0537_D:[1660.40021321 1930.43362785],[1662.74876271 1679.56581971],[2219.89395163 1717.50021958],[2218.51613977 1970.26540178]
DJI_20250404094512_0538_D:[1639.49831104 2230.27544882],[1640.6963096  1979.11220081],[2197.98563408 2019.33828338],[2197.06212752 2272.30761025]
8
DJI_20250404094855_0649_D:[2443.13546283 1936.15650229],[2445.25032784 1679.60835694],[3018.1374452  1722.30178133],[3016.95378186 1979.10622629]
DJI_20250404094857_0650_D:[2431.27895423 2240.25939115],[2433.0440511  1983.10499691],[3006.84978884 2025.77551479],[3005.3228648 2283.0715438]
DJI_20250404094853_0648_D:[2462.67216595 1605.49173248],[2465.13868338 1351.13860752],[3035.41075867 1393.81489239],[3034.60675666 1648.52690366]
DJI_20250404094859_0651_D:[2444.55489493 2586.07423107],[2446.10287453 2329.34611847],[3020.40593946 2372.25877246],[3018.26588266 2628.90770732]
DJI_20250404094648_0586_D:[3476.44412553 1936.52850994],[3475.62871323 2190.78554581],[2909.25742073 2151.1511443 ],[2910.04912824 1895.84913377]
DJI_20250404094646_0585_D:[3476.2340541  1646.49577469],[3476.38098717 1899.97386412],[2910.85790755 1859.19084293],[2911.33970475 1604.81747196]
DJI_20250404094650_0587_D:[3471.37241056 2240.14349724],[3469.52714832 2494.07373626],[2903.21340893 2455.87365493],[2904.33485286 2200.71096172]
DJI_20250404094644_0584_D:[3471.64228139 1337.14430736],[3472.95235402 1588.99066608],[2908.41985017 1547.38860904],[2908.44801102 1294.78610861]
DJI_20250404094851_0647_D:[2467.79632752 1291.77292184],[2470.40208879 1040.04191643],[3038.84156719 1082.20876129],[3038.60790749 1334.4134724 ]
DJI_20250404094901_0652_D:[2431.52870647 2892.04402754],[2432.78349204 2637.40746426],[3005.79495038 2680.14165872],[3003.16476813 2934.51661655]
9
DJI_20250404094300_0472_D:[3165.94800187 1781.02622103],[3165.58902794 2033.05556738],[2602.75021178 1993.45630119],[2603.40559076 1741.19264888]
DJI_20250404094508_0536_D:[2695.84689039 2077.15726404],[2696.41227506 1824.60290252],[3258.47238628 1864.48703187],[3258.40597364 2116.48576744]
DJI_20250404094302_0473_D:[3168.32222455 2087.94388351],[3167.42199906 2339.8685135 ],[2604.81630234 2300.97303264],[2605.33301193 2048.6550428 ]
DJI_20250404094258_0471_D:[3176.26689472 1475.46175424],[3176.48582756 1726.55251852],[2614.09518032 1686.44565825],[2614.85082035 1435.23259942]
DJI_20250404094510_0537_D:[2677.37389826 2380.67925412],[2678.15263362 2127.9814877 ],[3240.96288682 2167.5169484 ],[3239.98681647 2419.54911827]
DJI_20250404094506_0535_D:[2705.25963286 1771.15233648],[2705.82932376 1519.89770123],[3266.27858681 1560.54857277],[3266.88905815 1811.37836464]
DJI_20250404094304_0474_D:[3164.65320775 2398.38833667],[3163.12796322 2649.28787558],[2601.132718   2611.09432532],[2601.58877515 2359.6353747 ]
DJI_20250404094512_0538_D:[2655.52384059 2680.7055118 ],[2656.369266   2429.26762412],[3218.47726286 2468.12771581],[3216.74048022 2718.78398772]
DJI_20250404094504_0534_D:[2712.42076225 1472.56740261],[2712.96413015 1223.53335235],[3271.24276825 1264.80445229],[3272.52083345 1513.52361251]
DJI_20250404094256_0470_D:[3193.30566679 1168.16207936],[3194.21217072 1417.43163561],[2632.53096315 1376.9360973 ],[2633.2855879  1127.62452852]
10
DJI_20250404094506_0535_D:[2193.47150814 1920.81149583],[2194.93818144 1669.22668913],[2756.98778017 1708.40530904],[2756.43475648 1960.65638239]
DJI_20250404094508_0536_D:[2183.57979931 2226.86980897],[2184.41733111 1974.54549602],[2747.67533978 2014.28584097],[2747.07232646 2267.15015046]
DJI_20250404094650_0587_D:[2543.11824569 1796.06218096],[2542.22055606 2050.7382944 ],[1976.34911799 2010.04718715],[1977.71235156 1756.5370154 ]
DJI_20250404094652_0588_D:[2530.58702559 2086.16975189],[2529.67451894 2340.68172977],[1964.23345123 2298.56541191],[1964.96772947 2045.08441816]
DJI_20250404094504_0534_D:[2201.68031555 1621.59854532],[2203.70545937 1371.69847812],[2763.98751206 1410.18359585],[2763.51203692 1660.86550844]
DJI_20250404094510_0537_D:[2165.43014677 2529.1635543 ],[2165.83190164 2277.3009241 ],[2729.26751875 2318.02898893],[2728.40152168 2570.33402676]
DJI_20250404094648_0586_D:[2549.52857345 1493.94330668],[2548.5402382  1747.28844203],[1984.09803539 1708.06119093],[1986.22143019 1456.04062788]
DJI_20250404094654_0589_D:[2505.53762977 2388.37358941],[2504.56975956 2641.68505493],[1940.45979309 2597.9589777 ],[1940.57724371 2345.57189338]
DJI_20250404094646_0585_D:[2552.02384537 1207.15305908],[2550.94707675 1458.20663271],[1988.65884098 1420.53962587],[1991.50242125 1170.9518133 ]
DJI_20250404094302_0473_D:[3674.66064252 1938.06693774],[3674.0444045  2188.91898097],[3117.00153752 2150.86165236],[3117.49043569 1898.50152408]
11
DJI_20250404094302_0473_D:[2740.45553968 1697.71740188],[2740.02704591 1950.10093715],[2177.31782617 1910.77943136],[2178.31285446 1659.16074666]
DJI_20250404094304_0474_D:[2736.90250865 2008.51122658],[2736.36707902 2261.31909289],[2173.11664829 2221.24164791],[2173.54817792 1969.05182722]
DJI_20250404094120_0422_D:[1995.93313715 2137.44131885],[1997.95143612 1884.80468506],[2561.22844522 1926.364318  ],[2559.63938975 2179.93190769]
DJI_20250404094118_0421_D:[2007.08453988 1853.4634647 ],[2009.66893526 1601.15022637],[2573.03330405 1641.35845576],[2571.51302742 1894.71494265]
DJI_20250404094300_0472_D:[2738.36383502 1391.73650946],[2737.95697229 1642.7935291 ],[2176.19571209 1604.1985258 ],[2177.84420539 1354.0603621 ]
DJI_20250404094306_0475_D:[2718.98160128 2303.26361714],[2718.40959667 2555.37104424],[2155.69585988 2514.75865282],[2155.54341491 2263.16723686]
DJI_20250404094122_0423_D:[1980.81869487 2444.83486173],[1982.04088195 2192.62268288],[2545.12334799 2235.25811135],[2543.64038824 2488.2905686 ]
DJI_20250404094116_0420_D:[2009.53597991 1579.43572074],[2012.93087559 1328.83956721],[2574.53834729 1368.09907208],[2572.83002548 1619.86414228]
DJI_20250404094124_0424_D:[1976.12319586 2744.12608851],[1976.44460477 2493.66470081],[2538.09250171 2537.02380155],[2536.81760317 2788.186007  ]
DJI_20250404094258_0471_D:[2749.43045792 1088.67797995],[2749.1050762  1337.38716019],[2188.78685879 1299.64693118],[2191.03672213 1051.97592944]
12
DJI_20250404093920_0362_D:[2897.49140081 1764.93364307],[2896.93137451 2022.28940601],[2322.84897022 1981.42289917],[2323.97175014 1724.76977289]
DJI_20250404093922_0363_D:[2888.48844876 2073.95584504],[2887.51133329 2331.01751183],[2314.40814906 2289.28561944],[2315.28725439 2032.7901746 ]
DJI_20250404093918_0361_D:[2917.59357796 1485.10342803],[2917.53431287 1740.62116117],[2345.77922023 1700.98847996],[2346.9996975  1446.25356453]
DJI_20250404093924_0364_D:[2878.45242939 2364.30995139],[2877.16079558 2619.74705155],[2306.52101961 2577.50439895],[2307.08734771 2322.50954217]
DJI_20250404093734_0309_D:[1785.21336501 1957.64799971],[1789.63737173 1702.05311492],[2358.40309982 1746.33106833],[2354.96150627 2003.38460179]
DJI_20250404093736_0310_D:[1775.89549843 2248.28811612],[1779.22279553 1992.00805829],[2349.21073723 2037.79848232],[2346.15982328 2295.41040547]
DJI_20250404094118_0421_D:[2965.95965812 2110.29585418],[2967.10005608 1854.59494021],[3532.77818105 1896.85825977],[3531.9836296  2151.24098112]
DJI_20250404093916_0360_D:[2945.73802898 1185.43102215],[2945.81130848 1438.4694188 ],[2376.2475399 1399.0112139],[2377.96321314 1146.80104243]
DJI_20250404094116_0420_D:[2966.7600794  1833.10911433],[2967.65349678 1578.31844761],[3532.26900825 1622.17983522],[3532.37077249 1875.78432717]
DJI_20250404093732_0308_D:[1807.9091972  1644.22052818],[1813.42654624 1390.2341231 ],[2380.80643785 1432.86360631],[2377.01017418 1688.41697119]
13
DJI_20250404094116_0420_D:[2512.97024627 1969.20018358],[2514.69747116 1714.70148706],[3082.21565886 1756.94020131],[3081.22387301 2011.25137072]
DJI_20250404094118_0421_D:[2511.89813187 2245.81210794],[2513.36555658 1990.87520901],[3081.64450301 2032.60127303],[3080.28025345 2287.2222961 ]
DJI_20250404093922_0363_D:[3340.79353257 1935.98421732],[3340.10993865 2191.63967629],[2769.72881182 2151.22293649],[2770.56726264 1895.1305718 ]
DJI_20250404094114_0419_D:[2525.31513444 1676.68480971],[2526.91363883 1423.38062107],[3093.50192377 1465.28943358],[3093.32498777 1718.50931157]
DJI_20250404093920_0362_D:[3349.46646478 1628.79020929],[3349.73324512 1884.23487159],[2778.7187838  1843.47003916],[2779.27199431 1587.7180449 ]
DJI_20250404094120_0422_D:[2500.08138456 2530.79699236],[2501.53006143 2276.85182057],[3068.79635165 2318.44565732],[3066.80625064 2571.95625929]
DJI_20250404093924_0364_D:[3329.86125014 2225.26959401],[3328.35779421 2479.79588102],[2760.05370272 2440.0052339 ],[2761.08239358 2184.92034555]
DJI_20250404093918_0361_D:[3366.46762843 1351.6761707 ],[3367.72510607 1604.81604537],[2799.48588332 1564.16562764],[2799.65046166 1310.79759826]
DJI_20250404094306_0475_D:[2211.29690697 1915.05667663],[2210.78678444 2168.37344465],[1652.45604889 2127.78370735],[1653.19442171 1876.33875328]
DJI_20250404093926_0365_D:[3280.62433372 2508.84146283],[3278.20223644 2761.48525165],[2712.15765629 2721.6810699 ],[2713.48015523 2468.44209851]
14
DJI_20250404093732_0308_D:[2201.77382098 2051.22609634],[2205.41662819 1795.22067806],[2776.47587817 1840.71509213],[2773.54914993 2097.12482283]
DJI_20250404093734_0309_D:[2180.51587676 2364.96640847],[2183.54080988 2108.8823266 ],[2754.99648875 2154.68980844],[2751.96006403 2411.07551384]
DJI_20250404093730_0307_D:[2215.33235897 1724.93521952],[2218.71638858 1470.2218657 ],[2788.67389626 1513.39408471],[2786.74580712 1768.63776781]
DJI_20250404093924_0364_D:[2480.32609396 1959.91979181],[2479.33395983 2214.89016884],[1914.57560992 2172.8797451 ],[1915.84099426 1919.46613141]
DJI_20250404093922_0363_D:[2489.19134399 1670.43512367],[2488.09388635 1925.6689906 ],[1921.86573971 1885.39451823],[1923.85384394 1631.83503359]
DJI_20250404093736_0310_D:[2172.52062461 2654.61649762],[2174.91508068 2399.31661352],[2746.503147   2445.34034636],[2743.39098907 2700.8075558 ]
DJI_20250404093926_0365_D:[2433.79778988 2243.59668713],[2432.77264105 2497.42260383],[1870.61063306 2453.20214697],[1871.29523011 2200.91675773]
DJI_20250404093728_0306_D:[2207.85208083 1435.76713207],[2212.15399807 1183.19597494],[2780.30935776 1226.56924907],[2778.11003195 1479.83458394]
DJI_20250404093920_0362_D:[2497.96882731 1364.63942061],[2496.84246363 1618.74325481],[1930.6972025  1580.64814366],[1933.36949484 1328.35380582]
DJI_20250404093538_0251_D:[3744.6105205  1855.97485756],[3742.85818532 2111.50960561],[3175.36069755 2067.80505747],[3177.39255337 1811.03827522]
15
DJI_20250404093540_0252_D:[3054.98146181 1915.01789945],[3052.16272365 2172.58601329],[2477.7793301  2126.57399641],[2480.89571683 1869.41182776]
DJI_20250404093538_0251_D:[3080.60033988 1613.77833997],[3078.84992824 1871.12893011],[2503.63070921 1826.70021627],[2506.32669398 1569.86128902]
DJI_20250404093542_0253_D:[3041.21509524 2230.33339498],[3038.0372848  2487.57411122],[2463.94902498 2441.57470087],[2466.71087389 2184.59291973]
DJI_20250404093536_0250_D:[3109.7753169  1311.23689968],[3108.48458886 1566.67936964],[2534.79128564 1522.51164131],[2537.65200874 1267.6625703 ]
DJI_20250404093730_0307_D:[2886.10547706 1964.4434001 ],[2888.00748171 1707.24128592],[3457.85526693 1752.4338211 ],[3456.77128786 2008.45769168]
DJI_20250404093732_0308_D:[2872.0920002  2294.70705571],[2875.11666041 2037.0977646 ],[3445.50546747 2082.4623402 ],[3442.54110035 2338.75256571]
DJI_20250404093346_0195_D:[1676.46005353 1961.34859052],[1682.16009062 1702.70818703],[2256.90044795 1750.78034001],[2251.96423638 2010.88721986]
DJI_20250404093348_0196_D:[1651.28779391 2268.9819545 ],[1655.66226128 2010.09668513],[2230.78838618 2059.50883889],[2226.47201426 2319.76606466]
DJI_20250404093728_0306_D:[2877.148955  1673.7871296],[2879.20753594 1417.90510499],[3448.07474463 1465.25683356],[3447.49812115 1720.11855392]
DJI_20250404093544_0254_D:[2987.61965874 2550.0797488 ],[2984.45687212 2805.86454761],[2411.41618608 2760.39919421],[2413.44003524 2504.78530547]
16
DJI_20250404093658_0291_D:[2421.05271382 2136.4693604 ],[2422.88438514 1874.78889126],[3006.61400991 1918.65893779],[3004.57874365 2180.0505826 ]
DJI_20250404093656_0290_D:[2433.36309234 1817.76392853],[2435.22759901 1557.03008699],[3017.15717516 1600.53952847],[3015.82286862 1861.12642959]
DJI_20250404093700_0292_D:[2409.14899944 2427.73489646],[2410.46491776 2166.67810517],[2994.22500839 2209.69592496],[2991.99955445 2470.33195978]
DJI_20250404093614_0269_D:[3466.23116353 1889.28179866],[3465.54086501 2144.72185015],[2895.81763691 2101.47542304],[2897.50008979 1845.60071523]
DJI_20250404093654_0289_D:[2445.00411948 1500.91321948],[2446.9195108  1242.18428607],[3026.43133587 1285.34375345],[3025.75933764 1544.05694875]
DJI_20250404093616_0270_D:[3470.76344861 2202.14568307],[3469.00034357 2457.36651097],[2900.42476856 2414.93668291],[2902.44713233 2159.11095396]
DJI_20250404093612_0268_D:[3485.99030318 1583.75420106],[3486.78209428 1837.55156902],[2918.46466266 1794.60209633],[2919.36067522 1540.43832125]
DJI_20250404093702_0293_D:[2393.36152211 2731.22702605],[2394.35338019 2473.0374396 ],[2974.89114104 2515.45848996],[2972.25251738 2773.09472671]
DJI_20250404094000_0382_D:[2254.49435288 2018.49005105],[2253.61101016 2275.29306123],[1688.12139665 2233.42578261],[1689.87770298 1978.75924103]
DJI_20250404093958_0381_D:[2260.89772651 1714.3331714 ],[2259.96744148 1969.52186463],[1696.49619505 1931.1299409 ],[1698.98735472 1678.18149434]
17
DJI_20250404094038_0401_D:[2592.02227583 1960.98983699],[2592.50517563 1704.44328829],[3164.08607717 1744.82137569],[3163.68435836 2000.81293319]
DJI_20250404094040_0402_D:[2586.54744315 2253.24752042],[2587.10747869 1996.54808449],[3159.45388228 2036.60397673],[3158.3497672  2292.61975248]
DJI_20250404094000_0382_D:[3287.06396224 1901.09300046],[3287.89093269 2157.57848823],[2715.11353837 2118.14903043],[2715.31823798 1861.41943884]
DJI_20250404094002_0383_D:[3272.33789995 2214.69365208],[3272.18087746 2471.09469885],[2700.16775113 2431.86060788],[2700.63676937 2175.07723743]
DJI_20250404093958_0381_D:[3288.04437852 1596.44294966],[3290.0565254 1850.8881406],[2719.53658885 1812.10929241],[2719.23882632 1557.56631126]
DJI_20250404094036_0400_D:[2603.56025713 1635.90069718],[2604.07300175 1380.45121004],[3174.39025973 1421.3703798 ],[3174.66656082 1676.40538955]
DJI_20250404094042_0403_D:[2574.07706043 2557.33675067],[2574.75842583 2301.82281574],[3146.47360988 2341.51545354],[3144.58508569 2596.21574582]
DJI_20250404094004_0384_D:[3264.44264164 2507.15585328],[3263.16538799 2761.4441333 ],[2694.7571224  2722.30350048],[2695.6250983  2467.47440251]
DJI_20250404093956_0380_D:[3320.4111415  1287.10806068],[3323.11754152 1538.72243931],[2755.11147208 1499.20352206],[2754.78389423 1247.55429123]
DJI_20250404094034_0399_D:[2623.04865738 1315.56260457],[2623.39512815 1062.37570299],[3191.56742214 1103.43268148],[3192.71412304 1356.31365029]
18
DJI_20250404093654_0289_D:[2595.46750979 1911.06853239],[2596.99820786 1649.79040295],[3178.90003145 1693.3755163 ],[3177.59415261 1954.05465526]
DJI_20250404093656_0290_D:[2584.07155678 2230.0738156 ],[2585.71531424 1968.33469872],[3168.93343466 2011.60681002],[3166.7969843  2272.61186068]
DJI_20250404093616_0270_D:[3324.82162275 1799.75144388],[3324.15175725 2055.07189368],[2753.69672573 2011.53011927],[2755.61969837 1756.18645976]
DJI_20250404093618_0271_D:[3328.29977986 2108.00035536],[3326.71041382 2364.02154794],[2755.84886641 2320.70213701],[2757.94776773 2064.47662037]
DJI_20250404093652_0288_D:[2604.57363141 1598.98079011],[2606.14774126 1338.98693759],[3186.56456992 1383.21304531],[3185.92247389 1642.72833074]
DJI_20250404093614_0269_D:[3318.81782532 1487.38268682],[3319.01509455 1741.38295068],[2748.58989028 1697.71717132],[2750.36150337 1443.83182644]
DJI_20250404093658_0291_D:[2571.80970912 2549.2673695 ],[2573.58572006 2288.17328061],[3157.45186166 2331.11858336],[3154.43347992 2591.32545968]
DJI_20250404093620_0272_D:[3315.72042917 2406.48873448],[3313.0454212  2662.30554532],[2742.00911629 2618.97161855],[2744.44947448 2362.77443698]
DJI_20250404093650_0287_D:[2634.21688555 1318.44798386],[2635.80778067 1061.60560956],[3211.77298537 1106.39929525],[3211.74554653 1362.83996504]
DJI_20250404093700_0292_D:[2560.24780269 2838.29518836],[2561.66523203 2579.35184486],[3144.44636514 2620.80669031],[3141.06173817 2878.7200571 ]
19
DJI_20250404094002_0383_D:[2903.72911839 1801.05958334],[2903.83897916 2057.94025742],[2330.17856958 2017.76000233],[2331.42957515 1761.58586325]
DJI_20250404094004_0384_D:[2898.68294214 2096.00783777],[2898.13282368 2352.31251135],[2326.91543895 2310.98485281],[2328.1173944  2055.25072895]
DJI_20250404094000_0382_D:[2917.6670641 1487.8947497],[2918.31433893 1743.30263003],[2344.99513105 1704.20836098],[2346.41223217 1449.62060335]
DJI_20250404094006_0385_D:[2888.79943972 2391.33541619],[2888.06448182 2646.41060302],[2319.08682043 2604.99127187],[2319.77272756 2350.36777726]
DJI_20250404093654_0289_D:[1770.33684057 2036.97454795],[1771.83615421 1777.03804525],[2350.54013598 1818.99470443],[2349.07609766 2080.29036825]
DJI_20250404093652_0288_D:[1779.86886209 1726.26707635],[1782.43297112 1467.10341231],[2360.08553529 1507.33838042],[2358.27290205 1767.99513833]
DJI_20250404094036_0400_D:[2974.15997328 2049.7716458 ],[2974.69846481 1792.59680988],[3543.62891109 1833.35601758],[3542.85327053 2089.03315073]
DJI_20250404093656_0290_D:[1758.67879802 2353.48049626],[1759.24533726 2093.61655488],[2338.81623216 2137.65882827],[2337.55337841 2398.75940541]
DJI_20250404094034_0399_D:[2993.6747282  1726.73127463],[2993.62795819 1470.28095462],[3561.4340126  1512.47644723],[3561.95382235 1767.53799241]
DJI_20250404094038_0401_D:[2962.33804483 2375.50207898],[2963.28593765 2118.801777  ],[3532.32202891 2157.66224514],[3530.41195347 2412.71309679]
20
DJI_20250404093652_0288_D:[2202.77624277 1961.04788982],[2204.4011369  1700.76654455],[2785.53122332 1743.32762941],[2784.00525038 2003.92294198]
DJI_20250404093654_0289_D:[2193.94352385 2272.24438656],[2195.02536995 2012.05116022],[2776.60993614 2054.96230404],[2774.92990296 2315.34678819]
DJI_20250404093650_0287_D:[2234.10957124 1678.38633374],[2236.23344375 1419.98196606],[2814.0215438  1462.18356527],[2812.61917444 1720.97886411]
DJI_20250404094004_0384_D:[2481.35498423 1866.37367334],[2480.22869061 2121.29952704],[1915.02447046 2080.16408237],[1917.36707345 1826.87223788]
DJI_20250404094006_0385_D:[2472.37580378 2161.28401722],[2471.56637172 2415.80859106],[1908.0155701 2373.365741 ],[1909.35472907 2120.37038863]
DJI_20250404093656_0290_D:[2182.72993518 2588.83797282],[2183.40393894 2329.58264727],[2765.27145799 2373.18497055],[2763.27947789 2632.50325192]
DJI_20250404094002_0383_D:[2484.99241016 1573.14697686],[2484.0105615  1827.81734236],[1917.06904878 1789.05303587],[1919.96998117 1536.1507248 ]
DJI_20250404093648_0286_D:[2247.47245023 1342.47734465],[2249.93232697 1086.52726096],[2825.07432546 1127.75135891],[2824.06937206 1384.24042895]
DJI_20250404094008_0386_D:[2483.98413202 2455.7626637 ],[2483.58184611 2709.15518945],[1921.51810042 2665.72509079],[1921.77946705 2413.72493942]
DJI_20250404093620_0272_D:[3704.62777522 2052.07090452],[3703.41337489 2306.71105652],[3137.77163848 2264.27025945],[3139.51601818 2008.51372236]
21
DJI_20250404094034_0399_D:[2564.57672313 2098.89169372],[2564.88357692 1841.2815599 ],[3139.22592381 1881.21351205],[3138.55664044 2138.28287647]
DJI_20250404094032_0398_D:[2590.12895731 1767.87875078],[2590.43248565 1510.8182659 ],[3163.71337618 1551.16641633],[3163.75178024 1807.79404673]
DJI_20250404094006_0385_D:[3314.06958165 2022.47715547],[3314.30239446 2277.65352407],[2745.00020834 2238.00472757],[2745.5111978  1982.46616834]
DJI_20250404094004_0384_D:[3324.01034293 1727.33654451],[3324.9678418 1982.3600179],[2754.50222421 1941.8223204 ],[2754.99089552 1686.54904397]
DJI_20250404094036_0400_D:[2544.6767074  2421.83759118],[2545.01512123 2164.92593495],[3119.36391659 2204.53596926],[3117.96527907 2460.78419631]
DJI_20250404094008_0386_D:[3324.40727189 2317.33870574],[3324.04389705 2571.85051389],[2756.16904634 2533.42532017],[2756.58718957 2278.38425178]
DJI_20250404094002_0383_D:[3328.56610226 1432.79616552],[3330.73001785 1687.00962522],[2758.8307449  1646.65636891],[2758.83233961 1392.31170284]
DJI_20250404094030_0397_D:[2596.50002591 1433.67479478],[2596.61868299 1178.38996055],[3168.05201459 1218.64616132],[3168.9768869  1473.63000969]
DJI_20250404094038_0401_D:[2533.41674216 2745.94722976],[2533.61136764 2490.95265602],[3107.05227419 2529.73652201],[3105.07406527 2783.91157709]
DJI_20250404094350_0497_D:[2160.82288434 2007.07448798],[2159.88743673 2261.23012444],[1600.97140761 2219.67925647],[1602.61585981 1967.6241089 ]
22
DJI_20250404094006_0385_D:[2943.20902529 1798.19919478],[2943.2362465  2053.98634717],[2371.86480511 2013.62607609],[2373.17435891 1758.46149706]
DJI_20250404094008_0386_D:[2954.19592362 2094.77492549],[2954.09081126 2350.71863171],[2383.42089031 2310.42195646],[2384.19013445 2054.95471242]
DJI_20250404094004_0384_D:[2952.67536718 1502.13911173],[2952.9761428  1756.97250715],[2380.98182654 1716.83256712],[2382.71334245 1462.72621   ]
DJI_20250404094010_0387_D:[2958.5230143  2401.72492093],[2958.15201769 2656.35745235],[2389.84166718 2616.18117627],[2390.16849281 2361.85386009]
DJI_20250404093650_0287_D:[1752.03535371 2046.06595611],[1753.44886495 1786.20148804],[2331.89657399 1828.42568577],[2330.39081154 2089.67479022]
DJI_20250404094032_0398_D:[2967.038329   1993.47478976],[2967.37899837 1735.36601693],[3538.62918055 1776.11659428],[3538.04686199 2032.7769685 ]
DJI_20250404093648_0286_D:[1765.65594206 1707.78462374],[1768.05775905 1448.92127171],[2344.90340543 1488.82972301],[2343.16371981 1749.22807101]
DJI_20250404093652_0288_D:[1720.11543699 2330.71363823],[1720.41402106 2070.27732944],[2301.01381908 2114.04497966],[2299.96619063 2375.8075655 ]
DJI_20250404094034_0399_D:[2941.28256881 2325.20247403],[2942.06818331 2067.38026441],[3513.90157348 2106.45300828],[3512.15103706 2362.71268689]
DJI_20250404094002_0383_D:[2956.19236656 1207.91637291],[2957.23560015 1461.11424768],[2384.43586169 1422.2962463 ],[2386.14564878 1169.94738057]
23
DJI_20250404093648_0286_D:[2436.47778191 1933.97372618],[2437.98381169 1674.24978193],[3017.35959932 1717.11807426],[3015.84431271 1976.60309163]
DJI_20250404093650_0287_D:[2423.97679111 2273.11151705],[2425.35914623 2013.26507584],[3005.7370073  2056.17396046],[3003.61872643 2315.64069666]
DJI_20250404093646_0285_D:[2454.80300333 1618.88248865],[2456.38005613 1360.01640443],[3034.82516667 1402.80455167],[3033.89443419 1661.54372103]
DJI_20250404093652_0288_D:[2394.21674389 2557.93050723],[2395.22212236 2298.19112214],[2977.6304832  2340.77074767],[2975.24344885 2600.04585507]
DJI_20250404093624_0274_D:[3475.74274216 2041.15227126],[3474.21841359 2296.29531014],[2905.83772398 2252.81192282],[2907.99981111 1997.08144157]
DJI_20250404093622_0273_D:[3482.15123195 1765.75247518],[3481.69828568 2020.97860051],[2911.83757636 1976.93849269],[2913.57456703 1721.27801138]
DJI_20250404094008_0386_D:[2295.26992159 1875.35750271],[2294.15114395 2129.06206496],[1734.38171854 2088.68048521],[1736.71705406 1837.05327623]
DJI_20250404093626_0275_D:[3466.42547963 2333.09370528],[3463.91839734 2587.90744618],[2896.08287499 2545.37908279],[2898.54072105 2289.81153627]
DJI_20250404093644_0284_D:[2481.45924409 1328.03313356],[2483.13987117 1070.77778667],[3060.28798081 1113.70897042],[3059.86181382 1370.92352195]
DJI_20250404094010_0387_D:[2301.07798051 2181.0180097 ],[2300.50716144 2434.26530826],[1742.21362356 2392.036047  ],[1743.3115943  2140.71674112]
24
DJI_20250404094010_0387_D:[2964.86090277 2007.63512583],[2965.04046093 2261.27625527],[2399.26552345 2221.81328011],[2399.95803164 1968.65346108]
DJI_20250404094008_0386_D:[2960.17081682 1701.82545315],[2960.60647513 1955.3025627 ],[2393.57170738 1915.9562438 ],[2394.69333147 1663.11503571]
DJI_20250404094012_0388_D:[2936.82160479 2307.27623492],[2936.81063346 2561.31369624],[2370.24496736 2521.76199654],[2370.46294204 2268.12056385]
DJI_20250404094006_0385_D:[2949.03675078 1408.49752691],[2949.59087484 1660.43869581],[2382.88413091 1621.22678488],[2384.54169592 1370.05475442]
DJI_20250404093648_0286_D:[1759.67296347 2108.08777522],[1760.59360208 1849.8690059 ],[2335.63108045 1891.90212309],[2334.38077996 2151.43493013]
DJI_20250404093646_0285_D:[1777.5390176  1795.01058238],[1779.32718932 1536.98767258],[2354.02798696 1577.02154183],[2352.57530452 1836.48241965]
DJI_20250404094030_0397_D:[2963.62025818 2055.32334852],[2963.88699522 1798.67304446],[3532.13015767 1838.36974554],[3531.3756585  2093.56509422]
DJI_20250404094014_0389_D:[2894.73187914 2610.0946633 ],[2894.3477164  2863.37249267],[2327.95290648 2823.1356848 ],[2327.83245815 2570.18549634]
DJI_20250404094028_0396_D:[2991.11053722 1706.11306425],[2990.7182904 1449.7164587],[3558.51514589 1490.81408212],[3559.13313999 1745.84454306]
DJI_20250404093644_0284_D:[1804.10969748 1505.12399281],[1806.73882367 1248.0844341 ],[2380.81993929 1286.44216812],[2379.13566103 1545.03469149]
25
DJI_20250404094010_0387_D:[3256.31056659 1812.04545118],[3257.41979948 2065.21198677],[2691.46339187 2026.24780253],[2691.62769441 1772.98362317]
DJI_20250404094012_0388_D:[3229.51298874 2110.75355493],[3230.0667385  2365.04615768],[2662.65514437 2326.72739335],[2662.7117228  2072.24492818]
DJI_20250404094028_0396_D:[2695.40849983 1904.97776343],[2695.25021813 1647.52427203],[3268.35385729 1686.92935841],[3268.28859515 1943.63644459]
DJI_20250404094030_0397_D:[2667.82987988 2254.4042824 ],[2667.94623636 1997.49256002],[3240.80598572 2036.38238767],[3239.76805516 2292.44245219]
DJI_20250404094008_0386_D:[3251.49480211 1506.91408314],[3253.21841203 1759.20092828],[2686.43695634 1719.65821887],[2686.68151737 1467.42216045]
DJI_20250404094014_0389_D:[3188.41453528 2413.85947329],[3188.19852118 2668.17962458],[2620.16333589 2629.94839631],[2620.28613218 2375.35814938]
DJI_20250404094026_0395_D:[2728.93208743 1533.98820419],[2728.73666563 1277.28787011],[3301.12579666 1317.98192468],[3301.8689126  1574.01650134]
DJI_20250404094032_0398_D:[2660.78588952 2588.25419495],[2661.15029113 2332.68460433],[3233.63348966 2371.00649413],[3231.6523646  2625.57405552]
DJI_20250404094006_0385_D:[3239.53761457 1215.42899598],[3241.71965589 1465.47940346],[2675.69696777 1425.38559377],[2676.1480366  1175.51200824]
DJI_20250404094016_0390_D:[3174.62125928 2706.40852498],[3173.89277869 2958.58138815],[2608.43185043 2921.18998879],[2608.3624709  2668.61096292]
26
DJI_20250404094012_0388_D:[2920.87557615 1903.13950372],[2921.34737846 2157.62668252],[2353.43540316 2118.60087013],[2354.11187056 1864.74415349]
DJI_20250404094014_0389_D:[2879.25347552 2206.24446177],[2879.31390387 2461.50940435],[2310.46218628 2421.64390097],[2310.86504226 2166.9569263 ]
DJI_20250404094010_0387_D:[2948.73317247 1604.92596747],[2949.41464346 1857.57103436],[2383.34734138 1818.81237751],[2384.46051281 1566.86913475]
DJI_20250404093644_0284_D:[1815.28878548 1915.98078937],[1816.47607703 1656.71971384],[2394.07489322 1697.66395844],[2392.80859736 1958.20864818]
DJI_20250404093646_0285_D:[1789.98064016 2206.73058993],[1790.3052837  1947.86090506],[2367.56352319 1990.27523025],[2366.55879159 2250.33343828]
DJI_20250404094016_0390_D:[2866.55336221 2500.72454589],[2866.48327817 2754.61916882],[2299.69454228 2714.63740035],[2299.54229541 2461.21067902]
DJI_20250404093642_0283_D:[1840.84543531 1621.7205606 ],[1842.87444791 1362.58913072],[2421.03818794 1401.98886651],[2419.56563132 1662.5349192 ]
DJI_20250404094008_0386_D:[2943.63678845 1300.19902519],[2944.54984615 1551.19835969],[2378.31799551 1512.84829209],[2379.88748453 1262.69600966]
DJI_20250404094028_0396_D:[3008.71732845 2115.10575494],[3008.95794692 1857.69919533],[3578.53528374 1896.7223882 ],[3577.53109662 2152.53327541]
DJI_20250404094026_0395_D:[3042.66257399 1744.23545381],[3042.47958661 1486.73511064],[3611.73746429 1528.20727943],[3611.9371551  1784.18574971]
27
DJI_20250404093644_0284_D:[2507.89515152 2139.17857521],[2509.12267352 1877.49992649],[3092.94653435 1920.25940817],[3090.98249723 2181.40683121]
DJI_20250404093642_0283_D:[2534.93707185 1842.49004382],[2536.26750897 1580.20030363],[3120.98926048 1623.46669537],[3119.54738503 1885.32402434]
DJI_20250404093646_0285_D:[2481.46613531 2431.98371538],[2482.52725036 2171.38049253],[3065.79368853 2213.63234556],[3063.39877502 2473.61535891]
DJI_20250404093628_0276_D:[3416.49437162 1838.29148707],[3415.28021009 2095.13260775],[2842.0288628  2049.94190464],[2844.44944204 1792.77119191]
DJI_20250404093640_0282_D:[2553.45056582 1531.14381877],[2556.56735303 1270.64170045],[3138.21029237 1317.95512821],[3135.69306983 1578.15573387]
DJI_20250404093630_0277_D:[3409.62220134 2159.65241968],[3407.74902652 2417.36333427],[2833.51547849 2373.47444835],[2835.88509808 2115.28075837]
DJI_20250404093626_0275_D:[3444.26835231 1536.76776527],[3444.49077042 1791.4556908 ],[2873.46888053 1746.74663624],[2875.12823018 1491.80779969]
DJI_20250404093632_0278_D:[3389.43861848 2451.49489012],[3386.52495463 2708.83660672],[2812.4015445  2665.29313767],[2815.12945618 2407.33426649]
DJI_20250404093648_0286_D:[2463.26597751 2746.43027913],[2464.21583118 2487.90570926],[3046.36143683 2529.77944103],[3043.40732154 2787.56217388]
DJI_20250404094012_0388_D:[2239.95602342 1689.47081123],[2238.76105051 1943.38814691],[1678.16718027 1905.17217804],[1681.06589584 1653.55027294]
28
DJI_20250404094014_0389_D:[3147.51214259 1840.66795074],[3148.54588444 2095.81116978],[2578.24318113 2056.93814821],[2578.48284736 1801.92443455]
DJI_20250404094016_0390_D:[3134.81486643 2136.10115516],[3135.38136644 2391.21732522],[2566.11329678 2352.79270797],[2566.14026943 2097.70057679]
DJI_20250404094026_0395_D:[2771.99210149 2114.422966  ],[2772.09657579 1855.91420977],[3347.22449552 1895.17400518],[3346.26414002 2152.64627374]
DJI_20250404094012_0388_D:[3187.18548777 1539.5541951 ],[3189.01006771 1792.53985376],[2620.87619584 1753.85239469],[2621.00042505 1501.04567406]
DJI_20250404094024_0394_D:[2794.9916428  1714.59016154],[2798.78083273 1457.33856903],[3370.22634427 1506.50901743],[3366.47533892 1762.87677052]
DJI_20250404094018_0391_D:[3121.36095401 2418.99245619],[3121.37722964 2672.31418748],[2555.58089148 2634.21157299],[2555.5060084  2380.80878943]
DJI_20250404094028_0396_D:[2738.21804382 2484.92902912],[2738.33402325 2228.09459754],[3312.47589377 2265.70861695],[3310.74240912 2521.40860049]
DJI_20250404094020_0392_D:[3364.21696462 2118.5913777 ],[3562.68211073 2274.57890828],[3183.94631787 2695.79095772],[2985.06636862 2540.11923657]
DJI_20250404094010_0387_D:[3213.0406906 1245.1315242],[3215.42461466 1494.96198867],[2650.23150766 1455.92618578],[2650.44209555 1206.33945279]
DJI_20250404094022_0393_D:[3228.00486711 1788.30854894],[3463.80728116 1693.90094712],[3637.2018579  2235.84073803],[3402.01420197 2330.61417971]
29
DJI_20250404093640_0282_D:[2238.68329449 1911.31284626],[2241.53742795 1650.04576791],[2824.74832755 1696.08725632],[2821.5879944  1957.61798441]
DJI_20250404093642_0283_D:[2222.27676649 2225.39840053],[2222.93478703 1963.78915901],[2808.1449539  2006.48775177],[2806.47968522 2268.23349972]
DJI_20250404093638_0281_D:[2497.82344251 1416.77938033],[2637.92441735 1198.39267742],[3106.10529343 1543.49143849],[2965.96204606 1762.50877098]
DJI_20250404094016_0390_D:[2486.67448287 1913.56196028],[2486.44649763 2168.67815737],[1920.87742167 2129.20894256],[1922.30065074 1875.72623319]
DJI_20250404093644_0284_D:[2196.80081531 2519.39605067],[2196.97790263 2259.70888349],[2780.26289389 2302.60944115],[2778.46224646 2562.3292828 ]
DJI_20250404094014_0389_D:[2499.2013084  1617.79789732],[2498.6762614  1872.18265655],[1932.51717263 1834.09736141],[1934.90936046 1581.43829227]
DJI_20250404094018_0391_D:[2476.28499364 2197.87568936],[2476.24092027 2451.92566667],[1913.70813106 2411.03573626],[1914.30091075 2158.52464667]
DJI_20250404093636_0280_D:[3280.27667484 1296.21223961],[3535.89816988 1319.78562816],[3449.24017715 1888.14818135],[3192.37207508 1864.97713103]
DJI_20250404094012_0388_D:[2542.13755652 1318.50136463],[2541.66618101 1570.02544431],[1977.66780239 1533.92514725],[1980.67264017 1284.15554018]
DJI_20250404093632_0278_D:[3695.19075979 2076.0141158 ],[3693.90455666 2333.02402135],[3123.04790493 2289.70985734],[3124.99961023 2031.56281538]
30
DJI_20250404094024_0394_D:[2592.65409852 2097.83674123],[2596.43391089 1840.56035034],[3169.82499173 1888.26817792],[3165.18079681 2144.94322232]
DJI_20250404094022_0393_D:[2800.22321691 1749.61402874],[3037.15846021 1654.75919802],[3212.6872655  2198.00126254],[2975.7518816 2292.4948265]
DJI_20250404094020_0392_D:[3183.72646622 1731.91891382],[3383.37389953 1888.00167478],[3004.99645213 2310.01305321],[2805.27044918 2153.40221849]
DJI_20250404094018_0391_D:[3313.21306384 2038.36086954],[3314.28168407 2291.66795668],[2749.07220389 2254.03199525],[2748.79615697 2000.39509529]
DJI_20250404094016_0390_D:[3326.40933561 1754.6179748 ],[3328.26404419 2008.38138939],[2760.61477139 1970.076095  ],[2760.20315432 1716.07167765]
DJI_20250404094026_0395_D:[2574.9002607  2500.53430602],[2574.66549775 2243.82103602],[3150.38460054 2282.08721153],[3148.87084418 2538.04880665]
DJI_20250404094014_0389_D:[3338.12096065 1461.18709329],[3340.68974507 1713.59301527],[2773.07677767 1674.46736228],[2772.62833814 1421.91077133]
DJI_20250404094400_0502_D:[2195.82625766 1741.83370613],[2194.53874795 1995.16016937],[1635.25604103 1956.35198522],[1638.09500643 1705.08842625]
DJI_20250404094402_0503_D:[2170.41407737 2039.7300762 ],[2169.65565308 2293.619333  ],[1610.81650538 2252.71190061],[1612.47755792 2000.81631003]
DJI_20250404094358_0501_D:[2204.63651326 1438.63285417],[2202.75282633 1689.72329965],[1645.51549143 1653.09791731],[1649.58633295 1404.18338426]
31
DJI_20250404093610_0267_D:[2803.7351698 2021.9439215],[2802.15042967 2277.27371631],[2233.96569871 2233.73399268],[2236.21636236 1979.39446396]
DJI_20250404093608_0266_D:[2820.31370531 1727.93371546],[2818.93674651 1982.23801903],[2251.7457464  1939.83109597],[2254.3583241  1686.59680823]
DJI_20250404093318_0181_D:[1947.21919436 1934.32432723],[1950.80944246 1675.54044069],[2527.88138171 1721.17021996],[2524.63904811 1980.6682919 ]
DJI_20250404093606_0265_D:[2858.17765668 1470.77688598],[2857.00574166 1724.80573862],[2288.02997566 1682.98545013],[2290.9680593 1430.0652202]
DJI_20250404093320_0182_D:[1920.27710806 2245.33221476],[1922.87659175 1986.60309622],[2500.18424912 2032.88719088],[2497.18292629 2292.20866807]
DJI_20250404093612_0268_D:[2772.38822077 2352.43480639],[2770.53698818 2608.01653549],[2201.70594668 2562.99637092],[2203.53657167 2308.34184424]
DJI_20250404093316_0180_D:[1974.59700256 1623.26020304],[1979.0720227  1365.51367468],[2555.27789795 1410.34094386],[2551.89322546 1668.93724302]
DJI_20250404093322_0183_D:[1899.1101187  2565.51934776],[1900.68885068 2307.69589679],[2478.30040395 2354.82913094],[2475.52271667 2613.12748563]
DJI_20250404093604_0264_D:[2868.99609322 1166.87384392],[2868.38025433 1420.04914003],[2297.13574856 1379.7853357 ],[2300.19961634 1127.85616808]
DJI_20250404093314_0179_D:[1984.46531536 1322.3392445 ],[1989.66183028 1067.33174995],[2562.81233808 1110.7675297 ],[2559.41595596 1366.81241533]
32
DJI_20250404093704_0294_D:[2488.94313128 2042.28460166],[2490.58092461 1782.78483965],[3069.00733438 1825.8693353 ],[3067.43084412 2084.95727071]
DJI_20250404093706_0295_D:[2460.62823372 2364.78208852],[2462.34637609 2104.42514832],[3043.66261218 2147.84818677],[3041.26068803 2407.67529926]
DJI_20250404093702_0293_D:[2499.21151226 1713.36795331],[2501.03568828 1454.3654707 ],[3079.2821178  1497.93473969],[3078.27069961 1756.66609028]
DJI_20250404093608_0266_D:[3429.28137123 1957.98843269],[3428.43422029 2212.15954178],[2861.70929274 2170.19310233],[2863.17525979 1915.56109753]
DJI_20250404093606_0265_D:[3468.55203958 1701.74902179],[3468.45945363 1956.2193454 ],[2900.00087444 1913.376395  ],[2901.2530757  1658.47690352]
DJI_20250404093610_0267_D:[3413.89412147 2251.96145667],[3412.20809481 2506.43274464],[2844.85430744 2465.08779117],[2846.56000842 2210.03869416]
DJI_20250404093700_0292_D:[2516.26264952 1405.53704167],[2518.19770133 1147.62350389],[3096.70908134 1191.55804503],[3096.34518001 1449.33025511]
DJI_20250404093708_0296_D:[2439.07716131 2712.33779192],[2440.65233276 2453.12071854],[3022.59269589 2496.34278325],[3019.51790526 2754.89419876]
DJI_20250404093604_0264_D:[3482.09192674 1397.68626222],[3483.28162353 1652.10288321],[2911.97236218 1608.94420173],[2912.63089052 1354.20960912]
DJI_20250404093952_0378_D:[2200.60844227 1806.59960176],[2199.53248291 2060.60588631],[1640.52284377 2021.02363612],[1642.77280064 1769.34037334]
33
DJI_20250404093606_0265_D:[2794.57034053 1861.04363401],[2792.93955386 2116.15066532],[2224.91630258 2072.95225977],[2227.41547855 1818.91152435]
DJI_20250404093608_0266_D:[2756.74853721 2117.40809674],[2755.03743501 2371.64686732],[2189.63134677 2327.79536132],[2191.6895523  2074.57824349]
DJI_20250404093604_0264_D:[2805.91564859 1557.38046399],[2804.73853247 1813.05428706],[2233.4565889  1771.35066427],[2236.15950661 1516.88910401]
DJI_20250404093322_0183_D:[1965.86041876 2169.58792798],[1968.69124197 1911.09913325],[2545.3532046  1957.12499973],[2542.29116428 2216.12269279]
DJI_20250404093320_0182_D:[1988.43500135 1849.43827198],[1992.13083264 1591.67162597],[2567.27304626 1636.84520196],[2564.1234259  1895.25303858]
DJI_20250404093610_0267_D:[2739.84038329 2411.5828764 ],[2738.01274383 2665.56402303],[2172.52993802 2620.5611936 ],[2174.12012454 2367.51344005]
DJI_20250404093324_0184_D:[1948.98260457 2473.37883373],[1951.01169283 2215.3015495 ],[2528.46591656 2262.24548662],[2525.4586024  2520.73058689]
DJI_20250404093318_0181_D:[2016.72849348 1539.74220933],[2021.27085377 1283.46578936],[2595.01879597 1327.96806006],[2591.76638864 1585.02233285]
DJI_20250404093602_0263_D:[2831.19746378 1270.99937324],[2829.90085622 1524.77432145],[2259.36434291 1483.35574384],[2262.84124729 1230.88164913]
DJI_20250404093706_0295_D:[3148.9438537  2200.65901661],[3151.01941188 1941.13995849],[3721.65176832 1984.48464589],[3719.19155243 2241.88991814]
34
DJI_20250404093706_0295_D:[2423.61292823 1954.88526076],[2425.63480199 1694.64664971],[3006.04370718 1738.48071753],[3004.33377565 1998.49723371]
DJI_20250404093708_0296_D:[2401.81418397 2303.16540951],[2403.68995198 2042.32628093],[2985.96336234 2086.29351514],[2983.60493974 2346.78321497]
DJI_20250404093704_0294_D:[2451.96747651 1634.72401871],[2453.90312604 1376.92014255],[3030.29636403 1420.12119256],[3029.40203848 1677.8139572 ]
DJI_20250404093604_0264_D:[3521.45177277 1799.09568208],[3521.25309543 2055.42836121],[2949.52798487 2013.10336144],[2950.59611984 1756.17223023]
DJI_20250404093710_0297_D:[2395.8803929  2639.55016985],[2397.34076711 2380.65311399],[2977.86878983 2423.87817353],[2975.12358773 2682.2535906 ]
DJI_20250404093606_0265_D:[3505.7254616  2102.31808822],[3504.23985808 2357.24227704],[2936.41690119 2315.54938786],[2938.09515425 2059.89042299]
DJI_20250404093950_0377_D:[2271.98484279 1920.59922176],[2271.28409635 2175.43140065],[1709.71306806 2134.99171558],[1711.28872759 1882.2820746 ]
DJI_20250404093602_0263_D:[3545.3048819  1512.78273401],[3545.81572389 1767.98757522],[2974.51517113 1723.94317364],[2975.55806443 1468.23150319]
DJI_20250404093608_0266_D:[3465.23384062 2357.29387234],[3463.02271918 2610.73269283],[2897.74220024 2570.08267435],[2899.60428996 2315.85530598]
DJI_20250404093948_0376_D:[2280.97562516 1617.37936732],[2280.01200265 1871.22415334],[1718.97037023 1833.56706262],[1721.46203603 1581.9812784 ]
35
DJI_20250404093604_0264_D:[2761.57318099 1948.16416536],[2760.06452025 2205.1455402 ],[2188.42267157 2161.77683039],[2190.5532306  1905.92632265]
DJI_20250404093602_0263_D:[2786.67230593 1659.41742135],[2784.94585161 1915.87125798],[2213.03261279 1872.752482  ],[2216.03574797 1617.52548897]
DJI_20250404093324_0184_D:[1995.35330807 2079.27034233],[1998.51468971 1820.29987394],[2576.13857836 1866.39538333],[2572.95370892 2125.86492057]
DJI_20250404093322_0183_D:[2013.35077091 1775.3660252 ],[2017.208525   1517.50868454],[2592.89794681 1562.63793618],[2589.75370249 1821.10873648]
DJI_20250404093606_0265_D:[2749.81798026 2250.30344842],[2747.92885728 2505.34014357],[2180.52551921 2460.59821192],[2182.386797   2206.53750469]
DJI_20250404093326_0185_D:[1970.19852551 2388.03613925],[1972.62333524 2129.06930867],[2551.39057896 2176.1253261 ],[2548.21599751 2435.52824463]
DJI_20250404093600_0262_D:[2782.03437576 1366.18566898],[2780.26680155 1621.5438048 ],[2207.96104538 1579.23979298],[2211.68483277 1325.26124321]
DJI_20250404093320_0182_D:[2037.08102753 1456.87564523],[2041.69733574 1201.3370274 ],[2614.67367687 1245.52128134],[2611.54702842 1501.82115982]
DJI_20250404093608_0266_D:[2712.12110706 2504.83565819],[2710.25467953 2757.86092619],[2146.29522004 2712.44762457],[2147.60768219 2460.3478369 ]
DJI_20250404093328_0186_D:[1949.93009097 2703.76793632],[1951.55976541 2445.95266087],[2530.81099372 2494.13679786],[2527.65959593 2752.32325322]
36
DJI_20250404094436_0520_D:[2462.80314346 1916.53742894],[2463.79938815 1661.81439875],[3032.28293575 1702.50365743],[3031.61199421 1957.13608818]
DJI_20250404094438_0521_D:[2445.31649613 2212.73453826],[2446.010725   1958.01172108],[3014.66756377 1998.32472558],[3013.66378979 2252.85257288]
DJI_20250404094434_0519_D:[2468.85183502 1617.98723976],[2470.04400266 1364.36766205],[3037.4378803  1405.10541683],[3037.2180049  1658.75228925]
DJI_20250404094440_0522_D:[2432.72916085 2502.57180365],[2433.24895155 2248.70409723],[3001.61670357 2288.95109736],[3000.15083781 2542.52249692]
DJI_20250404094332_0488_D:[3413.63000476 1911.98674652],[3414.03070241 2165.2809683 ],[2849.2391624  2126.21738531],[2849.50470644 1872.06960223]
DJI_20250404094334_0489_D:[3400.69448104 2211.78769862],[3400.05911191 2465.15999634],[2835.22491223 2427.06735776],[2835.83372404 2172.71106966]
DJI_20250404094330_0487_D:[3417.11055574 1591.50955384],[3418.54197811 1843.52258448],[2854.64064654 1803.4173963 ],[2854.59637103 1550.69644334]
DJI_20250404094721_0602_D:[2255.43554666 1720.33067202],[2253.0351074  1976.47094151],[1687.05358567 1933.94451298],[1690.59753862 1679.71037552]
DJI_20250404094723_0603_D:[2214.33417381 2016.4076799 ],[2212.1050621  2272.63793632],[1647.54498889 2227.51374144],[1650.24459523 1973.16522427]
DJI_20250404094432_0518_D:[2483.49263352 1325.54059505],[2484.81601115 1074.21424837],[3049.96012152 1114.86124988],[3050.27097438 1366.31120272]
37
DJI_20250404094723_0603_D:[2732.40890888 1842.10276982],[2730.58333863 2098.32854567],[2159.64750445 2054.86482033],[2162.31900345 1799.38321458]
DJI_20250404094725_0604_D:[2722.45661055 2148.09841836],[2720.42118593 2404.45596504],[2149.67357506 2360.03258707],[2151.89769621 2104.31936574]
DJI_20250404094721_0602_D:[2773.33373901 1545.98072441],[2771.96927572 1801.39234507],[2200.62506938 1759.15596627],[2203.48946396 1504.51699562]
DJI_20250404094436_0520_D:[1951.02789676 2091.59992982],[1951.88218338 1837.91189115],[2517.73755421 1877.96371747],[2516.87508111 2132.66425581]
DJI_20250404094434_0519_D:[1956.89776212 1794.17054995],[1958.53770451 1540.95567427],[2523.75671593 1579.74319264],[2522.75463929 1834.0943395 ]
DJI_20250404094438_0521_D:[1934.74716623 2386.05527595],[1934.70706001 2133.00443403],[2500.17842428 2173.98430209],[2499.57341749 2427.94573924]
DJI_20250404094726_0605_D:[2720.08561329 2443.77978617],[2717.74999313 2699.3303709 ],[2147.6657408  2653.89126895],[2149.54029541 2398.84427108]
DJI_20250404094718_0601_D:[2798.97024285 1256.6621679 ],[2797.85300737 1510.24329652],[2227.05912962 1468.68970372],[2230.3404273  1215.97938007]
DJI_20250404094432_0518_D:[1972.30788935 1502.00093197],[1974.68616494 1250.41827174],[2538.24549289 1287.80175674],[2537.16311067 1540.62956803]
DJI_20250404094440_0522_D:[1923.68683046 2673.16919276],[1922.87633038 2421.62296205],[2487.49210275 2463.82311122],[2487.01425316 2716.19104131]
38
DJI_20250404094434_0519_D:[2498.0389763  2012.99510913],[2498.96752591 1759.16385016],[3065.18041855 1799.77116353],[3064.30096964 2053.37661359]
DJI_20250404094436_0520_D:[2492.30443578 2310.30656114],[2493.0617149  2056.74513677],[3059.3617241  2097.04262074],[3058.0176697  2350.25826289]
DJI_20250404094432_0518_D:[2512.35591351 1719.96102813],[2513.40284734 1467.01500304],[3078.39547612 1507.75936947],[3078.04225603 1760.57613072]
DJI_20250404094334_0489_D:[3367.37564327 1819.5597498 ],[3367.94309885 2071.61389131],[2805.29803741 2032.18299037],[2805.62596144 1779.43616614]
DJI_20250404094336_0490_D:[3342.92031108 2112.3798097 ],[3342.67764357 2365.05967062],[2779.2085484  2326.64107647],[2779.68449936 2073.18983997]
DJI_20250404094431_0517_D:[2530.26423287 1507.51806159],[2531.21586674 1255.8303633 ],[3094.87618073 1296.34944116],[3095.08537391 1547.96255217]
DJI_20250404094438_0521_D:[2475.31161138 2603.59520792],[2475.77159013 2351.37927896],[3041.27598806 2391.06250316],[3039.59823341 2642.82396752]
DJI_20250404094332_0488_D:[3378.77045923 1522.8305541 ],[3380.32986009 1773.38699879],[2818.78293278 1733.27589113],[2818.78759962 1482.1359575 ]
DJI_20250404094338_0491_D:[3335.70738903 2396.56191783],[3334.61118077 2648.73445328],[2771.43675907 2611.21483299],[2772.1104536  2358.13819927]
DJI_20250404094725_0604_D:[2179.72356294 1924.87625214],[2177.18505189 2179.68078364],[1616.30610846 2135.19470322],[1619.58144471 1882.40136315]
39
DJI_20250404094725_0604_D:[3061.11591608 1764.17227063],[3059.84459934 2019.3262356 ],[2489.63454583 1976.06302313],[2491.94880395 1720.95364316]
DJI_20250404094726_0605_D:[3059.73519942 2058.92786316],[3057.78374394 2314.61509177],[2487.32003598 2271.03674555],[2489.68480116 2015.25039324]
DJI_20250404094723_0603_D:[3069.7867963  1460.74734386],[3069.12822425 1714.38851825],[2499.79280359 1671.30284277],[2502.14010009 1417.80527074]
DJI_20250404094728_0606_D:[3056.04834173 2363.40948229],[3054.01856471 2620.71469714],[2479.19861349 2578.18388061],[2480.95425193 2320.58375745]
DJI_20250404094819_0631_D:[3312.23775226 1901.70878738],[3307.21620388 1026.92462129],[5130.6506008  1211.63298905],[5160.33462532 2044.83289959]
DJI_20250404094821_0632_D:[2834.22649924 2262.92840152],[2836.24419561 2006.06211952],[3407.47851007 2048.9719933 ],[3404.95502606 2304.95333385]
DJI_20250404094817_0630_D:[3234.35135436  969.30961305],[3232.37324687  205.17884333],[4869.66465019  403.48323394],[4896.76973538 1135.99848752]
DJI_20250404094822_0633_D:[2817.45291068 2573.41693981],[2819.76062694 2317.64297824],[3390.67804695 2359.63864705],[3387.12694271 2614.3702459 ]
DJI_20250404094432_0518_D:[1642.07786044 1884.12624531],[1643.64566735 1632.35157467],[2202.80439001 1670.41938735],[2201.69095087 1924.01627907]
DJI_20250404094721_0602_D:[3108.81657886 1168.187535  ],[3109.07659632 1419.59606289],[2540.67603338 1376.87569786],[2542.75822225 1125.63139441]
40
DJI_20250404094431_0517_D:[2079.39381693 1908.35431976],[2080.43757939 1654.09670493],[2648.16482112 1693.4836677 ],[2647.42529699 1948.52098725]
DJI_20250404094432_0518_D:[2061.29042945 2121.90807345],[2062.02316401 1867.43249158],[2630.19420411 1907.82672402],[2629.29396996 2163.02226323]
DJI_20250404094726_0605_D:[2630.51604445 1816.69609194],[2628.26421599 2073.24394399],[2057.3323914  2029.07880782],[2060.61222125 1773.56348923]
DJI_20250404094728_0606_D:[2622.67447564 2121.13521581],[2620.85669992 2380.23909931],[2044.77124148 2335.6876847 ],[2046.95181295 2077.46800594]
DJI_20250404094725_0604_D:[2632.38243027 1522.07050286],[2630.33974946 1777.2557322 ],[2060.33020843 1734.7083182 ],[2064.03222906 1480.69053444]
DJI_20250404094434_0519_D:[2047.58629219 2415.40679906],[2047.64867866 2161.48334824],[2615.90369587 2202.78263056],[2615.01604791 2457.32873238]
DJI_20250404094429_0516_D:[2107.98011972 1543.29550107],[2109.73807929 1290.85501698],[2675.31879422 1328.91187337],[2674.69144848 1582.26014813]
DJI_20250404094731_0607_D:[2605.96657294 2434.3610875 ],[2604.14617689 2693.29201981],[2027.41012804 2647.67788098],[2028.84985943 2389.49525703]
DJI_20250404094723_0603_D:[2642.14250189 1219.41021236],[2640.23601477 1472.25327627],[2071.62233028 1431.18070965],[2075.84271432 1179.6079019 ]
DJI_20250404094436_0520_D:[2043.39583253 2711.34477751],[2042.74923045 2459.13798598],[2610.05740636 2501.15720225],[2609.22312773 2753.87041949]
41
DJI_20250404094716_0600_D:[2716.42648303 1731.11309107],[2714.7683307 1987.3838905],[2143.39428471 1944.5270997 ],[2146.08806984 1689.10797523]
DJI_20250404094718_0601_D:[2701.85692599 2026.16677189],[2700.1407894  2282.86300353],[2128.71495337 2239.32110338],[2130.80120943 1983.33937574]
DJI_20250404094440_0522_D:[2016.3042498  1911.50178338],[2017.63800481 1658.68248449],[2581.92145594 1697.85303656],[2581.06923118 1951.62839691]
DJI_20250404094442_0523_D:[2006.66963176 2213.99132364],[2007.37145758 1960.97354832],[2572.12994009 2001.4430171 ],[2571.25907816 2255.28816812]
DJI_20250404094715_0599_D:[2710.77523082 1458.28107559],[2709.18885468 1713.1770628 ],[2138.78942598 1671.22801214],[2142.02714923 1417.34299365]
DJI_20250404094721_0602_D:[2675.76287606 2317.40680489],[2674.00186514 2573.1987723 ],[2104.06462866 2529.0272171 ],[2105.52694974 2273.85315166]
DJI_20250404094438_0521_D:[2029.52854653 1623.04845616],[2031.47026165 1371.36083681],[2594.67839116 1409.26931309],[2593.84899097 1662.01436568]
DJI_20250404094444_0524_D:[2006.91197874 2510.33151954],[2006.99497543 2257.97154644],[2571.89669496 2299.63681501],[2570.99117784 2552.67935953]
DJI_20250404094713_0598_D:[2726.70742051 1150.6473647 ],[2725.2711496  1402.71890651],[2157.07289134 1361.92391175],[2160.83527338 1110.98237817]
DJI_20250404094436_0520_D:[2048.26223681 1329.94583666],[2050.93985559 1080.2825236 ],[2612.59328194 1117.17979737],[2611.67033654 1368.01894584]
42
DJI_20250404094326_0485_D:[3170.19234708 1745.58625386],[3170.59312301 1999.32570562],[2603.28569797 1959.64656872],[2603.86436481 1705.67339534]
DJI_20250404094328_0486_D:[3168.82503706 2032.01620494],[3168.62280304 2285.72001135],[2602.32006692 2246.51222869],[2602.88195458 1992.45867288]
DJI_20250404094442_0523_D:[2697.20274836 2067.29988415],[2698.07894853 1813.07761642],[3263.75882543 1853.88078968],[3262.9568456  2107.40898867]
DJI_20250404094440_0522_D:[2706.95090987 1763.22437092],[2707.65599631 1509.73895906],[3272.48554367 1551.07187052],[3272.50943733 1803.98980809]
DJI_20250404094444_0524_D:[2696.92843821 2365.75666415],[2697.98477153 2111.67998807],[3263.99499362 2151.8920036 ],[3262.35872779 2405.11607694]
DJI_20250404094330_0487_D:[3147.92554551 2326.97337415],[3147.10171471 2580.0281375 ],[2581.71083338 2541.2648776 ],[2582.259782   2287.76469165]
DJI_20250404094324_0484_D:[3191.04566595 1449.71112404],[3192.09655436 1701.89067631],[2625.82006969 1661.746095  ],[2626.40982103 1409.41133663]
DJI_20250404094438_0521_D:[2719.51806192 1473.95674759],[2720.04949809 1222.15996821],[3283.25809447 1264.0028741 ],[3284.09356471 1515.31881003]
DJI_20250404094446_0525_D:[2677.98716967 2677.78693914],[2678.84349345 2424.83427411],[3244.8515817  2463.53179684],[3242.73693382 2715.49703824]
DJI_20250404094322_0483_D:[3206.25813208 1189.89234105],[3207.90672503 1439.86627398],[2643.14830557 1399.35983004],[2643.70371352 1149.29762092]
43
DJI_20250404094715_0599_D:[2642.41428609 1850.3531275 ],[2640.61340548 2106.57987553],[2070.49280857 2063.34130118],[2073.03603624 1808.08836803]
DJI_20250404094444_0524_D:[2073.02114713 2122.22126833],[2074.08760818 1869.29592968],[2638.62530807 1909.66677967],[2637.63017605 2163.3009448 ]
DJI_20250404094442_0523_D:[2073.66643414 1825.57586545],[2075.26289821 1573.3561769 ],[2638.68480304 1612.48462773],[2637.80254617 1865.56217693]
DJI_20250404094716_0600_D:[2647.88542382 2124.4151031 ],[2646.08061777 2380.72889595],[2075.91123648 2336.66589921],[2077.83811958 2081.16785425]
DJI_20250404094713_0598_D:[2658.75078152 1539.36283796],[2656.98911878 1794.2047671 ],[2088.0132104  1752.12023578],[2091.19128902 1498.36845629]
DJI_20250404094446_0525_D:[2054.13970916 2434.08407519],[2054.29380512 2181.4311744 ],[2619.34099555 2222.18317232],[2618.5992672  2475.43535085]
DJI_20250404094440_0522_D:[2084.15503612 1524.10647091],[2086.2901208  1273.45865759],[2648.24455944 1311.26814077],[2647.47334691 1562.90807549]
DJI_20250404094718_0601_D:[2633.30042275 2419.1821964 ],[2631.54436501 2674.51174718],[2062.3581755  2629.79863651],[2063.55863198 2375.14919131]
DJI_20250404094711_0597_D:[2670.58910732 1233.33178781],[2668.88837345 1485.7788482 ],[2101.8071707  1444.93623293],[2105.55954457 1193.69430948]
DJI_20250404094448_0526_D:[2015.89963729 2724.89027917],[2015.41977172 2473.22449736],[2580.74440491 2515.15966438],[2579.99763206 2767.38338819]
44
DJI_20250404094324_0484_D:[3166.1697998  1825.77015643],[3166.31519042 2080.05492439],[2598.21089966 2040.31198848],[2598.84294111 1785.75635135]
DJI_20250404094326_0485_D:[3144.30268634 2123.86734391],[3143.85691515 2378.35915582],[2575.72866052 2339.14031106],[2576.281413   2084.28867124]
DJI_20250404094444_0524_D:[2725.20953154 1987.24759432],[2726.13924137 1732.84775941],[3291.98706771 1774.16521317],[3291.35197513 2027.83585164]
DJI_20250404094322_0483_D:[3182.33826628 1562.74719452],[3183.02788219 1815.98600789],[2615.59394477 1775.83427626],[2616.2463811  1522.39998097]
DJI_20250404094446_0525_D:[2705.98245955 2300.75362376],[2706.77442716 2046.0968214 ],[3273.61992447 2086.00733647],[3272.45481246 2339.81191255]
DJI_20250404094442_0523_D:[2725.17617554 1688.72815082],[2725.89211801 1435.50545186],[3290.44460987 1477.26528505],[3290.6765042 1729.9067751]
DJI_20250404094328_0486_D:[3142.09329141 2410.14017496],[3141.06655879 2663.30807441],[2574.88010436 2624.67981486],[2575.3828229  2371.02374839]
DJI_20250404094448_0526_D:[2667.29519209 2594.59779598],[2668.21949608 2340.3482768 ],[3236.21513612 2379.72068018],[3234.27913683 2633.04519738]
DJI_20250404094320_0482_D:[3195.59296623 1258.12157289],[3197.03053329 1508.97046658],[2631.43015378 1468.61217907],[2632.01162762 1217.68003369]
DJI_20250404094440_0522_D:[2734.61076276 1385.91151411],[2735.10594872 1134.7768236 ],[3297.81977059 1176.96506174],[3298.93663347 1427.63568662]
45
DJI_20250404094446_0525_D:[2172.49409851 2040.77440995],[2173.50887602 1786.73089323],[2740.71476398 1826.61493223],[2740.008058   2081.16941998]
DJI_20250404094448_0526_D:[2133.26724889 2333.91757625],[2133.86267292 2079.47055535],[2702.42776467 2120.29745637],[2701.51647527 2375.2069379 ]
DJI_20250404094444_0524_D:[2192.68092564 1727.82402087],[2194.43299719 1474.94348464],[2760.07588485 1514.60175229],[2759.28914434 1768.10957219]
DJI_20250404094713_0598_D:[2534.77400485 1936.08195652],[2532.86265406 2192.96398018],[1962.56712795 2149.10188322],[1964.9872544  1893.41389689]
DJI_20250404094711_0597_D:[2547.056674  1625.9233271],[2545.04446281 1881.79675391],[1975.63447701 1839.35305922],[1978.80157781 1584.78480586]
DJI_20250404094715_0599_D:[2518.18279421 2249.61517448],[2516.41262013 2506.41113906],[1946.07056142 2461.21680634],[1947.65362291 2205.50223403]
DJI_20250404094708_0596_D:[2565.34757437 1339.21472234],[2563.24222592 1593.52076001],[1994.53860937 1552.30794298],[1998.41954218 1299.39896542]
DJI_20250404094442_0523_D:[2193.83616291 1431.49810294],[2195.98574667 1180.71412647],[2759.52585946 1219.20691599],[2758.9927669 1470.7722985]
DJI_20250404094450_0527_D:[2118.68246706 2666.10610871],[2118.92209409 2412.71165034],[2687.48138097 2454.9564298 ],[2686.1940445  2708.71111523]
DJI_20250404094716_0600_D:[2523.7631265  2524.14680714],[2522.12187618 2779.68236854],[1952.67980048 2733.59223146],[1953.48935342 2478.98191196]
46
DJI_20250404093716_0300_D:[2448.61663517 2030.87223644],[2451.35744149 1772.69611042],[3026.79240227 1817.80204739],[3024.39018408 2075.68300387]
DJI_20250404093718_0301_D:[2414.2662525  2333.86957605],[2416.73156893 2075.29694091],[2993.60318209 2120.02208973],[2990.83683304 2378.23385272]
DJI_20250404093714_0299_D:[2460.45339994 1731.44319417],[2463.36599277 1474.21854023],[3037.73160891 1519.56789569],[3035.8080443  1776.60619548]
DJI_20250404093554_0259_D:[3425.44309059 1852.3471213 ],[3423.03703079 2110.70308315],[2846.91366943 2064.24212118],[2849.99294717 1805.44481343]
DJI_20250404093720_0302_D:[2386.14480841 2633.25204226],[2388.26094331 2376.16022913],[2963.90255516 2420.39083871],[2960.82772806 2677.0435973 ]
DJI_20250404093556_0260_D:[3460.87252641 2170.8698718 ],[3457.86667434 2429.82407025],[2880.81639238 2385.11026162],[2883.7458048  2125.46318623]
DJI_20250404093552_0258_D:[3485.59931486 1556.87601536],[3484.94287104 1813.90805471],[2910.04946675 1768.34977444],[2912.04068401 1510.87046872]
DJI_20250404093712_0298_D:[2496.69533035 1402.14081801],[2499.63139299 1146.4041629 ],[3073.56833116 1192.00436731],[3072.36040816 1447.64101506]
DJI_20250404093938_0371_D:[2239.18687974 1690.64983946],[2237.83227491 1944.46370189],[1678.71182749 1904.98804284],[1681.17824342 1653.53663292]
DJI_20250404093940_0372_D:[2218.04745217 1984.28641577],[2217.29076967 2238.46279366],[1658.61964825 2196.77111824],[1659.83771678 1944.8745882 ]
47
DJI_20250404093556_0260_D:[2898.89939266 1936.87726118],[2896.18739376 2196.29860386],[2318.33297494 2149.88090433],[2321.62225921 1891.27301579]
DJI_20250404093554_0259_D:[2865.23962065 1618.32979921],[2862.37079699 1876.1892039 ],[2286.69094783 1829.94784764],[2290.84460104 1573.11177083]
DJI_20250404093558_0261_D:[2919.57856597 2287.5954949 ],[2917.13644539 2546.18241873],[2340.57136684 2500.53768152],[2342.77626907 2242.54001672]
DJI_20250404093332_0188_D:[1807.6730009  2131.89830287],[1811.23983167 1871.4387921 ],[2391.19919408 1918.74483475],[2387.62065847 2180.31577721]
DJI_20250404093330_0187_D:[1818.91364462 1809.65765528],[1823.26987879 1550.28151345],[2401.28252486 1595.47029249],[2397.65697428 1856.07590833]
DJI_20250404093552_0258_D:[2926.36205762 1325.445593  ],[2924.64568736 1581.33340238],[2349.90523526 1537.51088419],[2353.55106781 1282.63157448]
DJI_20250404093334_0189_D:[1821.1398054  2458.44184051],[1824.05142184 2198.62796075],[2404.10802621 2248.17412294],[2400.42613703 2508.91164622]
DJI_20250404093600_0262_D:[2897.01452477 2562.29629464],[2894.29310348 2818.14727023],[2322.03959505 2772.14364389],[2323.86915853 2516.77424791]
DJI_20250404093714_0299_D:[3020.60707573 1963.93591962],[3022.86267256 1706.39908718],[3591.15073047 1752.59063792],[3589.26727697 2008.48601181]
DJI_20250404093328_0186_D:[1841.52749424 1497.77263107],[1846.88202994 1241.04328798],[2421.26635232 1284.7284612 ],[2417.37521843 1542.77057491]
48
DJI_20250404093714_0299_D:[2400.29039348 2131.27082559],[2402.94699021 1872.79375053],[2979.2566171  1917.80836279],[2976.64972045 2176.02750889]
DJI_20250404093712_0298_D:[2436.28423753 1801.45701745],[2439.10174889 1542.88321515],[3016.16463705 1588.11316169],[3014.12268554 1846.51566929]
DJI_20250404093716_0300_D:[2388.80966158 2430.59045509],[2391.20065977 2172.56825849],[2967.55971036 2217.32293524],[2964.56260638 2474.97709249]
DJI_20250404093556_0260_D:[3519.82309234 1770.36012056],[3518.33535134 2028.99183634],[2941.55196371 1983.26805621],[2943.9443995  1724.03236267]
DJI_20250404093710_0297_D:[2426.33616776 1451.14052784],[2428.84547131 1194.33219977],[3004.94731623 1238.21000747],[3004.0249624  1495.05863619]
DJI_20250404093558_0261_D:[3539.91172219 2118.91082177],[3537.80010576 2377.38537961],[2962.23907019 2334.34458075],[2964.40738574 2075.03342938]
DJI_20250404093718_0301_D:[2354.99555038 2732.58837361],[2356.97348122 2475.60191671],[2933.73159069 2520.02883431],[2930.48756427 2776.57934737]
DJI_20250404093554_0259_D:[3483.27881242 1454.72270255],[3482.39639589 1711.21344871],[2907.63445737 1663.95007376],[2910.15504299 1407.07798679]
DJI_20250404093942_0373_D:[2268.98915093 1882.8508706 ],[2268.2010559  2137.03474951],[1708.39145145 2096.551433  ],[1709.91897532 1844.564588  ]
DJI_20250404093940_0372_D:[2274.25636142 1591.19627014],[2272.96771216 1844.55067598],[1713.5227665  1806.30627613],[1716.17779409 1555.27681133]
49
DJI_20250404093558_0261_D:[2925.83027576 1874.70084747],[2923.89479488 2133.81416438],[2346.31974868 2089.10663476],[2349.00614216 1830.79309145]
DJI_20250404093600_0262_D:[2903.71708402 2152.35203928],[2901.45566588 2410.14881387],[2327.16051854 2364.91980149],[2329.51889731 2107.82814729]
DJI_20250404093556_0260_D:[2905.58472351 1524.3984738 ],[2903.35655245 1782.58037888],[2325.78506771 1737.44506389],[2329.57134305 1480.2724425 ]
DJI_20250404093328_0186_D:[1830.94882608 1909.95077906],[1834.94647428 1650.80889987],[2412.23479886 1696.57385363],[2408.68571849 1956.79853545]
DJI_20250404093330_0187_D:[1809.94804242 2224.46591102],[1812.8851105  1964.27426598],[2392.63842672 2011.43084969],[2389.40798307 2272.64100611]
DJI_20250404093602_0263_D:[2908.03913276 2445.34805353],[2905.66375738 2701.40633459],[2333.88538381 2656.21502362],[2335.67098786 2400.68701951]
DJI_20250404093326_0185_D:[1853.83548515 1595.10383575],[1858.67529167 1337.93639327],[2433.26784113 1381.95761732],[2429.62830709 1640.29719933]
DJI_20250404093554_0259_D:[2872.16406878 1209.86546403],[2869.73807885 1464.93314952],[2295.47505995 1420.30145135],[2300.15876901 1166.44292806]
DJI_20250404093332_0188_D:[1800.01097114 2546.80255814],[1802.10310901 2287.16725861],[2382.61739109 2336.27377802],[2379.47478643 2596.82535935]
DJI_20250404093712_0298_D:[3052.1819959  2046.76350217],[3054.52860574 1787.95623256],[3624.97662383 1833.70504837],[3622.74483411 2090.73031507]
50
DJI_20250404093712_0298_D:[2421.32359893 2186.42970486],[2423.84129718 1927.02226424],[3002.27683387 1971.98170569],[2999.61774981 2231.04677042]
DJI_20250404093710_0297_D:[2411.82760116 1835.31942272],[2414.0399131  1576.04004829],[2992.70941333 1619.92466363],[2991.15890804 1879.0735389 ]
DJI_20250404093714_0299_D:[2385.67991424 2514.45217954],[2387.95542778 2256.64154907],[2964.55047255 2301.28953547],[2961.40898973 2558.67115134]
DJI_20250404093708_0296_D:[2418.9838832 1497.4971023],[2421.5570643  1239.63955511],[2999.49525804 1283.76336979],[2998.38595287 1541.66283486]
DJI_20250404093600_0262_D:[3528.66823802 2012.95902914],[3526.98676678 2270.19669157],[2954.08505681 2226.97420453],[2956.09322343 1969.00828764]
DJI_20250404093558_0261_D:[3552.65772086 1735.68852097],[3552.05933037 1993.68471747],[2976.54748722 1949.42954395],[2978.1500047  1690.78360528]
DJI_20250404093944_0374_D:[2265.22534535 1798.36607598],[2264.4194758  2052.99712113],[1703.30680483 2013.43533337],[1705.09139363 1761.04412934]
DJI_20250404093602_0263_D:[3531.28028956 2305.29272946],[3528.71505675 2561.27314427],[2958.18430844 2519.71165554],[2960.36484345 2262.82025368]
DJI_20250404093946_0375_D:[2275.07317139 2102.9580674 ],[2274.69688803 2357.92842695],[1713.14475831 2315.92898191],[1713.85202874 2063.0433913 ]
DJI_20250404093556_0260_D:[3531.650684  1388.8061185],[3531.66575198 1645.28857237],[2956.18037287 1598.64735426],[2958.01141595 1341.71657991]
51
DJI_20250404093550_0257_D:[2874.26932879 1793.3965074 ],[2871.81464701 2051.94450405],[2295.57412293 2006.44887178],[2298.81205305 1748.79149183]
DJI_20250404093552_0258_D:[2877.04674757 2094.93573313],[2874.3638186  2353.46482608],[2298.599156   2307.28820119],[2301.39379363 2049.49666254]
DJI_20250404093548_0256_D:[2888.47103621 1501.55716911],[2886.29300799 1758.85995543],[2310.82668568 1714.25920017],[2314.42584529 1457.95817125]
DJI_20250404093336_0190_D:[1866.08353512 1987.49092987],[1870.60543119 1727.56344987],[2449.58316457 1775.06439623],[2445.48488516 2036.04959215]
DJI_20250404093554_0259_D:[2812.77159735 2390.46153106],[2809.19871586 2648.23884415],[2234.50811556 2599.54191806],[2237.53375112 2342.49156762]
DJI_20250404093338_0191_D:[1839.06548462 2338.5862357 ],[1842.7326011  2078.90440562],[2421.6822023  2128.36251022],[2417.60932073 2388.94663221]
DJI_20250404093334_0189_D:[1876.38281579 1680.98404191],[1881.84320193 1421.98236212],[2460.03292986 1468.12109295],[2455.72125719 1728.34851119]
DJI_20250404093546_0255_D:[2910.24470641 1210.8344146 ],[2908.49764699 1465.04520978],[2336.29914192 1421.67435898],[2340.12072421 1168.53250394]
DJI_20250404093720_0302_D:[2995.83383921 2094.42504252],[2998.06723088 1837.06175284],[3566.2336333  1882.08783888],[3564.24806312 2137.85832551]
DJI_20250404093722_0303_D:[2993.74815473 2398.94129834],[2996.45782062 2141.83600569],[3564.64161305 2185.05416072],[3561.4860052  2440.42742935]
52
DJI_20250404093722_0303_D:[2388.91971054 2171.52084298],[2391.54953372 1914.14602918],[2965.40643794 1958.76698206],[2962.96741259 2215.98011762]
DJI_20250404093720_0302_D:[2390.58749771 1866.72455652],[2393.45133086 1609.87642082],[2966.70852087 1654.49241595],[2964.70992535 1911.30342553]
DJI_20250404093724_0304_D:[2378.50791719 2474.34187745],[2380.85012731 2217.14598402],[2955.31536269 2261.60913008],[2952.50092267 2518.515852  ]
DJI_20250404093718_0301_D:[2419.55173223 1566.44708999],[2422.65624402 1310.82060412],[2995.21286027 1355.69230457],[2993.62225909 1611.358551  ]
DJI_20250404093550_0257_D:[3479.81342972 2022.47051108],[3477.34176525 2280.47052537],[2902.57903276 2235.99510599],[2905.20381396 1977.30062832]
DJI_20250404093548_0256_D:[3493.2035504  1730.56977289],[3491.69315379 1988.08404839],[2917.21362906 1942.73668146],[2919.53970942 1684.65624689]
DJI_20250404093552_0258_D:[3481.85379203 2322.89955215],[3478.41295287 2580.03423569],[2904.90546245 2536.75528629],[2907.7968883  2278.74359631]
DJI_20250404093934_0369_D:[2273.30947661 1850.79590794],[2272.23401352 2103.95423933],[1714.5347404  2063.19548067],[1716.3104331  1812.19646098]
DJI_20250404093546_0255_D:[3511.42090016 1438.12750757],[3511.03676331 1693.27633042],[2939.52611007 1647.44020391],[2941.40456949 1391.81067385]
DJI_20250404093726_0305_D:[2354.6478418  2792.52553883],[2356.80704377 2536.70530906],[2931.05475225 2581.37666247],[2927.70604213 2836.80769579]
53
DJI_20250404093548_0256_D:[2769.65993896 1886.50639611],[2766.96276873 2145.38965361],[2191.05378805 2099.35625595],[2194.27403323 1841.56343336]
DJI_20250404093546_0255_D:[2792.69458281 1591.36105837],[2790.25189844 1848.51758118],[2216.5610465  1803.91072668],[2220.18896108 1547.91988493]
DJI_20250404093338_0191_D:[1959.76418041 1951.01836815],[1964.62510085 1690.85615411],[2544.6039654  1739.05039173],[2540.28206989 2000.03266645]
DJI_20250404093550_0257_D:[2754.94942578 2180.0219459 ],[2752.13549153 2438.80972715],[2176.43457317 2391.74854239],[2179.12557715 2133.93172224]
DJI_20250404093340_0192_D:[1941.07645615 2276.12161789],[1944.9782534  2015.79545262],[2525.49693166 2064.72694638],[2521.41056808 2325.71965454]
DJI_20250404093336_0190_D:[1988.00443859 1599.23111531],[1993.4898803  1340.52068949],[2572.23418968 1386.88792686],[2568.11377481 1646.58962513]
DJI_20250404093544_0254_D:[2797.96304975 1311.85382823],[2796.06974728 1566.51945431],[2225.02737711 1524.0204601 ],[2228.73863711 1270.62639649]
DJI_20250404093552_0258_D:[2757.56670763 2481.34246688],[2754.66164769 2738.70142676],[2180.43106822 2690.87931754],[2182.52776261 2434.32823534]
DJI_20250404093342_0193_D:[1911.3962714  2612.69492075],[1914.35747317 2353.42598402],[2494.62538051 2403.36035315],[2490.7013263  2663.17256027]
DJI_20250404093722_0303_D:[3112.44246244 2014.49554986],[3114.43594208 1757.50053563],[3680.1460748  1803.20502794],[3678.61542683 2058.40143693]
54
DJI_20250404093546_0255_D:[3229.81288512 1825.95046963],[3227.66733539 2083.3804674 ],[2653.07355257 2038.21999095],[2655.80686627 1780.80378698]
DJI_20250404093724_0304_D:[2664.84796323 2083.30456426],[2667.33697276 1825.82994944],[3239.72741515 1870.7250205 ],[3237.65727717 2127.4445555 ]
DJI_20250404093548_0256_D:[3208.53527367 2122.15080841],[3205.63611972 2380.51120708],[2629.22403256 2335.21062589],[2632.03109209 2076.76265612]
DJI_20250404093544_0254_D:[3233.43356857 1544.19290408],[3232.32308281 1799.9054282 ],[2659.80136053 1755.61467305],[2662.14336311 1500.03726156]
DJI_20250404093722_0303_D:[2675.20779273 1780.54413686],[2677.63274534 1524.29079467],[3248.39754508 1569.93228792],[3247.04654007 1825.5574455 ]
DJI_20250404093726_0305_D:[2640.79859061 2403.48813744],[2643.50825378 2145.84936453],[3216.88691617 2190.2716661 ],[3213.89794076 2447.05269703]
DJI_20250404093550_0257_D:[3193.68068078 2415.0020229 ],[3190.17083175 2672.44955688],[2614.51015274 2627.45459019],[2617.26442048 2369.77425608]
DJI_20250404093728_0306_D:[2626.75457998 2680.50098646],[2629.51743772 2424.03316688],[3202.16060846 2467.67430631],[3198.5083227  2723.15743996]
DJI_20250404093720_0302_D:[2676.73982897 1476.86429676],[2679.05541026 1222.56161109],[3248.18000225 1268.80042445],[3247.61624233 1522.59452398]
DJI_20250404093542_0253_D:[3285.21289841 1229.84139639],[3284.62201587 1483.10965873],[2714.06979864 1437.8735099 ],[2716.59609404 1184.78480254]
55
DJI_20250404093544_0254_D:[2780.01488283 1732.72763005],[2777.79460102 1989.65723883],[2205.53745564 1945.34978284],[2208.59005753 1689.52953238]
DJI_20250404093546_0255_D:[2773.79113204 2015.67877499],[2771.0543583  2273.66238941],[2197.20799766 2227.40047837],[2200.13475872 1970.40983046]
DJI_20250404093342_0193_D:[1931.87211793 2184.75061771],[1936.14465014 1924.39690857],[2516.37455162 1973.13405938],[2512.20239886 2234.203733  ]
DJI_20250404093340_0192_D:[1963.05259664 1847.16453848],[1968.15329119 1587.51576531],[2547.36739467 1635.07551092],[2543.12910194 1895.57913122]
DJI_20250404093542_0253_D:[2833.95958977 1415.06104155],[2831.64282899 1670.35183818],[2260.36826096 1626.3719192 ],[2264.2066961  1372.24721707]
DJI_20250404093548_0256_D:[2750.31813212 2312.98540574],[2747.39195058 2571.16437762],[2172.45477837 2523.57798234],[2174.88902704 2266.30470633]
DJI_20250404093344_0194_D:[1905.80055127 2478.38954532],[1909.5946753  2219.17993483],[2488.37627765 2269.4847002 ],[2484.00603271 2529.30485409]
DJI_20250404093338_0191_D:[1983.26800484 1523.02737275],[1989.25662418 1265.20220211],[2566.74143183 1311.79667058],[2562.33765078 1570.64724046]
DJI_20250404093550_0257_D:[2735.45095362 2605.67143894],[2732.45755817 2862.23670755],[2158.81957662 2813.79663442],[2160.65521983 2558.00558313]
DJI_20250404093540_0252_D:[2847.4397825  1105.46104269],[2845.27987632 1358.02171006],[2275.91821092 1315.07047935],[2280.29888488 1063.7958884 ]
56
DJI_20250404094314_0479_D:[3141.41739824 1941.20466559],[3141.10643891 2193.21055327],[2578.48267531 2153.99700046],[2579.06971328 1901.75575061]
DJI_20250404094312_0478_D:[3144.20398345 1647.56529902],[3144.45977325 1899.19704059],[2581.58986328 1859.65326485],[2582.23321345 1607.91393613]
DJI_20250404094454_0529_D:[2733.20315931 1924.82694842],[2734.17452067 1672.24238891],[3296.20458966 1713.68788562],[3295.89391139 1965.63173392]
DJI_20250404094456_0530_D:[2726.05848346 2227.68752108],[2727.27254604 1974.3928165 ],[3290.63264645 2015.35381002],[3289.40216867 2267.89055621]
DJI_20250404094316_0480_D:[3129.40681473 2230.698102  ],[3128.47123603 2482.54967702],[2565.83310591 2443.56776088],[2566.43597878 2191.34216527]
DJI_20250404094310_0477_D:[3147.20185206 1344.57627671],[3148.21022185 1594.89149858],[2585.64262568 1555.49744646],[2586.15819512 1305.17652549]
DJI_20250404094458_0531_D:[2716.1612868  2514.44856239],[2717.3910097  2262.04540055],[3280.06160865 2301.9260512 ],[3278.16179311 2553.45016258]
DJI_20250404094452_0528_D:[2740.11242966 1620.31193268],[2740.9588108  1369.18899169],[3301.52065605 1411.39655545],[3301.99174059 1661.97523591]
DJI_20250404094318_0481_D:[3110.49657121 2529.53298992],[3109.01526122 2780.26268134],[2546.99478689 2741.75297026],[2547.50394981 2490.52505717]
DJI_20250404094108_0416_D:[1590.53923963 1920.73005803],[1593.09788121 1669.60687661],[2150.15043077 1708.03645018],[2148.4818845  1961.12685182]
57
DJI_20250404094454_0529_D:[2374.96234314 2100.63069522],[2376.23823031 1847.72365093],[2940.63780606 1888.4839979 ],[2939.67311362 2141.48183677]
DJI_20250404094452_0528_D:[2382.1502002  1795.68595934],[2383.72097731 1543.59234795],[2947.17955241 1584.20187026],[2946.57194684 1836.48697199]
DJI_20250404094456_0530_D:[2367.53040568 2403.14883468],[2368.6141081  2150.19101785],[2933.83646303 2191.36235067],[2932.38672328 2444.29763085]
DJI_20250404094450_0527_D:[2394.70461975 1519.36347348],[2396.52985063 1268.73956343],[2958.88396049 1309.22509264],[2958.62872526 1560.12537745]
DJI_20250404094314_0479_D:[3494.36095451 1766.13033176],[3494.83768043 2017.11703385],[2935.3267511  1977.89085386],[2935.46848692 1725.93560881]
DJI_20250404094316_0480_D:[3483.47482652 2054.48310177],[3482.92845331 2305.89764882],[2923.01840391 2267.7512378 ],[2923.56776194 2015.22760275]
DJI_20250404094458_0531_D:[2358.78047263 2688.72000587],[2359.45762126 2437.2900392 ],[2923.49862425 2478.22876588],[2921.80159829 2729.51929495]
DJI_20250404094705_0594_D:[2291.57930929 1904.1522865 ],[2289.53814844 2158.82971544],[1727.0665419  2115.04193951],[1729.49053518 1862.05852477]
DJI_20250404094702_0593_D:[2312.89729564 1601.94138288],[2310.59050117 1855.77549168],[1748.50919739 1814.20847041],[1751.87759928 1562.14582216]
DJI_20250404094312_0478_D:[3496.20732151 1474.15100114],[3497.65958311 1724.15475149],[2938.30365907 1683.73366176],[2938.10520682 1432.88197486]
58
DJI_20250404094316_0480_D:[3041.09246564 1813.5287712 ],[3040.91154167 2066.33423302],[2476.20030958 2026.6193973 ],[2477.01870348 1773.84876651]
DJI_20250404094318_0481_D:[3022.87851453 2113.24916559],[3022.23175031 2366.3919308 ],[2457.106111   2326.70611635],[2457.76735774 2073.49032332]
DJI_20250404094314_0479_D:[3052.33795264 1524.70739954],[3052.70207349 1776.27275336],[2489.01932362 1736.78572247],[2489.89455454 1485.38155396]
DJI_20250404094452_0528_D:[2829.50380908 2038.43219279],[2830.47244312 1784.80780587],[3393.47282645 1826.27859358],[3392.85349809 2078.94847359]
DJI_20250404094454_0529_D:[2822.34458467 2344.20421489],[2823.52946612 2090.592739  ],[3386.92965767 2130.87818204],[3385.4246311  2383.42328551]
DJI_20250404094320_0482_D:[3010.06483853 2417.71806132],[3009.01135919 2670.04533932],[2444.46320752 2630.65396982],[2444.87317567 2378.11847081]
DJI_20250404094450_0527_D:[2841.87857183 1760.75897715],[2842.63236638 1507.85308565],[3404.96196393 1550.41001501],[3405.17364426 1802.44373262]
DJI_20250404094312_0478_D:[3054.40434524 1232.61608051],[3055.24723033 1482.37610842],[2492.36287491 1443.00646454],[2493.38843806 1193.52901272]
DJI_20250404094106_0415_D:[1681.37125192 2037.59518285],[1683.09547836 1785.42479237],[2243.31213059 1824.69015221],[2242.1371044  2078.53494686]
DJI_20250404094108_0416_D:[1674.5685192  2338.36438813],[1675.35792873 2085.71781222],[2236.95539031 2127.38465456],[2236.06449668 2381.61388272]
59
DJI_20250404094450_0527_D:[2141.52222439 1915.48174306],[2143.30041685 1662.39186018],[2708.51430721 1702.70525675],[2707.43861243 1956.46027701]
DJI_20250404094452_0528_D:[2129.62424461 2192.69488264],[2130.8519393  1939.45266568],[2696.14936147 1980.38315061],[2695.0146245  2234.20412101]
DJI_20250404094706_0595_D:[2544.74617501 1793.48181381],[2542.7554103  2049.10928257],[1974.81922541 2005.90851354],[1977.45997971 1751.47386464]
DJI_20250404094708_0596_D:[2541.67216294 2093.40895798],[2539.76774083 2348.79673119],[1972.61142009 2304.38170632],[1974.52393822 2050.05491687]
DJI_20250404094454_0529_D:[2123.28217587 2497.31643293],[2123.89831771 2244.7002504 ],[2689.06109166 2286.31296927],[2687.87311028 2539.40836943]
DJI_20250404094448_0526_D:[2156.94054539 1584.77279951],[2158.97629598 1333.54790057],[2722.10292652 1372.21097879],[2721.47193228 1624.20459917]
DJI_20250404094705_0594_D:[2546.12153697 1505.13263271],[2544.06206336 1759.51595635],[1977.17219768 1717.71906733],[1980.52105752 1464.64458436]
DJI_20250404094711_0597_D:[2523.83842411 2380.71004912],[2522.11510845 2635.13009246],[1956.0885292  2589.70528418],[1957.1969821  2336.26423494]
DJI_20250404094702_0593_D:[2566.85743763 1204.97758085],[2564.87005565 1457.03935119],[1999.57131036 1416.91048118],[2003.52499581 1166.2438564 ]
DJI_20250404094456_0530_D:[2116.62048096 2798.06371417],[2116.70470407 2546.90009799],[2681.57961203 2589.44109164],[2680.2221252  2840.97448685]
60
DJI_20250404094318_0481_D:[3129.86270749 1731.14875519],[3129.99435932 1983.32123784],[2566.23151716 1943.63695079],[2566.96969148 1691.32895074]
DJI_20250404094320_0482_D:[3117.90090329 2034.48385454],[3117.49274247 2287.20950749],[2553.31482176 2247.91386985],[2553.9518698  1994.92594452]
DJI_20250404094450_0527_D:[2731.79301659 2144.44803864],[2732.92012696 1890.78482067],[3296.87734707 1931.89356791],[3295.84439438 2184.75572857]
DJI_20250404094448_0526_D:[2746.07839022 1811.99653319],[2746.74240088 1559.37474684],[3309.07058913 1600.69411319],[3309.20410221 1852.62154843]
DJI_20250404094316_0480_D:[3146.92159781 1434.20161212],[3147.66127622 1684.73030467],[2585.27225484 1644.88864396],[2586.01647798 1394.32376001]
DJI_20250404094322_0483_D:[3102.43691374 2341.29846262],[3101.42389594 2593.54868507],[2537.518865   2554.62192578],[2538.08073399 2301.97763008]
DJI_20250404094452_0528_D:[2719.3148266  2421.27550186],[2720.516953   2168.15922297],[3284.18199489 2208.3313838 ],[3282.46052535 2460.55371317]
DJI_20250404094446_0525_D:[2783.63033687 1521.89459098],[2783.95790303 1271.49885788],[3343.21677869 1313.36932548],[3344.29552569 1563.11834082]
DJI_20250404094324_0484_D:[3084.84233336 2603.17484601],[3083.40842768 2854.03660887],[2520.61107532 2815.5928424 ],[2521.01536856 2564.24321296]
DJI_20250404094454_0529_D:[2712.09697412 2724.88811003],[2713.37541455 2473.17344035],[3276.41488015 2512.29594052],[3273.94004188 2762.99188768]