1
DJI_20250507092801_0239_D:[3318.59275084 1884.96654742],[3313.33159342 2134.18938905],[2758.14207142 2085.43322161],[2763.29689661 1835.36419798]
DJI_20250507093025_0311_D:[2821.32773594 2192.90590953],[2828.41188129 1933.89217165],[3402.33165791 1988.94009613],[3395.37932026 2246.89058454]
DJI_20250507092759_0238_D:[3333.21012233 1564.34333452],[3328.69305758 1813.56779468],[2772.58269626 1763.28927339],[2777.70539146 1513.33995078]
DJI_20250507093023_0310_D:[2825.45316071 1874.25877389],[2832.06016352 1616.17886695],[3404.67633905 1671.82320077],[3398.94590999 1929.04653992]
DJI_20250507092803_0240_D:[3326.49837736 2187.28336253],[3321.01147349 2436.4906077 ],[2765.03695561 2390.24878351],[2769.7224069  2140.04244896]
DJI_20250507093027_0312_D:[2783.74351542 2462.77364984],[2789.98812064 2203.38231235],[3366.1845724  2255.16846843],[3359.37472898 2513.38590715]
DJI_20250507092757_0237_D:[3350.76154517 1284.31668045],[3348.1059802  1534.95493509],[2786.29857627 1485.43500228],[2790.23134942 1234.10897502]
DJI_20250507093021_0309_D:[2855.90523306 1568.94870964],[2862.26414423 1313.15154455],[3431.7501491  1370.03980692],[3426.97501856 1625.05745521]
DJI_20250507092805_0241_D:[3305.6896955  2477.09694001],[3299.38029542 2724.39497885],[2745.38254212 2679.33410724],[2750.26396927 2430.88171086]
DJI_20250507093029_0313_D:[2779.83786014 2792.87471834],[2785.66567654 2536.36146217],[3358.60494539 2585.19685547],[3351.45304502 2840.40876201]
2
DJI_20250507093023_0310_D:[2133.27131575 2029.68419277],[2140.70648002 1771.40677415],[2716.41425661 1825.6791274 ],[2709.51859574 2084.64202325]
DJI_20250507093025_0311_D:[2128.42267218 2347.47488709],[2135.4251358  2088.89382367],[2712.18940224 2144.46283785],[2704.97678882 2403.53385115]
DJI_20250507093021_0309_D:[2165.60492076 1723.38455429],[2173.6816489  1466.64875067],[2747.30608012 1520.32843179],[2740.48209951 1777.81022032]
DJI_20250507093027_0312_D:[2090.70183106 2619.36738687],[2095.98688906 2361.08952464],[2674.1506774  2415.03760602],[2667.95760545 2673.71409611]
DJI_20250507093019_0308_D:[2182.93067575 1435.62885624],[2191.80293941 1180.54373515],[2764.61382509 1233.92837868],[2757.68066106 1489.95421534]
DJI_20250507093145_0351_D:[2220.34766817 1908.14236579],[2215.09036101 2163.62460228],[1651.78973745 2111.94446187],[1657.01863744 1858.10341958]
DJI_20250507093143_0350_D:[2250.51023663 1614.80648024],[2245.09219369 1871.0922726 ],[1679.13255845 1821.83472283],[1685.23185064 1567.3416722 ]
DJI_20250507093147_0352_D:[2224.07251462 2202.81223313],[2219.22666435 2456.16409   ],[1659.57142169 2402.81870323],[1663.70602093 2150.92920263]
DJI_20250507093141_0349_D:[2259.70035093 1340.18743326],[2254.27592223 1593.23501928],[1693.34106768 1547.12747165],[1700.10076685 1295.99795629]
DJI_20250507093029_0313_D:[2092.68897014 2947.94637366],[2096.64827496 2693.27514287],[2670.92170064 2746.27120535],[2665.30365916 3001.20270724]
3
DJI_20250507092803_0240_D:[3112.94815134 1772.91598123],[3108.64021169 2018.62263693],[2560.53148615 1971.55960638],[2564.97691973 1725.55670496]
DJI_20250507092805_0241_D:[3093.90045426 2059.03624399],[3088.99117146 2304.28513385],[2541.75760216 2257.56146474],[2546.21024492 2011.86826397]
DJI_20250507092801_0239_D:[3105.73028327 1477.14254242],[3101.36374888 1721.40555279],[2555.16483186 1672.6993308 ],[2560.31597389 1428.27994279]
DJI_20250507092807_0242_D:[3082.15581253 2364.58633867],[3076.92504209 2609.74713024],[2528.25072066 2563.80064351],[2532.42440271 2318.09637011]
DJI_20250507093023_0310_D:[3026.56229329 2301.90734941],[3033.40212833 2048.38409911],[3592.86939395 2101.13906022],[3585.87957631 2353.12897524]
DJI_20250507093021_0309_D:[3056.1590391  2001.24633934],[3062.58148244 1748.4109504 ],[3620.02466324 1803.04253747],[3614.13282688 2054.42543111]
DJI_20250507092759_0238_D:[3119.19337489 1163.74781781],[3115.31344147 1406.52271335],[2569.28932779 1357.13270619],[2574.63029195 1114.3182744 ]
DJI_20250507093019_0308_D:[3073.40583294 1719.48371479],[3079.59620852 1467.2585805 ],[3637.14948654 1524.10502515],[3632.14252164 1775.05869247]
DJI_20250507092809_0243_D:[3040.34425203 2648.44461761],[3034.62369338 2892.46678591],[2485.42841128 2846.72987244],[2489.47037052 2602.06376858]
DJI_20250507093025_0311_D:[3021.59475511 2613.5990295 ],[3029.13254648 2360.79024856],[3588.58949211 2412.05830558],[3580.18703137 2663.12851435]
4
DJI_20250507093021_0309_D:[2625.12055848 2180.56294422],[2632.15677942 1923.64125453],[3203.23966251 1978.17864402],[3196.36137613 2234.49414277]
DJI_20250507093019_0308_D:[2641.81141488 1894.12028728],[2649.13817951 1637.20310237],[3220.72972785 1693.03220409],[3214.23844034 1949.53550686]
DJI_20250507093023_0310_D:[2594.33237177 2485.69873362],[2601.2307406  2228.84266839],[3173.55202045 2282.55974895],[3166.09776129 2538.73493433]
DJI_20250507093017_0307_D:[2647.79041529 1556.87419201],[2654.84729055 1301.28451227],[3226.13381256 1356.94731849],[3220.67146155 1612.36263527]
DJI_20250507092805_0241_D:[3518.06807182 1883.56660311],[3513.38187278 2131.27449762],[2962.80135644 2084.29462835],[2967.37333545 1835.28873743]
DJI_20250507092803_0240_D:[3536.6280738  1594.97027842],[3533.05816332 1842.53964942],[2981.99426985 1794.23236689],[2986.06999998 1545.51523973]
DJI_20250507092807_0242_D:[3508.40320026 2190.9655802 ],[3502.89333212 2439.22190771],[2950.31512313 2394.13076878],[2955.08769512 2144.46040651]
DJI_20250507093025_0311_D:[2589.53434487 2800.49851722],[2596.57532524 2545.10902843],[3168.50174932 2598.38662091],[3160.15777284 2852.88797109]
DJI_20250507092801_0239_D:[3527.12640179 1299.3098859 ],[3524.02341483 1544.73619572],[2975.31100174 1493.75933142],[2979.59301345 1247.33874829]
DJI_20250507092809_0243_D:[3467.97373937 2477.91658324],[3461.43050669 2725.63865428],[2907.66528794 2681.80337003],[2912.82806245 2432.55231389]
5
DJI_20250507093019_0308_D:[2129.31345555 2032.6356292 ],[2137.22055418 1773.29602714],[2715.22690678 1828.77231647],[2707.85826366 2088.82081758]
DJI_20250507093021_0309_D:[2114.04332297 2321.53748466],[2121.02129671 2062.69712339],[2698.25413304 2118.10702845],[2691.11895549 2377.45553065]
DJI_20250507093017_0307_D:[2134.96538277 1693.03895055],[2143.30143237 1434.5133044 ],[2721.11056583 1488.349434  ],[2714.09310452 1747.83280603]
DJI_20250507093023_0310_D:[2083.34388612 2628.53356411],[2089.49765193 2370.43669134],[2667.11781075 2426.39338396],[2660.06906841 2684.9305861 ]
DJI_20250507093149_0353_D:[2247.38775396 1916.29863512],[2241.79721589 2168.51398757],[1685.42502548 2116.55639579],[1690.94865701 1865.90327641]
DJI_20250507093147_0352_D:[2268.29994115 1613.52274641],[2262.50671872 1868.23365147],[1699.76176594 1818.27294147],[1706.19234246 1565.26816356]
DJI_20250507093015_0306_D:[2178.33947761 1340.31315179],[2187.43789741 1082.62789679],[2767.46057236 1135.80085028],[2760.57787814 1394.61871172]
DJI_20250507093151_0354_D:[2241.05900198 2215.37955189],[2235.8728736  2465.20856091],[1683.90511864 2411.58152453],[1688.35052785 2163.18678454]
DJI_20250507093145_0351_D:[2265.5991847  1316.46760904],[2259.44377771 1571.15399357],[1694.62432777 1523.20286792],[1702.12869744 1270.40429615]
DJI_20250507093025_0311_D:[2079.70047108 2943.93673402],[2085.30008717 2687.94317983],[2662.22987931 2744.84228301],[2654.96161935 3001.07234903]
6
DJI_20250507093149_0353_D:[2781.11822948 1756.40042603],[2775.45495338 2009.17050482],[2212.43366099 1958.09238234],[2218.36419085 1705.7751089 ]
DJI_20250507093151_0354_D:[2771.44420717 2057.43053668],[2765.52998435 2308.46000616],[2206.39934905 2257.01363659],[2211.89640969 2006.33083719]
DJI_20250507093147_0352_D:[2806.98078725 1451.35405124],[2801.81077354 1705.93809328],[2232.97992424 1655.50322651],[2239.13469643 1401.47874242]
DJI_20250507093153_0355_D:[2762.9511482  2371.97835099],[2757.25475049 2621.82755239],[2198.82241531 2570.97496531],[2203.39913931 2321.28997929]
DJI_20250507093145_0351_D:[2805.5905544 1154.0492718],[2800.73666657 1407.97333987],[2230.11541091 1358.19233831],[2236.67143723 1104.99065287]
DJI_20250507093019_0308_D:[1585.92831129 2191.99189552],[1593.55555825 1934.08492157],[2164.71451049 1989.85284225],[2157.23789844 2249.68611508]
DJI_20250507093017_0307_D:[1590.53525803 1855.05244797],[1599.35040648 1597.31747719],[2170.45407891 1649.88017668],[2162.57119966 1909.79278362]
DJI_20250507093021_0309_D:[1573.07933291 2478.98392721],[1579.09159175 2222.16465284],[2149.19939465 2279.20583647],[2142.64174865 2537.75018722]
DJI_20250507093155_0356_D:[2714.4239759  2688.07159031],[2708.72676734 2937.02228425],[2149.00062713 2885.58510403],[2152.92203172 2636.71315883]
DJI_20250507093015_0306_D:[1629.6732175  1504.31665294],[1640.14351197 1246.63181409],[2214.17873514 1296.80515845],[2205.53083404 1556.86894772]
7
DJI_20250507093151_0354_D:[3188.02904548 1905.53152035],[3182.17304767 2154.77692566],[2626.57344371 2104.49645355],[2632.33300131 1854.75313174]
DJI_20250507093149_0353_D:[3199.29232746 1606.27414158],[3194.20661935 1856.61567545],[2635.34763284 1805.67009297],[2641.01464061 1554.91939995]
DJI_20250507093153_0355_D:[3179.63324188 2217.13768853],[3173.46525181 2465.79819951],[2618.22685169 2417.15503779],[2623.60724553 2167.81592202]
DJI_20250507093357_0417_D:[2861.60305098 2215.93310015],[2869.77777156 1969.98727492],[3414.51205244 2025.27286599],[3406.34637708 2270.22810283]
DJI_20250507093355_0416_D:[2909.55830377 1891.63149526],[2917.57310863 1643.81648689],[3466.40513682 1701.1911058 ],[3459.10626141 1948.08675101]
DJI_20250507093147_0352_D:[3227.75764964 1302.87724368],[3223.72165402 1554.34874692],[2659.82132762 1502.95610178],[2665.15167647 1251.15310982]
DJI_20250507093400_0418_D:[2837.511595   2513.28515572],[2845.3311244  2270.58268901],[3384.34416584 2322.93799458],[3375.90048458 2564.54011778]
DJI_20250507093155_0356_D:[3133.41148764 2530.88570921],[3126.7238524  2779.28423977],[2569.47384585 2731.20663828],[2574.73677985 2482.02858736]
DJI_20250507093401_0419_D:[2867.44045234 2810.38758322],[2875.57892696 2567.16797398],[3420.37988858 2621.12768694],[3411.17082787 2864.11318481]
DJI_20250507093353_0415_D:[2978.99292199 1585.15539066],[2987.03483744 1338.49802763],[3534.61402929 1398.47583958],[3527.94597832 1644.25342129]
8
DJI_20250507093355_0416_D:[2499.21982699 2036.11358384],[2507.77929081 1787.56206064],[3061.06489133 1844.10254748],[3052.91570814 2092.54071531]
DJI_20250507093357_0417_D:[2455.30797603 2359.42625514],[2463.46189866 2113.39222411],[3011.78176431 2168.92764987],[3003.33603096 2414.75637894]
DJI_20250507093353_0415_D:[2568.29918227 1727.96932043],[2577.43184734 1479.94074745],[3130.45849366 1538.0379638 ],[3122.3933129  1785.99578868]
DJI_20250507093400_0418_D:[2436.51988708 2655.55727411],[2443.82940813 2413.31052331],[2985.87543883 2466.84858125],[2977.64907677 2708.75723414]
DJI_20250507093151_0354_D:[3594.36575472 1756.8733614 ],[3589.06590829 2005.24443078],[3037.48843919 1954.82367494],[3043.00247647 1705.1244588 ]
DJI_20250507093153_0355_D:[3586.65306041 2066.71509073],[3580.51588304 2315.06365545],[3028.99180031 2267.30725333],[3034.64811119 2017.44703463]
DJI_20250507093351_0414_D:[2596.89544346 1384.57547244],[2605.99255507 1138.89627263],[3155.66308195 1198.52095033],[3148.22042807 1443.80225973]
DJI_20250507093149_0353_D:[3606.44079496 1458.36804692],[3602.438094   1707.20520576],[3048.24594113 1655.08382074],[3053.1486493 1404.9934513]
DJI_20250507093155_0356_D:[3543.213538   2379.14321631],[3536.05162181 2627.81162849],[2981.88881407 2581.73046234],[2987.93352751 2331.43325948]
DJI_20250507093401_0419_D:[2465.03291194 2949.92367591],[2472.37492598 2708.30219668],[3016.77680059 2764.89617429],[3008.09127823 3007.06517646]
9
DJI_20250507093015_0306_D:[2233.35485295 2149.86638116],[2240.90955355 1889.86754777],[2820.4861081  1945.59702112],[2813.17656807 2206.0905348 ]
DJI_20250507093013_0305_D:[2281.95491549 1825.26518965],[2290.77295052 1566.10055987],[2868.76368576 1623.70658425],[2860.73939828 1883.1635551 ]
DJI_20250507093017_0307_D:[2192.25606964 2494.48257262],[2198.98412794 2237.24167874],[2773.72771999 2292.83771978],[2766.40194919 2550.40320545]
DJI_20250507093011_0304_D:[2309.38164479 1488.66521527],[2318.69925194 1233.01782865],[2891.3714131  1290.24067341],[2883.63704615 1546.31060012]
DJI_20250507093019_0308_D:[2187.66002443 2826.94177004],[2193.99164227 2572.1499373 ],[2766.51763983 2628.35494162],[2758.82710136 2883.21998976]
DJI_20250507093153_0355_D:[2180.70610486 1754.70152877],[2175.204528   2003.15510069],[1628.06160094 1953.55204609],[1633.851306   1706.86314167]
DJI_20250507093155_0356_D:[2129.29953495 2065.41949021],[2124.31885924 2315.09028899],[1574.9580229  2263.07843933],[1579.61908441 2015.1228535 ]
DJI_20250507093151_0354_D:[2191.2217725  1444.19177422],[2184.82587768 1691.52794433],[1638.79680013 1643.4047105 ],[1646.15278246 1398.00209757]
DJI_20250507093009_0303_D:[2316.00707861 1128.50090722],[2324.10803522  877.91245345],[2890.73150967  930.64011638],[2885.02738691 1181.80494142]
DJI_20250507093157_0357_D:[2107.99969449 2406.54564701],[2104.39190219 2658.09581973],[1549.20621114 2604.78953591],[1551.80870214 2354.89534805]
10
DJI_20250507093155_0356_D:[2639.56739164 1926.2371338 ],[2634.13211427 2178.91359435],[2072.29235827 2128.0525781 ],[2077.68955836 1876.05422083]
DJI_20250507093153_0355_D:[2688.31479252 1613.40387449],[2682.95756051 1864.26309059],[2124.26229308 1814.48624064],[2130.19879627 1564.37651508]
DJI_20250507093157_0357_D:[2623.77166712 2267.99585918],[2619.07016213 2523.20044506],[2050.51593423 2472.60972378],[2054.49006891 2217.97168813]
DJI_20250507093013_0305_D:[1746.45626717 1963.86951693],[1755.53294355 1703.24550171],[2334.5214564  1760.29454782],[2325.91765556 2022.43028243]
DJI_20250507093151_0354_D:[2697.64049748 1301.3804321 ],[2692.01961055 1550.56482284],[2134.75531747 1500.99292257],[2141.64713197 1252.7341105 ]
DJI_20250507093015_0306_D:[1698.97165975 2291.13185687],[1706.19651713 2030.48693096],[2284.85374656 2087.31570546],[2277.53348918 2349.68319183]
DJI_20250507093011_0304_D:[1777.21316989 1624.04270178],[1787.58849747 1366.30472375],[2361.96032388 1421.4002452 ],[2352.87672072 1680.75850471]
DJI_20250507093200_0358_D:[2593.49604286 2585.64289418],[2588.87356308 2839.34308922],[2022.37015632 2786.10710427],[2025.51851112 2533.41627228]
DJI_20250507093017_0307_D:[1664.10034241 2634.81281908],[1669.65227304 2377.65902123],[2242.75136757 2435.95508378],[2236.24614747 2694.63424248]
DJI_20250507093149_0353_D:[2706.21250933 1001.18970473],[2700.80245784 1249.31034364],[2141.72005075 1200.67482574],[2149.11173066  953.59346411]
11
DJI_20250507093013_0305_D:[2710.75089531 2240.32231721],[2719.10780662 1980.46988733],[3295.76149419 2038.15010669],[3287.20274857 2297.00538771]
DJI_20250507093011_0304_D:[2734.79071746 1900.51038412],[2743.11435539 1642.53727392],[3315.52374929 1701.39162239],[3307.80931964 1958.5240881 ]
DJI_20250507093015_0306_D:[2664.1525052  2563.60463428],[2671.56968374 2303.97191599],[3250.2486518  2358.83519777],[3242.06183181 2617.65814209]
DJI_20250507092813_0245_D:[3432.0023301  1760.43545438],[3427.70083715 2010.23261269],[2871.59995642 1961.9298975 ],[2876.15986077 1711.04246235]
DJI_20250507092815_0246_D:[3438.15048667 2052.80298471],[3433.07407807 2301.5893483 ],[2879.37222977 2255.22909754],[2884.06322491 2005.19336743]
DJI_20250507093009_0303_D:[2740.01205912 1531.9054171 ],[2746.52117977 1277.28328633],[3314.17445388 1333.3371962 ],[3309.09897255 1587.30180743]
DJI_20250507092811_0244_D:[3461.93162152 1459.73106081],[3458.86094508 1709.18008929],[2901.92892574 1659.82631709],[2905.94763132 1409.40415007]
DJI_20250507092817_0247_D:[3413.62749625 2369.12445278],[3407.64708262 2615.74038156],[2856.99627387 2571.18465715],[2861.89810711 2323.26109742]
DJI_20250507093017_0307_D:[2619.12542111 2901.92670869],[2626.25782962 2646.78389771],[3199.03815519 2699.88920098],[3190.30944595 2954.07429637]
DJI_20250507092809_0243_D:[3479.84653761 1175.19957085],[3477.79994562 1422.35741391],[2922.99667681 1371.97170867],[2926.60396881 1123.9608334 ]
12
DJI_20250507092815_0246_D:[2499.0532143  1787.09504358],[2494.39678843 2040.10452676],[1932.71146615 1991.33382259],[1937.64223251 1739.3349322 ]
DJI_20250507092631_0194_D:[1877.99499131 2161.14966864],[1884.3753568  1902.86039125],[2459.19729263 1955.77719304],[2452.9581761  2215.33074413]
DJI_20250507092629_0193_D:[1910.94580534 1852.02779059],[1918.11524346 1595.02005434],[2490.75626499 1645.97099786],[2484.47907607 1904.31083334]
DJI_20250507092817_0247_D:[2478.22296248 2109.92671419],[2473.82122452 2361.52304804],[1915.2283869  2311.84665398],[1919.18414338 2061.17591693]
DJI_20250507092813_0245_D:[2490.25707741 1489.3275072 ],[2485.27823547 1742.42708029],[1922.2245089  1694.40154844],[1928.14709256 1442.49714309]
DJI_20250507092633_0195_D:[1857.53054157 2462.44562083],[1862.65569487 2206.18913382],[2434.11773676 2259.76187007],[2428.41353903 2517.16893479]
DJI_20250507092627_0192_D:[1920.75952105 1558.59570171],[1928.55276836 1303.93803449],[2498.14321558 1352.70504767],[2491.94983229 1608.80895998]
DJI_20250507092819_0248_D:[2433.71008474 2434.62229484],[2430.07034169 2686.24800648],[1869.54919446 2636.00589188],[1871.98229641 2385.25386188]
DJI_20250507092811_0244_D:[2520.10810944 1185.58284924],[2515.21950014 1437.40427793],[1951.71716871 1391.06202151],[1958.2670267 1140.5694177]
DJI_20250507092635_0196_D:[1851.67653693 2783.34383198],[1856.13448433 2529.80577428],[2424.57208548 2585.56732249],[2418.79800032 2840.12360185]
13
DJI_20250507092817_0247_D:[2926.51375555 1980.94272275],[2921.86528905 2231.85646954],[2362.30830651 2183.74544021],[2366.77076983 1932.81846815]
DJI_20250507092815_0246_D:[2948.71037718 1659.20997235],[2944.40024495 1910.93930031],[2382.43883461 1862.50534273],[2387.28005049 1610.83521886]
DJI_20250507092819_0248_D:[2884.55678052 2303.21621953],[2880.0303805  2554.78037238],[2317.66905278 2507.39400126],[2321.25924102 2255.74578076]
DJI_20250507092813_0245_D:[2940.63350574 1363.23354437],[2936.53314912 1614.59677861],[2373.34100645 1565.7908829 ],[2378.6378209  1314.66136052]
DJI_20250507092821_0249_D:[2892.98768487 2580.3580399 ],[2887.40467225 2830.63676724],[2325.24637355 2781.75672869],[2329.23429676 2531.23566758]
DJI_20250507092811_0244_D:[2969.69079348 1061.57880872],[2966.27252232 1311.14710234],[2403.13912682 1262.84649383],[2408.46459298 1013.63770371]
DJI_20250507092629_0193_D:[1463.27646191 1981.13449211],[1470.40129379 1726.50684701],[2032.71213005 1776.84437125],[2026.17419356 2033.79016915]
DJI_20250507093009_0303_D:[3248.45309557 1938.02072119],[3254.65274911 1680.21703715],[3819.07556056 1736.4626508 ],[3813.34740914 1992.13807479]
DJI_20250507093011_0304_D:[3243.17413507 2314.46651947],[3251.94912303 2055.04760896],[3819.76214561 2111.96936725],[3810.59876912 2369.03483707]
DJI_20250507092631_0194_D:[1430.59469736 2286.79070356],[1436.30627684 2031.51235716],[1999.94713887 2085.0258851 ],[1994.07505978 2342.56615506]
14
DJI_20250507092627_0192_D:[2313.44510149 1971.1877302 ],[2319.607395 1715.632183],[2889.53620776 1767.10495027],[2883.9801857  2022.94394825]
DJI_20250507092629_0193_D:[2305.61371679 2265.29675506],[2311.61593427 2008.88223563],[2883.5075289  2061.25679678],[2877.40615272 2317.82508522]
DJI_20250507092625_0191_D:[2331.25047995 1671.17973478],[2338.14721231 1418.53475387],[2903.05115148 1470.30410157],[2897.43355058 1723.33750048]
DJI_20250507092631_0194_D:[2274.40977937 2573.23611326],[2280.078998   2317.06638059],[2853.28520938 2370.13773078],[2846.76831236 2626.37580556]
DJI_20250507092623_0190_D:[2341.78647962 1369.87376397],[2348.83259722 1119.7406994 ],[2911.24046545 1170.72626146],[2906.12063362 1421.35255085]
DJI_20250507092633_0195_D:[2252.42321708 2867.79736533],[2257.30162239 2615.08360093],[2826.28368566 2667.54049476],[2819.86263084 2920.22386185]
DJI_20250507092817_0247_D:[2097.54496627 1709.47579405],[2092.7173799  1958.66356902],[1544.91777106 1911.18401097],[1550.21589049 1663.95340539]
DJI_20250507092819_0248_D:[2049.75471573 2029.2905038 ],[2046.10070361 2280.01359304],[1495.73058179 2230.80046314],[1499.13613892 1982.00756765]
DJI_20250507092815_0246_D:[2117.56587249 1389.60194309],[2112.03703319 1638.71751622],[1562.12752171 1593.35776024],[1568.84186276 1346.29563808]
DJI_20250507092435_0136_D:[3918.64316469 1814.5267163 ],[3915.25395216 2080.3605192 ],[3328.70973524 2032.62241103],[3332.13719164 1764.35408374]
15
DJI_20250507092437_0137_D:[3201.95194551 1868.95005785],[3197.57587924 2138.91836287],[2595.41132655 2088.65950974],[2599.76263823 1818.08162802]
DJI_20250507092435_0136_D:[3233.6400661  1556.86880623],[3230.69395913 1826.36089856],[2628.42569176 1776.73280578],[2632.15330844 1506.75946243]
DJI_20250507092439_0138_D:[3173.59970971 2166.26431481],[3167.26097661 2435.6575088 ],[2565.82008589 2383.41069075],[2571.34792095 2113.25202138]
DJI_20250507092433_0135_D:[3242.99534615 1231.50238596],[3241.13274677 1500.94269778],[2635.79997866 1450.90457094],[2639.27814524 1181.13760157]
DJI_20250507092627_0192_D:[2980.84198137 2220.95154774],[2986.61742731 1963.70822407],[3554.95180986 2015.35425535],[3549.15754884 2271.16500473]
DJI_20250507092441_0139_D:[3145.02637857 2500.76290503],[3137.51342742 2766.76679184],[2540.76289445 2714.63306006],[2546.56799993 2447.74908075]
DJI_20250507092625_0191_D:[2993.63399464 1918.57793052],[2999.36366159 1663.46582129],[3563.13704377 1717.32204295],[3558.0918149  1971.15002086]
DJI_20250507092629_0193_D:[2973.94394477 2517.24414647],[2980.38320544 2259.99755816],[3550.05792554 2310.58868668],[3542.8741147  2566.24723847]
DJI_20250507092623_0190_D:[3002.49594936 1613.93857042],[3007.62150629 1360.58598665],[3569.31976577 1415.5797205 ],[3565.54222677 1667.76788386]
DJI_20250507092431_0134_D:[3229.6805968   901.31734144],[3228.93977589 1169.11482537],[2621.66287993 1118.99232254],[2624.94398571  851.07351094]
16
DJI_20250507092553_0175_D:[2612.59223923 2075.52790054],[2621.61402565 1817.62171542],[3194.49535961 1877.00823143],[3185.63197337 2134.23882387]
DJI_20250507092555_0176_D:[2547.54482093 2407.65786087],[2555.46146301 2151.40495563],[3126.81329865 2207.8403117 ],[3118.29881568 2463.70470481]
DJI_20250507092551_0174_D:[2649.34863814 1738.82592487],[2656.60644058 1484.09388844],[3223.85652799 1539.90547327],[3217.55435    1794.22428899]
DJI_20250507092511_0154_D:[3548.19093672 1977.51827003],[3542.21832486 2219.28678664],[3005.02325788 2171.33954533],[3010.7030166  1928.41534793]
DJI_20250507092557_0177_D:[2510.74884661 2710.48856205],[2517.83238319 2458.14413245],[3083.3433895  2512.42168846],[3074.96842922 2764.2687259 ]
DJI_20250507092509_0153_D:[3563.31040451 1666.45769919],[3557.9114382 1907.9902509],[3020.87289072 1857.22380219],[3026.66644132 1614.68123163]
DJI_20250507092549_0173_D:[2694.25416811 1423.80017469],[2700.76799564 1173.64827785],[3260.45156473 1228.27165486],[3255.51902864 1478.13301097]
DJI_20250507092513_0155_D:[3515.63088796 2250.87542011],[3507.54152503 2492.03959253],[2970.64666098 2442.93984077],[2977.82837145 2200.50708722]
DJI_20250507092507_0152_D:[3569.71468862 1359.03934423],[3565.28322493 1599.24220359],[3029.03884836 1546.70353939],[3034.5326306  1305.62643866]
DJI_20250507092515_0156_D:[3496.44845524 2513.27830997],[3487.81558294 2752.75376716],[2952.26548729 2705.89806037],[2959.40942499 2465.03629324]
17
DJI_20250507092853_0265_D:[2866.40512691 1833.42644428],[2860.24085467 2084.9301313 ],[2299.58692849 2032.90971407],[2305.96229107 1781.46115658]
DJI_20250507092855_0266_D:[2860.45885167 2167.76460096],[2855.42656778 2417.91485566],[2296.98252646 2369.49012114],[2301.41373135 2119.18629817]
DJI_20250507092857_0267_D:[2854.38678266 2476.55494257],[2848.10843707 2723.72347163],[2294.24352609 2673.29837532],[2299.19613365 2425.94867232]
DJI_20250507092553_0175_D:[1572.6165504  2158.07706119],[1581.49264798 1900.96013812],[2150.969514   1960.02376913],[2142.04247809 2218.88761616]
DJI_20250507092551_0174_D:[1619.08036164 1828.16952399],[1627.72013043 1573.83701343],[2191.71799932 1626.26767184],[2183.85605025 1882.53978731]
DJI_20250507092549_0173_D:[1675.72807819 1514.56081697],[1684.82773709 1264.32771268],[2242.26320547 1312.8108566 ],[2234.58763829 1565.03360424]
DJI_20250507092933_0285_D:[3256.84382082 2187.33754524],[3265.74494121 1932.31030185],[3823.87846849 1990.72584837],[3814.9378796  2243.63831735]
DJI_20250507092859_0268_D:[2781.48539359 2753.83220479],[2774.43284027 2998.51403747],[2223.00767206 2946.03544535],[2228.16606874 2701.17523897]
DJI_20250507092555_0176_D:[1518.40334116 2490.53851424],[1524.74002265 2236.33021322],[2088.30213777 2295.52456166],[2081.16303528 2551.72775037]
DJI_20250507092931_0284_D:[3294.284169   1897.66258057],[3302.99051819 1642.11272356],[3862.2808381  1704.41365719],[3854.25698688 1957.99775764]
18
DJI_20250507092551_0174_D:[2788.04293114 2145.06923876],[2795.32912832 1889.40485491],[3362.22032864 1944.48437846],[3354.94777831 2199.16751722]
DJI_20250507092513_0155_D:[3385.44002088 1866.19389724],[3378.67696962 2108.71559365],[2838.93610946 2057.45756733],[2845.60696397 1814.15847422]
DJI_20250507092549_0173_D:[2832.40994438 1824.45102356],[2838.87207194 1571.96181567],[3399.15197797 1626.47579277],[3393.35869968 1878.12962389]
DJI_20250507092515_0156_D:[3367.12133384 2130.2545643 ],[3359.92201248 2372.30088609],[2820.63092254 2322.77425853],[2827.15864014 2079.83552839]
DJI_20250507092511_0154_D:[3415.00356825 1593.81950672],[3410.26234335 1835.66208044],[2871.13714123 1786.07540848],[2876.40051097 1543.56126041]
DJI_20250507092553_0175_D:[2749.68769226 2485.37292851],[2758.86023932 2228.2776315 ],[3330.03232985 2286.03095531],[3320.05368238 2541.86238954]
DJI_20250507092547_0172_D:[2809.79149578 1483.06861043],[2816.11338403 1233.02093731],[3374.01257455 1288.2307736 ],[3369.10623021 1537.75848545]
DJI_20250507092517_0157_D:[3341.56750437 2426.64661248],[3333.76578287 2667.47873465],[2795.14791579 2619.28290138],[2801.70445224 2377.4649726 ]
DJI_20250507092509_0153_D:[3429.67436354 1284.17597612],[3425.37128752 1524.35082458],[2887.47781406 1472.56099615],[2892.98733679 1231.85664146]
DJI_20250507092555_0176_D:[2685.41995932 2812.47095636],[2693.54838758 2558.51284021],[3262.6163651  2613.35023394],[3252.9273692  2866.32863385]
19
DJI_20250507092549_0173_D:[2024.80903625 1929.80808352],[2032.08643698 1676.3717944 ],[2596.86003658 1729.0623118 ],[2590.04675705 1983.43802146]
DJI_20250507092855_0266_D:[2506.01721689 1757.19357404],[2501.19673884 2007.98547743],[1943.95045536 1959.3305104 ],[1949.10730693 1709.3954756 ]
DJI_20250507092551_0174_D:[1972.14909055 2250.50574349],[1979.25580843 1994.39306925],[2549.93761305 2049.90888543],[2542.61941341 2306.87226135]
DJI_20250507092857_0267_D:[2503.60453418 2067.48377857],[2497.97928892 2316.76143116],[1944.44582187 2265.10279765],[1949.66607665 2016.64413921]
DJI_20250507092853_0265_D:[2513.48296437 1420.6807147 ],[2507.03835699 1671.07241395],[1949.05616339 1620.26986216],[1956.6484914  1370.95626149]
DJI_20250507092547_0172_D:[2005.3564828  1586.80965315],[2013.55848566 1335.55088113],[2575.09616439 1386.56952408],[2568.11170881 1639.0718959 ]
DJI_20250507092553_0175_D:[1927.68916314 2586.66675965],[1935.43560343 2329.58044818],[2510.30572624 2390.26096357],[2501.49259832 2647.96121391]
DJI_20250507092859_0268_D:[2432.60764206 2345.82233267],[2426.4421749  2593.81284755],[1875.01905217 2539.24733797],[1880.20905568 2292.08201023]
DJI_20250507092545_0171_D:[1986.86884845 1317.3909298 ],[1997.03118398 1066.17615911],[2561.25278208 1118.47092496],[2552.9929495 1371.1539513]
DJI_20250507092901_0269_D:[2461.08224742 2648.72683151],[2454.71374867 2895.01665294],[1903.41955499 2838.92742124],[1908.10355269 2593.22952704]
20
DJI_20250507092549_0173_D:[2434.05048868 2167.82783615],[2440.80802896 1914.19513876],[3005.9659153  1967.71473228],[2999.11597794 2221.21046737]
DJI_20250507092547_0172_D:[2412.49087375 1823.86653144],[2419.61720593 1571.37148625],[2982.83293249 1624.80823589],[2976.37060259 1877.48188925]
DJI_20250507092551_0174_D:[2385.11927907 2491.11472462],[2392.14422552 2235.62742193],[2962.8762917  2290.66076728],[2955.07151459 2545.88457138]
DJI_20250507092545_0171_D:[2395.31829175 1556.96018684],[2403.89939205 1303.63695148],[2970.70475996 1359.61448112],[2963.46001807 1613.31102283]
DJI_20250507092553_0175_D:[2342.26004722 2829.84621128],[2350.48793192 2574.45058274],[2924.55147013 2633.0601001 ],[2914.68809074 2887.92292026]
DJI_20250507092543_0170_D:[2480.52882025 1265.46228747],[2488.67542145 1015.85640356],[3050.78482438 1070.66890553],[3044.70230167 1320.67258891]
DJI_20250507092857_0267_D:[2102.94977943 1835.38574627],[2097.23727428 2083.67995226],[1551.52474096 2032.76035626],[1557.36085079 1786.28266415]
DJI_20250507092515_0156_D:[3745.50875917 1801.71900418],[3739.33698827 2043.70935528],[3203.69074343 1993.25797643],[3209.87401079 1749.73366666]
DJI_20250507092517_0157_D:[3721.47279715 2097.54170996],[3714.2390453  2339.44961052],[3178.31197974 2291.17868613],[3184.97555217 2047.64441749]
DJI_20250507092855_0266_D:[2102.93965951 1527.62452233],[2097.49890488 1776.6432759 ],[1548.49299224 1729.8242012 ],[1554.80520011 1482.67598783]
21
DJI_20250507092857_0267_D:[2926.28428997 1716.78720617],[2920.7462245  1964.89859928],[2367.35809066 1914.56415233],[2373.24071586 1666.53096823]
DJI_20250507092859_0268_D:[2856.69633843 1995.46421352],[2850.07100826 2243.53477487],[2297.287464  2191.3067186],[2303.69777643 1943.32409401]
DJI_20250507092855_0266_D:[2928.39577438 1406.37434968],[2924.23154415 1654.49765319],[2368.58028227 1606.08339638],[2373.82655914 1358.06134574]
DJI_20250507092901_0269_D:[2886.13649452 2298.16112296],[2878.80486748 2545.82502876],[2325.54807403 2492.88439029],[2331.97374199 2245.0729971 ]
DJI_20250507092903_0270_D:[2821.66341558 2575.59028087],[2813.99966024 2821.43637832],[2262.33186683 2767.88849952],[2268.48733813 2521.85910503]
DJI_20250507092549_0173_D:[1603.95732814 2282.31700947],[1610.00090361 2031.59549636],[2166.0033721  2085.47665541],[2159.62412253 2337.8920354 ]
DJI_20250507092853_0265_D:[2937.54760653 1076.65191967],[2932.41723911 1322.8931327 ],[2377.01759771 1271.37978388],[2384.03672927 1025.45831112]
DJI_20250507092547_0172_D:[1584.73109759 1941.56539189],[1592.24949311 1691.61900497],[2145.57067343 1742.97176436],[2138.46536809 1994.90647057]
DJI_20250507092545_0171_D:[1560.52161223 1674.85356178],[1570.45284432 1423.74381209],[2126.96993673 1475.61504955],[2118.10080381 1728.95378015]
DJI_20250507092927_0282_D:[3282.1359938  2020.18598726],[3290.82106318 1765.32956265],[3849.06246414 1825.6125582 ],[3840.76619913 2078.59431718]
22
DJI_20250507092859_0268_D:[2499.34366495 1768.70051328],[2492.75955008 2017.4335795 ],[1940.83728205 1965.11871824],[1947.71151748 1717.38293845]
DJI_20250507092547_0172_D:[1939.12778787 2171.66846653],[1945.84411967 1919.61753303],[2507.13389884 1973.14506026],[2500.30604086 2226.24732456]
DJI_20250507092901_0269_D:[2528.35087058 2071.20304552],[2521.52091622 2320.39558149],[1968.14752003 2266.16839104],[1974.57704504 2017.74618258]
DJI_20250507092545_0171_D:[1915.75576196 1906.29002162],[1924.45735937 1652.23769928],[2489.92911808 1707.42518185],[2481.76240025 1962.74575528]
DJI_20250507092857_0267_D:[2568.53497051 1491.00415049],[2562.73579519 1739.17568303],[2010.11526765 1689.61537887],[2016.77068195 1442.42937558]
DJI_20250507092543_0170_D:[2003.11865598 1612.88579365],[2012.1662426  1361.06909383],[2574.78288476 1413.93159359],[2567.01110512 1667.03163718]
DJI_20250507092549_0173_D:[1960.55139418 2514.60015585],[1966.27401363 2262.76562561],[2529.10487825 2317.40828508],[2522.50909656 2569.984527  ]
DJI_20250507092903_0270_D:[2464.32353102 2349.80943638],[2457.49498191 2597.83659759],[1905.65739911 2542.08662213],[1911.4790379  2294.79542361]
DJI_20250507092855_0266_D:[2569.04437684 1181.65664906],[2564.14788384 1429.06779171],[2009.59626387 1382.44364662],[2016.10350223 1136.05423329]
DJI_20250507092541_0169_D:[2000.47977905 1306.07935218],[2009.47908444 1057.53716262],[2568.45609371 1106.55863938],[2561.49925742 1356.54590113]
23
DJI_20250507092545_0171_D:[2567.49267427 2146.92703037],[2575.58304371 1890.45088629],[3146.23410812 1947.34396675],[3138.1207444  2203.42897994]
DJI_20250507092543_0170_D:[2652.8918333  1848.93829634],[2660.53935016 1594.01966047],[3227.84277257 1650.31206837],[3220.93155428 1904.88395566]
DJI_20250507092547_0172_D:[2586.10420233 2408.90434425],[2592.95675272 2155.28127702],[3158.3536711  2208.72253114],[3150.82760127 2461.77892331]
DJI_20250507092541_0169_D:[2647.57021405 1535.34810479],[2654.28200314 1282.85410575],[3218.78574453 1337.26969339],[3213.59079512 1589.60407971]
DJI_20250507092519_0158_D:[3554.19457568 1851.34561   ],[3548.11636664 2096.14716605],[3004.26820898 2045.69917735],[3010.37882545 1799.7611276 ]
DJI_20250507092521_0159_D:[3526.72010462 2131.31238987],[3519.3926477  2376.24888714],[2974.85588581 2326.33811528],[2981.67875493 2080.15248226]
DJI_20250507092517_0157_D:[3558.33398237 1537.07393002],[3553.2708667  1780.30053641],[3011.77442793 1728.49744074],[3017.47394547 1484.29554257]
DJI_20250507092549_0173_D:[2608.53178095 2752.78365146],[2615.27772446 2500.46772091],[3180.58173351 2552.64598712],[3172.38368673 2804.066593  ]
DJI_20250507092523_0160_D:[3489.64282389 2425.02619611],[3481.27997056 2670.5421489 ],[2933.47093087 2621.63523991],[2940.7021317  2374.76662565]
DJI_20250507092515_0156_D:[3580.66645546 1242.20421527],[3576.56431366 1483.66757945],[3036.61087691 1430.34804191],[3041.93506688 1187.9927321 ]
24
DJI_20250507092543_0170_D:[1980.72863029 2004.48675716],[1988.85064662 1750.34236363],[2554.74215281 1805.27431391],[2547.00676367 2060.52718787]
DJI_20250507092901_0269_D:[2546.44932537 1684.83867829],[2539.45699801 1934.89208523],[1984.04476368 1881.75383777],[1991.48618825 1632.65830288]
DJI_20250507092903_0270_D:[2482.40481755 1964.42455741],[2475.28285304 2214.59395979],[1920.46448758 2159.88845578],[1927.42546251 1910.64476267]
DJI_20250507092545_0171_D:[1893.89437245 2300.26650914],[1901.46789079 2045.4041944 ],[2469.05832035 2102.66953298],[2461.10929132 2358.61488076]
DJI_20250507092541_0169_D:[1978.16208952 1693.71554006],[1986.28022451 1441.31032421],[2549.70106578 1492.61266211],[2542.75388903 1746.29831718]
DJI_20250507092859_0268_D:[2516.96568283 1383.97164817],[2510.21040204 1632.14028943],[1957.32502866 1581.2575116 ],[1965.21726112 1334.26999203]
DJI_20250507092905_0271_D:[2471.3130016  2311.36857038],[2464.86525963 2561.64176144],[1908.48782628 2506.5626259 ],[1914.0766916  2257.10941567]
DJI_20250507092547_0172_D:[1920.47200792 2561.64628966],[1926.07316555 2310.11462407],[2488.4638534  2365.40245958],[2481.85767655 2617.80249737]
DJI_20250507092539_0168_D:[2004.46362307 1370.79832578],[2013.84456109 1121.0200889 ],[2574.69610543 1171.83591392],[2567.22648377 1423.00039328]
DJI_20250507092857_0267_D:[2584.96588609 1107.91862705],[2579.1266125  1354.29370062],[2026.43426439 1306.14151226],[2033.98370348 1060.93471722]
25
DJI_20250507092903_0270_D:[2777.25904852 1778.15252694],[2770.08600575 2029.7473822 ],[2209.85654775 1975.47259057],[2217.27562374 1724.26706146]
DJI_20250507092905_0271_D:[2767.04161388 2125.66690507],[2760.15850622 2378.14446659],[2197.69570038 2324.30753572],[2204.12034529 2072.10337148]
DJI_20250507092901_0269_D:[2840.93660379 1497.51251517],[2834.28104449 1748.28680524],[2274.30378811 1694.9130074 ],[2281.82471866 1444.56064578]
DJI_20250507092907_0272_D:[2758.55197897 2434.87675456],[2751.55411572 2688.57051049],[2184.5108076  2634.07732184],[2190.38828094 2380.54864268]
DJI_20250507092859_0268_D:[2809.39097176 1196.58231494],[2803.31942463 1444.77930769],[2246.14775918 1393.07781248],[2253.77893474 1145.53446267]
DJI_20250507092543_0170_D:[1680.39842804 2192.5881295 ],[1687.98503752 1938.00516431],[2252.72880865 1993.95209324],[2245.09449283 2250.24347729]
DJI_20250507092541_0169_D:[1678.45020998 1881.74202486],[1686.47486938 1628.1242423 ],[2249.2662252  1679.71198681],[2241.99472736 1935.21213582]
DJI_20250507092539_0168_D:[1704.35339751 1556.41716135],[1714.08999908 1304.65548352],[2275.0188263  1354.95302574],[2266.78973063 1608.70236338]
DJI_20250507092909_0273_D:[2713.17205012 2720.70234968],[2705.87639726 2974.01897662],[2136.45572736 2918.16876771],[2141.93610653 2664.94477941]
DJI_20250507092545_0171_D:[1593.92563682 2488.07171239],[1600.44158187 2233.6315694 ],[2165.74889634 2292.70311426],[2158.40414073 2548.83287652]
26
DJI_20250507092541_0169_D:[1981.37810282 2097.8276146 ],[1988.47022915 1843.51828048],[2554.81231653 1896.9247587 ],[2547.96956069 2152.27786756]
DJI_20250507092905_0271_D:[2465.45788737 1911.0434021 ],[2458.73616015 2162.96889925],[1900.34329389 2109.12687757],[1907.10012081 1858.2704256 ]
DJI_20250507092539_0168_D:[2005.61361366 1772.10781564],[2014.03447831 1518.83676266],[2578.97193723 1571.96682016],[2571.55367514 1826.39105902]
DJI_20250507092543_0170_D:[1984.00031067 2410.01537629],[1991.07917044 2155.60391192],[2558.64207793 2212.32849854],[2551.01265464 2467.59765241]
DJI_20250507092903_0270_D:[2477.69557322 1565.59375421],[2470.32567665 1815.86083268],[1914.60039729 1762.61636783],[1922.69283967 1513.52097759]
DJI_20250507092907_0272_D:[2453.99890987 2217.48721696],[2447.49886413 2471.35622445],[1884.16336431 2415.90745416],[1890.06165832 2163.02809536]
DJI_20250507092537_0167_D:[2054.03605412 1498.43546786],[2063.69944939 1249.53407162],[2621.08740743 1302.8372365 ],[2612.9806734  1552.92817947]
DJI_20250507092901_0269_D:[2541.53246211 1287.3793506 ],[2534.40056743 1536.2025914 ],[1979.03259752 1484.62190593],[1987.49930176 1237.00005577]
DJI_20250507092545_0171_D:[1898.10874294 2705.56115687],[1904.46131087 2452.04617594],[2472.53412604 2511.02730263],[2464.85004707 2765.36593466]
DJI_20250507092909_0273_D:[2407.03594657 2501.37910002],[2400.56147984 2755.60988562],[1834.63541609 2697.92855892],[1839.83413424 2444.63950141]
27
DJI_20250507092539_0168_D:[2680.39038048 2005.13018202],[2687.62934306 1751.78972511],[3250.68056754 1806.7333298 ],[3243.88919659 2059.54753075]
DJI_20250507092541_0169_D:[2657.44084069 2328.70667542],[2664.22980704 2075.13501433],[3228.36879626 2128.28248498],[3221.27752444 2381.20852956]
DJI_20250507092537_0167_D:[2719.69629919 1731.2482633 ],[2727.54747008 1481.65676014],[3283.09154642 1538.39316658],[3276.25819571 1787.553828  ]
DJI_20250507092525_0161_D:[3472.07586042 1953.00017657],[3464.96751225 2199.7411435 ],[2916.36670494 2147.52147442],[2923.4020138 1899.7404334]
DJI_20250507092523_0160_D:[3476.32237186 1655.3489543 ],[3470.62211148 1901.08785073],[2923.44313572 1848.67112861],[2929.7054355  1602.06375231]
DJI_20250507092527_0162_D:[3414.88000367 2278.33167214],[3407.23167927 2527.45251336],[2851.94681334 2477.10558706],[2858.82513261 2226.85991606]
DJI_20250507092543_0170_D:[2659.92574368 2641.64796902],[2667.64353419 2388.87256215],[3232.11079726 2443.20725441],[3223.30099798 2695.13533134]
DJI_20250507092535_0166_D:[2914.16489303 1512.32909735],[3021.59564748 1289.49393462],[3504.42316629 1565.83261548],[3398.51856334 1789.20066523]
DJI_20250507092521_0159_D:[3510.15840871 1370.13679751],[3505.55441864 1612.73021629],[2963.48528352 1559.70188649],[2969.22779258 1316.32177351]
DJI_20250507092533_0165_D:[3358.37851879 1731.48160402],[3604.79962073 1716.25874005],[3603.53261899 2274.70292548],[3356.81201858 2291.80030478]
28
DJI_20250507092907_0272_D:[2731.51961861 1859.61100638],[2724.82786153 2114.26831845],[2158.18037858 2060.47823278],[2165.08180458 1806.38689981]
DJI_20250507092905_0271_D:[2740.13060501 1557.37503655],[2733.55208491 1808.81625313],[2172.89176634 1756.02338705],[2180.29088599 1505.2391115 ]
DJI_20250507092909_0273_D:[2686.82477619 2141.9071119 ],[2679.74623494 2398.25569059],[2109.24659688 2342.85353599],[2115.88369807 2087.01350597]
DJI_20250507092539_0168_D:[1730.05933106 2128.22982397],[1737.64027659 1874.85396358],[2300.10125434 1929.32253018],[2292.70546904 2184.28154551]
DJI_20250507092537_0167_D:[1779.1369012 1849.7868052],[1788.35991209 1599.5928896 ],[2344.39189101 1653.64217168],[2335.93668142 1905.44036482]
DJI_20250507092911_0274_D:[2803.28318849 2420.52057477],[2904.518951   2655.50385278],[2362.87188404 2844.47874075],[2260.76931309 2610.38280889]
DJI_20250507092903_0270_D:[2751.18046297 1216.36392872],[2744.32161636 1464.75652322],[2187.42436839 1411.90489974],[2195.78036354 1164.2793847 ]
DJI_20250507092541_0169_D:[1708.20676796 2453.05283909],[1714.02784828 2200.12774751],[2276.67153062 2255.50577693],[2270.27772931 2509.90378537]
DJI_20250507092535_0166_D:[2010.0323226  1240.05247397],[2119.95589618 1017.46498148],[2604.33872156 1288.92421623],[2494.89575689 1513.7946612 ]
DJI_20250507092901_0269_D:[2813.41362789  941.50056731],[2807.19818254 1187.20873308],[2251.87652493 1135.42422046],[2260.20050956  890.51391544]
29
DJI_20250507092537_0167_D:[2407.079385   2090.88734843],[2415.34643382 1837.13586963],[2980.57769943 1893.73291341],[2972.54580158 2147.52546962]
DJI_20250507092539_0168_D:[2365.18162049 2373.01898443],[2372.41540023 2116.6691722 ],[2944.30109939 2172.05762741],[2936.68037003 2428.36802184]
DJI_20250507092535_0166_D:[2485.22316962 1709.48386391],[2595.47214379 1482.15730057],[3087.70767757 1762.09143215],[2978.09671377 1990.08763196]
DJI_20250507092533_0165_D:[2977.19880194 1451.1349875 ],[3229.18964678 1435.90419192],[3229.13322677 2002.70536098],[2976.25340757 2019.10040368]
DJI_20250507092541_0169_D:[2343.19844446 2699.49284954],[2349.49520814 2444.47135211],[2921.21454147 2498.74810624],[2913.74744006 2753.6070493 ]
DJI_20250507092531_0164_D:[3264.47880869 1246.01662548],[3511.8564524  1306.23166164],[3347.68424094 1852.22856798],[3098.31844624 1792.89011589]
DJI_20250507092527_0162_D:[3730.40884705 1918.72693626],[3723.89823274 2170.78580215],[3165.72381454 2118.9030982 ],[3172.25341622 1865.17729635]
DJI_20250507092529_0163_D:[3768.02065614 1924.64011176],[3835.94929513 2170.65160025],[3281.00181222 2290.68152856],[3211.77057158 2043.01100764]
DJI_20250507092907_0272_D:[2088.4730788  1619.22511167],[2081.09998032 1874.23993523],[1520.93195965 1821.60528225],[1529.0844746  1568.79247673]
DJI_20250507092909_0273_D:[2038.16820082 1899.37294654],[2031.10325083 2156.78437146],[1467.29157775 2100.81909407],[1474.48827506 1845.59804326]
30
DJI_20250507092909_0273_D:[2893.62824006 1761.78708046],[2886.77389715 2018.75851194],[2314.01611039 1964.10243371],[2321.30926117 1707.38923191]
DJI_20250507092911_0274_D:[2831.6074724  1987.85978388],[2933.55146164 2224.85490403],[2389.11703547 2416.43766493],[2287.00738166 2179.72438847]
DJI_20250507092907_0272_D:[2935.69374607 1483.10456196],[2929.53663622 1737.04386916],[2361.80758753 1683.60132486],[2369.03376579 1429.98131586]
DJI_20250507092913_0275_D:[2873.73193274 2227.20773276],[3130.52057657 2241.86041131],[3056.48872298 2810.82028236],[2800.43895466 2796.9380506 ]
DJI_20250507092905_0271_D:[2941.51326659 1186.97805362],[2935.70361032 1436.42123917],[2374.95920628 1383.60851632],[2382.42382294 1134.58346196]
DJI_20250507092537_0167_D:[1576.91621953 2219.46701844],[1584.81797469 1969.1107479 ],[2138.99019471 2025.5257972 ],[2131.01932934 2277.73589379]
DJI_20250507092535_0166_D:[1674.9947867  1494.49431858],[1784.49146038 1270.20819131],[2266.83993338 1543.23352439],[2156.96880071 1769.69755216]
DJI_20250507092915_0276_D:[3151.99405657 2364.5594665 ],[3319.73290602 2171.56090482],[3716.56581512 2572.05861863],[3550.25738097 2763.98795508]
DJI_20250507092539_0168_D:[1528.97588196 2501.19314499],[1534.87316859 2248.95603531],[2094.33396741 2306.25976962],[2087.74728278 2560.34032202]
DJI_20250507092917_0277_D:[3312.70482475 2234.32315951],[3323.63560297 1977.96635799],[3884.12159828 2040.48677916],[3873.06371885 2294.71997756]
31
DJI_20250507092505_0151_D:[2896.75289686 1791.47542872],[2890.50377705 2034.66942199],[2348.70228744 1983.65371702],[2355.14806069 1740.78100469]
DJI_20250507092507_0152_D:[2881.18028239 2073.70687819],[2874.56047964 2317.04125993],[2332.33619761 2265.53743798],[2338.53133722 2022.40637288]
DJI_20250507092503_0150_D:[2935.40419612 1505.49320212],[2929.86351783 1747.63426145],[2388.96898986 1697.75734852],[2395.29271602 1455.98011139]
DJI_20250507092509_0153_D:[2872.55254355 2385.50649253],[2865.87167564 2627.46154578],[2324.87585365 2576.33168186],[2330.46414471 2334.43659519]
DJI_20250507092501_0149_D:[2958.80644232 1217.48075388],[2953.34699622 1459.58671852],[2409.75360476 1408.91429665],[2416.60162086 1167.19922621]
DJI_20250507092217_0067_D:[1391.04333384 1822.39792752],[1394.11705618 1543.14120863],[2011.79221103 1584.63330732],[2009.73729097 1866.7650351 ]
DJI_20250507092557_0177_D:[3242.72705641 1961.89314148],[3249.46871634 1707.48659823],[3808.02111653 1763.72891374],[3801.68813212 2016.40094046]
DJI_20250507092219_0068_D:[1353.55549125 2194.03843703],[1354.9157686  1915.24242483],[1970.71393153 1961.04903281],[1969.35381951 2242.59502899]
DJI_20250507092511_0154_D:[2857.33953245 2698.67586082],[2851.03202309 2938.09169992],[2311.97602573 2888.39101506],[2316.50461284 2648.88489084]
DJI_20250507092559_0178_D:[3279.1750922  2284.75425506],[3287.83642025 2029.16879193],[3847.9844664  2085.72021012],[3838.99132007 2339.25904704]
32
DJI_20250507092559_0178_D:[2671.88538631 2037.94658264],[2680.35580399 1780.70475771],[3252.11894557 1838.82674412],[3243.91579716 2095.60168952]
DJI_20250507092601_0179_D:[2631.33545461 2358.90917067],[2639.7983285  2100.66017475],[3215.08349306 2158.4643878 ],[3206.2212613  2416.40475079]
DJI_20250507092557_0177_D:[2636.5239122  1716.79675786],[2643.87639014 1461.77571977],[3212.41133941 1517.45717078],[3206.06296548 1772.29278352]
DJI_20250507092505_0151_D:[3476.05886261 2022.68390042],[3469.27087321 2265.70601329],[2928.8135576  2215.83819332],[2935.28865891 1971.78387777]
DJI_20250507092503_0150_D:[3513.78047376 1735.02792835],[3508.31383169 1977.63092677],[2968.7671447  1927.41122795],[2974.51814506 1683.82932331]
DJI_20250507092603_0180_D:[2583.3232032  2701.27167828],[2591.89569951 2444.25389038],[3167.49992907 2502.4127828 ],[3157.66095309 2759.04049355]
DJI_20250507092507_0152_D:[3460.76278001 2305.24295438],[3452.93876221 2547.6585039 ],[2912.54861513 2498.86777226],[2919.42579603 2255.29102661]
DJI_20250507092555_0176_D:[2677.1994273  1402.06859102],[2685.02513002 1146.97948476],[3256.50148213 1204.68472233],[3250.44512063 1459.70000579]
DJI_20250507092501_0149_D:[3539.56583507 1448.20131224],[3534.80776392 1691.36669388],[2992.65637138 1638.87056521],[2998.30577095 1394.72901827]
DJI_20250507092605_0181_D:[2537.32090828 3018.52249724],[2544.92045291 2765.27740078],[3117.27031103 2821.21898434],[3107.53279526 3073.8586988 ]
33
DJI_20250507092503_0150_D:[2868.9552306  1875.56887351],[2862.95876413 2118.78911173],[2321.21602113 2068.44282899],[2327.22536896 1825.53399939]
DJI_20250507092501_0149_D:[2892.21453585 1587.30373796],[2886.17393249 1831.75072549],[2340.75774939 1780.71203146],[2347.40433792 1536.60362792]
DJI_20250507092505_0151_D:[2829.08546341 2163.18105054],[2822.51945405 2406.21451361],[2280.82839523 2354.65785562],[2286.81498254 2111.88754807]
DJI_20250507092459_0148_D:[2921.7497643  1284.43358306],[2916.46899273 1531.05897401],[2363.56050264 1480.59416481],[2370.12855589 1234.4080583 ]
DJI_20250507092507_0152_D:[2812.91877905 2445.69238178],[2806.09352934 2687.58762131],[2264.94885339 2635.58680545],[2270.56806474 2393.83138216]
DJI_20250507092221_0069_D:[1407.42674714 2143.01029304],[1408.91853314 1864.44829895],[2025.03036349 1909.24570639],[2023.70348108 2190.38957098]
DJI_20250507092219_0068_D:[1419.48635636 1766.3901244 ],[1423.23975229 1487.69812839],[2040.37679757 1529.38053455],[2037.84548767 1810.89306855]
DJI_20250507092457_0147_D:[2917.45018443  993.79719854],[2913.09565547 1240.02175573],[2357.07382784 1191.1659786 ],[2363.3773959   945.56137923]
DJI_20250507092601_0179_D:[3317.76796113 2213.6216926 ],[3326.08787088 1956.22628674],[3890.41541959 2013.51816117],[3882.01212441 2269.05883368]
DJI_20250507092223_0070_D:[1385.408181   2511.35418574],[1384.91363971 2234.14677279],[1999.84633097 2282.61594509],[1999.44632189 2562.23034745]
34
DJI_20250507092601_0179_D:[2605.42243563 1951.68024017],[2613.84673217 1694.97401563],[3185.5974011  1752.56945674],[3177.73287922 2009.29667238]
DJI_20250507092603_0180_D:[2557.87907536 2293.49747856],[2566.47453902 2036.23785433],[3139.825799   2094.41955555],[3130.94624345 2351.63523041]
DJI_20250507092559_0178_D:[2645.75316499 1634.3392536 ],[2654.13439003 1380.03205738],[3221.50204454 1438.09173844],[3214.31654096 1692.25238719]
DJI_20250507092605_0181_D:[2510.75460286 2614.42943323],[2518.43911875 2359.125021  ],[3089.93031589 2415.55259046],[3081.09836869 2670.60577108]
DJI_20250507092501_0149_D:[3564.12319811 1832.51653253],[3558.00749357 2075.33238116],[3018.81041027 2024.91813874],[3024.98931163 1780.8757744 ]
DJI_20250507092503_0150_D:[3537.30031585 2116.48788711],[3530.5269186  2357.49304107],[2994.78760695 2309.41921649],[3001.04070837 2067.1880657 ]
DJI_20250507092459_0148_D:[3602.75116169 1533.32483601],[3598.17222677 1779.02311274],[3051.51140696 1727.30446462],[3056.80537741 1480.41245709]
DJI_20250507092557_0177_D:[2609.13194346 1318.98044934],[2616.48552759 1068.38363735],[3179.48944967 1123.48345028],[3174.04013834 1374.1946917 ]
DJI_20250507092505_0151_D:[3497.80492229 2402.93309126],[3489.7589342  2643.08921511],[2954.01865079 2595.53616146],[2960.95097057 2354.09485845]
DJI_20250507092607_0182_D:[2494.19044996 2906.8398905 ],[2500.78744805 2655.31481204],[3067.54929382 2709.04975035],[3059.15027629 2960.09696747]
35
DJI_20250507092501_0149_D:[2842.51926528 1959.79612226],[2836.1099445  2204.60194278],[2290.83617819 2153.19859488],[2297.0635677  1908.63594513]
DJI_20250507092459_0148_D:[2872.630909   1660.62842989],[2866.8549639 1908.9823109],[2313.07390409 1858.10752738],[2319.3142489  1610.09755727]
DJI_20250507092503_0150_D:[2819.62220091 2245.9503264 ],[2813.35838564 2488.30349916],[2272.68056475 2437.53708589],[2278.18523779 2195.3990881 ]
DJI_20250507092457_0147_D:[2869.48269113 1369.79162746],[2864.56619866 1619.08888408],[2306.70901068 1569.65460346],[2312.73124613 1320.88427344]
DJI_20250507092505_0151_D:[2778.90927527 2532.91000081],[2772.19992989 2773.83313318],[2232.51877375 2721.83936375],[2237.87410136 2481.07722007]
DJI_20250507092455_0146_D:[2877.33378361 1089.54023537],[2873.88701839 1336.20759887],[2318.4332819  1290.01500581],[2323.58226014 1043.97857393]
DJI_20250507092223_0070_D:[1430.03786216 2087.93796438],[1431.95915943 1809.5331292 ],[2048.0243482  1854.11464718],[2046.41897183 2135.03683151]
DJI_20250507092221_0069_D:[1455.14083265 1717.72267855],[1458.90668218 1440.13695806],[2074.52672414 1480.94737993],[2072.13159571 1761.22928425]
DJI_20250507092225_0071_D:[1415.92829687 2443.24971625],[1415.5444497  2168.35501017],[2025.20631893 2214.77680197],[2024.94147345 2491.96398557]
DJI_20250507092603_0180_D:[3326.84841537 2164.83307604],[3335.28120085 1906.9983457 ],[3900.58027103 1965.1686783 ],[3892.14356521 2221.19537425]
36
DJI_20250507092945_0291_D:[1969.43017267 2091.50501496],[1976.7866989  1833.63769995],[2551.09222242 1888.16626274],[2544.01580205 2146.85976249]
DJI_20250507092943_0290_D:[1995.61970041 1794.25532686],[2004.25477265 1537.6345075 ],[2576.46426221 1592.09955968],[2568.74192673 1849.83784316]
DJI_20250507092947_0292_D:[1934.20009999 2392.58500667],[1940.50278333 2136.52097191],[2511.7698773  2191.55405882],[2504.93055028 2448.20218335]
DJI_20250507093225_0371_D:[2410.40463305 1910.73508769],[2402.91763727 2146.84563442],[1880.5228359  2093.59928567],[1887.97077854 1858.62832697]
DJI_20250507093223_0370_D:[2401.93134557 1640.64841963],[2394.28831296 1879.30611641],[1867.24895285 1827.26703704],[1875.34373138 1590.29498368]
DJI_20250507093227_0372_D:[2411.98846382 2198.44182544],[2404.76539069 2431.08693998],[1889.12179753 2377.19324125],[1895.77372107 2145.50178932]
DJI_20250507092941_0289_D:[2006.4003295 1490.7001669],[2015.37642932 1236.35162365],[2585.03913504 1288.26627534],[2577.70775995 1543.91726888]
DJI_20250507092949_0293_D:[1919.07714838 2706.07699049],[1924.57166297 2452.17425997],[2493.74054604 2508.15136005],[2486.99461166 2762.51252398]
DJI_20250507093221_0369_D:[2433.7825663  1349.96465455],[2425.25056048 1591.32002009],[1889.05527374 1538.84038155],[1898.77190296 1299.08309546]
DJI_20250507093229_0373_D:[2402.17010719 2486.89128453],[2396.07441906 2716.29220483],[1885.52596596 2663.40145385],[1890.51189261 2434.85944524]
37
DJI_20250507093225_0371_D:[2894.99003733 1759.25118736],[2887.4838847  1998.24331157],[2355.11291539 1945.01914926],[2362.87879955 1706.30787124]
DJI_20250507093227_0372_D:[2890.75678162 2052.39584568],[2883.00593248 2288.32453322],[2357.44612198 2235.4629858 ],[2364.89221643 1999.65523239]
DJI_20250507093223_0370_D:[2891.0410775  1483.62380724],[2883.84677153 1725.09414622],[2345.24752757 1672.26705329],[2353.22743457 1431.61340444]
DJI_20250507093229_0373_D:[2876.06768866 2344.48020401],[2868.93292952 2577.63452123],[2348.0933123  2526.82832386],[2354.35307996 2293.71617745]
DJI_20250507093221_0369_D:[2930.68801541 1189.41477118],[2923.33243748 1432.68838531],[2377.02009951 1378.13265988],[2385.94103372 1135.53659416]
DJI_20250507093231_0374_D:[2841.41355489 2606.82742981],[2833.98278486 2838.68584875],[2313.61332429 2787.37253641],[2319.65169427 2555.47347643]
DJI_20250507092943_0290_D:[1464.94191697 1957.73979451],[1473.64469963 1699.34790971],[2044.29057098 1753.79684016],[2036.12967788 2014.52546906]
DJI_20250507092945_0291_D:[1438.47816221 2257.94914231],[1445.22255273 1998.79314466],[2018.04476681 2054.65638946],[2011.17815643 2315.86614296]
DJI_20250507093325_0401_D:[3198.16136486 2142.43305612],[3206.35462371 1895.94632556],[3746.73981376 1952.25439294],[3738.71891802 2196.88501853]
DJI_20250507093323_0400_D:[3233.11731865 1804.09083591],[3240.03181343 1557.90077032],[3781.22801232 1615.43379551],[3775.19058075 1860.06922109]
38
DJI_20250507092943_0290_D:[2011.70447163 2195.30374596],[2019.34675974 1936.94654374],[2594.94286105 1993.28588273],[2587.26996079 2252.48056846]
DJI_20250507092941_0289_D:[2021.87188691 1888.98341258],[2029.87492332 1631.37808147],[2604.05941305 1685.52626899],[2596.77440913 1944.16419218]
DJI_20250507092945_0291_D:[1987.64091873 2493.68861011],[1993.95060767 2235.49435357],[2570.63347399 2291.36202525],[2563.64203905 2550.09828733]
DJI_20250507093227_0372_D:[2395.18860118 1835.29885789],[2387.64353825 2069.26148479],[1870.13152652 2016.72975991],[1877.80048612 1783.94986369]
DJI_20250507092939_0288_D:[2037.32671338 1587.78189971],[2045.79614781 1334.36374851],[2612.55383947 1386.44231567],[2605.47985832 1640.97083383]
DJI_20250507093225_0371_D:[2393.68213323 1542.8327964 ],[2385.85647895 1779.11773746],[1862.412961  1727.6000542],[1870.92440896 1492.68913395]
DJI_20250507093229_0373_D:[2383.80916245 2128.26345232],[2377.39614125 2360.1157245 ],[1864.17146686 2308.36970828],[1870.15120702 2077.60138868]
DJI_20250507092947_0292_D:[1953.85364579 2790.95878629],[1959.05948522 2536.23989372],[2531.39495588 2592.15627224],[2524.69376095 2847.18152726]
DJI_20250507093231_0374_D:[2349.26972762 2388.31789064],[2343.01605285 2619.47348801],[1830.07691362 2566.09059931],[1835.39768771 2335.94771412]
DJI_20250507092937_0287_D:[2055.34002787 1281.80604207],[2065.29167885 1032.42731521],[2626.50611672 1084.66245184],[2618.62373078 1335.32195766]
39
DJI_20250507093229_0373_D:[3186.21871292 1998.22660725],[3179.39671746 2228.55188171],[2666.18885983 2179.28116181],[2672.81031044 1948.57877948]
DJI_20250507093227_0372_D:[3203.17613484 1709.6847909 ],[3196.11999728 1941.52809761],[2679.33504764 1889.63995336],[2686.75085467 1657.48436386]
DJI_20250507093231_0374_D:[3153.22126072 2256.90669238],[3145.75637477 2487.02872222],[2632.08973068 2437.7884943 ],[2638.86377487 2207.2112475 ]
DJI_20250507093323_0400_D:[2892.2734931  2164.72839684],[2900.10578885 1921.26815298],[3439.09807075 1975.71424551],[3431.36649904 2218.18967421]
DJI_20250507093225_0371_D:[3210.00930658 1418.62223331],[3203.55795862 1652.3027226 ],[2680.93850943 1599.53893647],[2688.31138264 1365.68029132]
DJI_20250507093321_0399_D:[2912.15488831 1869.80350619],[2920.69590965 1626.17151573],[3460.06853337 1684.15942558],[3452.18743878 1926.85454905]
DJI_20250507093325_0401_D:[2856.764785   2496.33692941],[2865.35229842 2253.90397504],[3402.81510637 2307.73745435],[3393.66284804 2548.88840557]
DJI_20250507093233_0375_D:[3148.18259648 2526.52839951],[3140.06736276 2755.72863289],[2626.33511645 2706.68343418],[2633.22851248 2476.92063661]
DJI_20250507093223_0370_D:[3210.19730418 1144.79967256],[3204.39350753 1380.0064913 ],[2675.45151891 1327.58885401],[2682.7111488  1092.68751747]
DJI_20250507093319_0398_D:[2921.74234449 1520.03911533],[2929.23842379 1278.52273691],[3466.51414808 1336.19960196],[3460.37748251 1576.96995562]
40
DJI_20250507093229_0373_D:[2804.64145131 1770.91349293],[2798.04730999 2003.52879083],[2280.16754858 1953.40394303],[2286.9995025  1721.25437504]
DJI_20250507093231_0374_D:[2770.90126083 2031.42817802],[2763.99705473 2264.44587754],[2245.38234156 2213.44132632],[2252.02637066 1980.81730519]
DJI_20250507093227_0372_D:[2820.05419097 1477.25193473],[2812.82486779 1710.73044891],[2291.65069224 1658.9691407 ],[2299.69597116 1426.03971631]
DJI_20250507093233_0375_D:[2765.54387365 2303.64492135],[2758.37236346 2536.3878705 ],[2239.23315607 2484.59106632],[2245.60668427 2252.14202996]
DJI_20250507093225_0371_D:[2822.74769351 1182.21089985],[2815.72150244 1416.80089956],[2289.25426782 1365.29248689],[2297.68647552 1131.41733784]
DJI_20250507092939_0288_D:[1579.84881702 1980.18768652],[1587.71343921 1726.34565841],[2149.80719443 1779.06681906],[2142.43459924 2034.86264632]
DJI_20250507093235_0376_D:[2774.17464939 2578.44415284],[2767.23450196 2809.17494858],[2250.1844052  2758.04331552],[2255.85492313 2527.48033842]
DJI_20250507092941_0289_D:[1561.13917562 2283.99466072],[1567.88827391 2027.53012444],[2135.980478   2083.43528733],[2129.01094305 2341.80091017]
DJI_20250507092937_0287_D:[1598.21897573 1669.91300265],[1608.19636003 1418.64171895],[2165.82475336 1470.52355011],[2157.03002264 1723.90177648]
DJI_20250507092943_0290_D:[1551.98962177 2586.99906348],[1557.71306802 2331.35698778],[2126.13569744 2390.44101611],[2119.43095884 2647.79284751]
41
DJI_20250507093221_0369_D:[2818.70862623 1924.34867686],[2810.44254222 2170.63620827],[2262.5714241  2114.59949707],[2270.83024757 1868.8174289 ]
DJI_20250507093219_0368_D:[2807.83961479 1664.95823706],[2801.83529819 1911.51576746],[2252.90427243 1860.63522578],[2259.53076358 1614.98955002]
DJI_20250507093223_0370_D:[2781.11428255 2210.58399617],[2773.32886539 2452.1646758 ],[2235.62015179 2397.22283872],[2242.69071129 2156.28592538]
DJI_20250507093217_0367_D:[2846.07876667 1373.12856736],[2840.04635069 1619.73368811],[2288.73110663 1568.95014956],[2296.03624098 1323.37850834]
DJI_20250507093225_0371_D:[2785.51648008 2476.79913698],[2777.54760514 2713.83727942],[2247.23710344 2659.90580853],[2254.01706275 2422.97418115]
DJI_20250507092949_0293_D:[1501.09938502 2104.32975694],[1508.48908483 1846.5601645 ],[2078.9335133  1901.10585945],[2071.71912991 2160.72181131]
DJI_20250507093215_0366_D:[2896.51176003 1091.81879316],[2891.00865911 1336.2705928 ],[2340.66672107 1286.59108299],[2348.04191172 1043.19159592]
DJI_20250507092947_0292_D:[1517.24560174 1785.1801252 ],[1525.95612897 1527.52055178],[2096.92934395 1579.48794055],[2089.14612252 1839.13453548]
DJI_20250507092951_0294_D:[1482.56945108 2408.38470957],[1488.15314658 2151.36981911],[2058.08739001 2207.41183938],[2051.91522642 2466.10926958]
DJI_20250507092945_0291_D:[1553.67614666 1479.01013714],[1563.99181063 1222.14148428],[2135.91126748 1271.70825634],[2127.38444519 1530.82786476]
42
DJI_20250507092949_0293_D:[2215.42055573 1971.4831349 ],[2222.73916266 1718.93687273],[2785.61948346 1772.63510656],[2778.75540058 2025.38138938]
DJI_20250507092951_0294_D:[2195.09258888 2269.29958231],[2201.62126343 2016.90574377],[2764.47192279 2070.1747253 ],[2757.69752567 2322.61437678]
DJI_20250507092947_0292_D:[2232.88732104 1658.14518448],[2240.54503085 1406.26053448],[2803.38533707 1459.45313272],[2796.86702899 1711.66073888]
DJI_20250507092953_0295_D:[2187.70575388 2565.7085555 ],[2193.69339985 2314.1979256 ],[2756.46258885 2367.54363748],[2749.55800787 2618.97328307]
DJI_20250507092945_0291_D:[2271.41973782 1358.74615259],[2279.54522852 1108.06323786],[2843.11101918 1160.8591527 ],[2836.92230715 1412.09369778]
DJI_20250507092955_0296_D:[2169.90145333 2869.28826274],[2175.04697937 2619.75836928],[2737.20682994 2672.61087995],[2730.40156368 2921.90673498]
DJI_20250507093221_0369_D:[2157.77595031 2045.07491945],[2150.05186041 2284.06547419],[1625.02164019 2227.94989358],[1632.49840942 1990.68874829]
DJI_20250507093219_0368_D:[2148.92584141 1799.26627774],[2142.6808112  2038.63660539],[1617.79152787 1988.68677665],[1624.37146991 1751.42221295]
DJI_20250507093217_0367_D:[2183.67532197 1515.3683136 ],[2176.6250465  1755.29725507],[1649.0089611  1706.91897352],[1656.97984573 1469.22776801]
DJI_20250507092943_0290_D:[2299.52575979 1071.27727226],[2308.45923399  824.17772979],[2868.52863522  876.86392646],[2862.12597809 1124.79443865]
43
DJI_20250507093217_0367_D:[2772.55086243 1752.80136974],[2766.1723287  1998.88155144],[2218.98230155 1947.17944224],[2225.80631345 1702.07281267]
DJI_20250507093219_0368_D:[2734.95793736 2041.81984783],[2728.7655882  2286.53482473],[2184.90374984 2234.78238525],[2190.91776293 1990.91333068]
DJI_20250507093215_0366_D:[2823.45019127 1470.87219352],[2817.42663176 1716.09337106],[2270.21362158 1665.58784981],[2277.26805047 1421.3675007 ]
DJI_20250507093221_0369_D:[2742.19253176 2297.71774707],[2733.84535856 2540.97133813],[2191.82140624 2484.59614007],[2199.37830853 2241.77812581]
DJI_20250507093213_0365_D:[2861.78360994 1156.30049212],[2855.77694201 1400.51536661],[2307.54426487 1350.21098561],[2315.14136386 1107.0495818 ]
DJI_20250507092951_0294_D:[1565.46354368 2014.67487198],[1572.85262364 1759.15652393],[2139.08171837 1812.071105  ],[2132.05211948 2069.27588342]
DJI_20250507092953_0295_D:[1557.68888089 2315.56663499],[1563.74177622 2060.0986693 ],[2130.46320656 2114.9898404 ],[2124.05889613 2372.01468187]
DJI_20250507092949_0293_D:[1586.63198823 1712.25556978],[1595.63146337 1457.52682007],[2161.21755812 1508.93234615],[2153.31777304 1765.51120735]
DJI_20250507093223_0370_D:[2707.17457929 2574.11095883],[2699.46870993 2811.40241649],[2168.59031632 2755.78553493],[2174.85738733 2519.05762022]
DJI_20250507092955_0296_D:[1539.82772351 2625.28143349],[1544.16005979 2370.93846872],[2110.88620625 2427.32654706],[2105.41546065 2683.07414169]
44
DJI_20250507092953_0295_D:[2221.89999101 2192.18468821],[2228.5842819  1938.66723399],[2793.70416281 1992.0790365 ],[2786.95274449 2245.65027397]
DJI_20250507092951_0294_D:[2230.11646092 1893.70271268],[2237.27585613 1640.65604293],[2801.47226669 1693.86871754],[2794.91952092 1947.09872419]
DJI_20250507092955_0296_D:[2202.7856492  2499.47724352],[2208.71490609 2246.4808197 ],[2774.3282385  2299.55815773],[2767.5867998  2552.45008951]
DJI_20250507092949_0293_D:[2251.66120874 1594.92271484],[2259.5226412  1343.12684542],[2822.69646284 1396.60525092],[2816.14650322 1648.74262354]
DJI_20250507092957_0297_D:[2188.92093753 2802.79743523],[2193.91125236 2551.7798193 ],[2758.60073517 2604.06460413],[2752.05899062 2854.85421062]
DJI_20250507092947_0292_D:[2269.6823235  1281.78208182],[2277.80370128 1032.06688181],[2839.89380856 1084.92134435],[2833.77723905 1335.106114  ]
DJI_20250507093215_0366_D:[2196.80500601 1595.02224332],[2189.98624788 1836.2312093 ],[1659.78560119 1787.10940837],[1667.35559775 1548.08080352]
DJI_20250507093217_0367_D:[2146.30112079 1872.08656103],[2139.82705371 2113.59926358],[1610.61743521 2061.90212039],[1617.29037487 1822.54097936]
DJI_20250507093219_0368_D:[2112.83404208 2155.765031  ],[2107.26282138 2395.52049978],[1581.66930771 2342.37817681],[1586.85653854 2104.6343385 ]
DJI_20250507093213_0365_D:[2233.55219905 1284.3171503 ],[2226.09494695 1525.07463884],[1694.1831748  1477.75942327],[1702.9189573  1239.25078022]
45
DJI_20250507093215_0366_D:[2697.59406579 1850.12350857],[2691.20656193 2097.09941486],[2142.81194585 2045.03706521],[2149.42551222 1799.13942466]
DJI_20250507093213_0365_D:[2735.79472768 1533.35680695],[2729.22267008 1780.60604748],[2178.84702626 1728.9799143 ],[2186.19948575 1482.86993374]
DJI_20250507093217_0367_D:[2646.0367372  2133.74089075],[2639.51893519 2380.29772045],[2092.19753641 2326.805823  ],[2098.35103386 2081.28938518]
DJI_20250507092953_0295_D:[1683.86979319 1920.27613249],[1691.60479646 1663.62050543],[2261.65798271 1716.35417266],[2254.51318188 1974.50280044]
DJI_20250507092955_0296_D:[1663.34043678 2232.75015885],[1669.58616712 1975.59479327],[2240.88234761 2029.73302931],[2234.44434787 2288.22183456]
DJI_20250507093211_0364_D:[2754.70426967 1241.37790575],[2748.13862682 1488.22694963],[2196.05120413 1437.48440138],[2204.04205743 1191.97352012]
DJI_20250507093219_0368_D:[2609.4510944  2421.16625922],[2603.3326444  2665.03217589],[2060.34990173 2611.41004469],[2065.48797494 2368.44636021]
DJI_20250507092951_0294_D:[1693.60814558 1618.25887009],[1702.48981911 1363.05843351],[2270.92012141 1413.93028943],[2263.34050614 1670.75758449]
DJI_20250507092957_0297_D:[1649.42116393 2542.85442711],[1653.98331013 2286.76869279],[2224.9362146 2341.8006591],[2219.40151903 2599.09002548]
DJI_20250507093221_0369_D:[2613.96892967 2674.32343702],[2605.84802371 2915.53449612],[2065.39569965 2857.66467077],[2071.92082096 2616.93568521]
46
DJI_20250507092611_0184_D:[2539.8651426  1972.48474441],[2546.64939392 1717.14893204],[3114.47240849 1771.27300099],[3108.08882838 2026.01077421]
DJI_20250507092613_0185_D:[2533.80956413 2240.06306422],[2541.08422188 1984.98068933],[3108.25500775 2039.68316995],[3100.80639989 2293.97762054]
DJI_20250507092609_0183_D:[2586.8643923  1648.24245438],[2594.50833463 1394.50111963],[3160.67835031 1450.60863538],[3154.2319711  1704.15633414]
DJI_20250507092615_0186_D:[2521.15629064 2543.95786899],[2528.19579526 2291.11180904],[3092.70382332 2344.88350479],[3084.79635508 2597.09947329]
DJI_20250507092451_0144_D:[3565.57378058 1873.30320393],[3560.73396199 2120.01583006],[3012.62064654 2072.60882132],[3017.38302622 1824.64302236]
DJI_20250507092453_0145_D:[3543.19941129 2156.75099286],[3536.97544225 2404.10143183],[2986.84992233 2357.36234774],[2992.36508635 2108.60623939]
DJI_20250507092449_0143_D:[3596.25625886 1576.57218654],[3592.53249018 1824.66226629],[3040.54872131 1775.44842056],[3044.83297982 1526.20658771]
DJI_20250507092607_0182_D:[2612.29456707 1352.52443318],[2619.30371723 1101.18906952],[3183.67704355 1155.29499561],[3178.46573393 1406.82313799]
DJI_20250507092617_0187_D:[2495.52527516 2835.17154151],[2501.84901885 2584.37118501],[3065.16502936 2636.29942405],[3057.30386245 2886.33505533]
DJI_20250507092455_0146_D:[3513.06531401 2472.77354276],[3506.66708025 2718.25370748],[2958.06720616 2675.41324081],[2963.04605807 2428.42157096]
47
DJI_20250507092453_0145_D:[3009.84663454 1927.61076185],[3004.57215204 2177.36187389],[2447.6894027  2128.11699463],[2452.79415833 1878.27399191]
DJI_20250507092451_0144_D:[3034.26085185 1644.05583908],[3029.78145227 1892.39345622],[2475.47369746 1843.99192827],[2480.41167855 1595.6953364 ]
DJI_20250507092455_0146_D:[2980.0778082  2248.83742806],[2975.29427605 2497.50821079],[2419.57405897 2450.55172327],[2423.47926315 2201.68041631]
DJI_20250507092449_0143_D:[3061.45581757 1344.53209365],[3057.50578967 1593.50707141],[2499.67611276 1544.83988243],[2504.73565554 1296.03563531]
DJI_20250507092457_0147_D:[2965.63694334 2534.53822914],[2959.34816063 2781.98368817],[2404.03433054 2732.65105076],[2408.83293642 2484.87476611]
DJI_20250507092611_0184_D:[3091.32236524 2211.61816471],[3098.09085476 1956.13209774],[3659.54937392 2009.41540704],[3652.60285963 2262.88310229]
DJI_20250507092609_0183_D:[3137.37728973 1888.64287251],[3144.27342113 1633.58339766],[3705.58154623 1690.89850692],[3699.31487143 1944.3395374 ]
DJI_20250507092447_0142_D:[3073.16384032 1030.26811503],[3069.93499678 1280.59480102],[2505.02089881 1231.7819093 ],[2510.10528088  981.77480082]
DJI_20250507092613_0185_D:[3083.31166308 2479.42273513],[3091.12127    2224.96595447],[3651.15656663 2277.27534367],[3642.59567762 2529.52760363]
DJI_20250507092607_0182_D:[3162.44225275 1589.66078118],[3168.13938624 1336.01323082],[3729.20839085 1393.28161431],[3724.75883253 1645.70290017]
48
DJI_20250507092609_0183_D:[2519.68828843 2042.10304402],[2527.34691255 1786.5067373 ],[3096.21355139 1842.27767718],[3088.85194612 2097.59291383]
DJI_20250507092611_0184_D:[2474.16106758 2367.38560772],[2480.77006617 2111.82319239],[3050.13664996 2165.14622192],[3043.01941538 2420.02443658]
DJI_20250507092607_0182_D:[2546.09511208 1744.09328706],[2553.2389808  1489.61612834],[3121.12945775 1543.83024133],[3114.88678543 1798.42854294]
DJI_20250507092613_0185_D:[2467.56962969 2633.24900841],[2474.57979622 2379.17854495],[3042.42585735 2432.92022926],[3034.33122607 2686.11764375]
DJI_20250507092605_0181_D:[2567.44717558 1441.64417579],[2575.48428287 1187.61335522],[3145.0009104  1243.54489523],[3138.56282855 1497.9203925 ]
DJI_20250507092453_0145_D:[3605.22029498 1773.47562646],[3600.42426609 2021.54410076],[3049.56996308 1972.66315223],[3054.50425576 1723.2556314 ]
DJI_20250507092455_0146_D:[3575.43511549 2090.52199601],[3570.330007   2338.19708564],[3019.8756531  2293.21198135],[3024.40503567 2044.09187745]
DJI_20250507092451_0144_D:[3625.0452426  1492.44249121],[3621.73764337 1738.55701326],[3073.87497606 1689.10164717],[3077.94422146 1441.79646599]
DJI_20250507092457_0147_D:[3562.96600115 2377.47967441],[3555.6848881  2624.48393145],[3005.20528374 2578.59591384],[3011.3045541  2330.00843013]
DJI_20250507092615_0186_D:[2455.76256929 2932.17015265],[2462.42357735 2681.8112869 ],[3026.38582598 2735.00525675],[3017.95171666 2984.64272802]
49
DJI_20250507092455_0146_D:[2989.68492872 1850.75877008],[2985.45253013 2100.57620038],[2428.30976352 2053.33713209],[2432.54317721 1803.50970191]
DJI_20250507092457_0147_D:[2977.69854191 2136.83391498],[2971.9163319  2386.76092003],[2414.20520844 2336.94574526],[2419.38114259 2086.8866691 ]
DJI_20250507092453_0145_D:[3020.16249679 1529.64417077],[3015.50932894 1779.01043625],[2458.335763  1729.6481188],[2463.70072087 1480.3814509 ]
DJI_20250507092459_0148_D:[2977.06054732 2422.15701975],[2970.33232581 2668.56071373],[2418.63235463 2618.16984966],[2424.15525296 2371.45742628]
DJI_20250507092451_0144_D:[3043.23217823 1249.94442969],[3039.42680142 1496.55386821],[2485.83068609 1448.23913311],[2490.96340484 1201.85464093]
DJI_20250507092607_0182_D:[3149.82266517 1996.61015693],[3156.44967506 1741.04863755],[3719.56229013 1796.32547335],[3713.23100371 2050.4476181 ]
DJI_20250507092609_0183_D:[3122.93919915 2296.20080283],[3130.69991652 2040.6105089 ],[3693.07207053 2095.30896074],[3684.99426999 2349.05387711]
DJI_20250507092605_0181_D:[3173.54415716 1696.29225645],[3180.35615668 1440.21688879],[3745.90683231 1499.15923221],[3740.09873388 1753.99433904]
DJI_20250507092501_0149_D:[2943.07188516 2707.82514411],[2935.7389523  2948.18695298],[2394.30358568 2897.83405683],[2399.85951934 2657.08252353]
DJI_20250507092449_0143_D:[3069.50564667  951.12778619],[3066.30733155 1196.92910059],[2510.23214655 1148.54816295],[2515.43063163  903.10006093]
50
DJI_20250507092607_0182_D:[2524.68023263 2123.04723127],[2531.72499841 1867.50465071],[3101.05814797 1921.87290454],[3094.0407242  2177.36058442]
DJI_20250507092605_0181_D:[2544.56769528 1821.49620262],[2552.5819875  1565.00272592],[3124.57191479 1621.39195643],[3117.2706391  1878.05789272]
DJI_20250507092609_0183_D:[2497.59506945 2421.24665312],[2505.07834448 2165.86203221],[3074.51075248 2221.21886633],[3066.44625474 2476.13891652]
DJI_20250507092603_0180_D:[2594.31878763 1497.70787546],[2602.99090524 1242.74337984],[3174.14623671 1300.2987382 ],[3167.05967831 1555.63078361]
DJI_20250507092457_0147_D:[3582.95480435 2008.93342085],[3577.04611957 2257.54980062],[3024.91961668 2209.36778128],[3030.47069301 1959.33200472]
DJI_20250507092455_0146_D:[3592.12851177 1722.3771863 ],[3588.43565174 1970.4222554 ],[3037.23302731 1923.31714646],[3041.16834825 1673.98276408]
DJI_20250507092611_0184_D:[2453.77402179 2744.69938323],[2460.09150532 2490.94937204],[3028.84218559 2543.29202747],[3021.13399249 2796.18256211]
DJI_20250507092459_0148_D:[3577.34856559 2295.31165516],[3569.82468855 2540.84965409],[3023.51757802 2493.50523773],[3030.08085392 2246.40370168]
DJI_20250507092453_0145_D:[3621.35507246 1406.44600954],[3618.05346491 1653.46080112],[3067.51792298 1602.58412593],[3071.77946337 1354.38628554]
DJI_20250507092613_0185_D:[2446.6845048 3006.9683974],[2453.3556394  2755.90758237],[3019.73231404 2808.41456364],[3011.09265044 3058.42732325]
51
DJI_20250507092447_0142_D:[3018.70501212 1784.26853507],[3014.07470739 2037.59237102],[2449.13489435 1988.72693107],[2453.88089437 1735.4441509 ]
DJI_20250507092449_0143_D:[3005.64830901 2090.47993723],[3000.4683427  2339.61279309],[2444.61829377 2291.20768361],[2449.25347888 2041.97136699]
DJI_20250507092445_0141_D:[3065.76590578 1458.38276107],[3060.70012005 1717.28665373],[2481.89907484 1665.17446234],[2487.81398849 1406.38449863]
DJI_20250507092451_0144_D:[2977.45080777 2384.4896817 ],[2971.92624059 2630.42300356],[2421.4350561  2582.55920913],[2425.80786807 2336.39333852]
DJI_20250507092443_0140_D:[3083.76333297 1140.07092411],[3078.98086784 1400.92802434],[2492.14331902 1347.15258879],[2498.65209265 1086.48815687]
DJI_20250507092615_0186_D:[3130.2466686  2025.54257457],[3137.03802064 1772.66246931],[3693.14043845 1827.80739487],[3686.63774191 2078.98735075]
DJI_20250507092617_0187_D:[3102.72120102 2317.94241221],[3109.59397441 2065.19196367],[3666.04968247 2117.22796853],[3658.79940036 2368.1416563 ]
DJI_20250507092453_0145_D:[2950.73179404 2668.67820829],[2944.56733459 2913.45606961],[2393.42763421 2865.06181553],[2397.79685426 2619.90923209]
DJI_20250507092613_0185_D:[3145.14553286 1719.51312153],[3151.36433763 1466.69037518],[3707.1768752  1524.64291679],[3701.94213683 1775.60925055]
DJI_20250507092619_0188_D:[3084.67032752 2634.92517057],[3092.53955387 2383.45954737],[3648.42007885 2434.29512218],[3639.49919936 2683.82716912]
52
DJI_20250507092617_0187_D:[2511.46437727 2084.9496174 ],[2518.19745845 1831.06465965],[3083.28580113 1884.52314855],[3076.738436   2138.05132089]
DJI_20250507092615_0186_D:[2539.12409785 1789.98966671],[2546.44652657 1536.75296874],[3110.74402432 1591.64481814],[3104.27373221 1844.66188559]
DJI_20250507092619_0188_D:[2495.09000379 2403.1631326 ],[2502.13511745 2149.82108981],[3066.90509265 2203.86330264],[3059.37183199 2456.76073425]
DJI_20250507092621_0189_D:[2463.22505372 2686.2241581 ],[2469.83948413 2433.96100787],[3034.5433504  2487.10177128],[3026.82461314 2738.80451793]
DJI_20250507092613_0185_D:[2552.43916161 1481.86232324],[2559.90922827 1229.19460464],[3124.78456763 1285.46315995],[3118.8763914 1537.7648675]
DJI_20250507092447_0142_D:[3609.21828138 2013.4861675 ],[3603.82384399 2265.7924489 ],[3043.44802051 2218.59573453],[3048.39015143 1964.8374493 ]
DJI_20250507092445_0141_D:[3669.72245948 1695.94031672],[3664.57883145 1954.50744499],[3090.65311547 1902.31979022],[3096.04955799 1642.25690058]
DJI_20250507092449_0143_D:[3586.3766277  2315.42433841],[3579.77594946 2562.80662313],[3028.88653785 2517.72807505],[3034.39199767 2268.81189568]
DJI_20250507092443_0140_D:[3695.61418619 1381.79900575],[3691.62649857 1643.13252793],[3109.66715471 1587.39138258],[3114.7665089  1324.56346573]
DJI_20250507092611_0184_D:[2556.98249681 1215.60198802],[2563.91333148  965.06271458],[3127.71941542 1020.17756247],[3122.93070588 1270.54109403]
53
DJI_20250507092445_0141_D:[2942.63950736 1844.11156508],[2936.87133334 2104.32803551],[2356.96891848 2052.08783182],[2362.667586   1792.05649125]
DJI_20250507092443_0140_D:[2959.43840752 1528.23313677],[2953.70604329 1792.12391936],[2364.38809254 1738.44700461],[2370.88728338 1474.82495892]
DJI_20250507092447_0142_D:[2898.99953299 2162.34609964],[2893.927721   2415.48610415],[2329.04873018 2366.28246105],[2333.38273549 2113.24810964]
DJI_20250507092441_0139_D:[2962.82214962 1208.71550673],[2957.72337958 1473.84614745],[2362.38598293 1420.26744434],[2369.09810952 1155.54469838]
DJI_20250507092449_0143_D:[2886.98353738 2462.47181358],[2881.5406022  2710.09418298],[2326.71470134 2661.28400079],[2330.79597814 2413.61491708]
DJI_20250507092619_0188_D:[3209.51676811 2260.83378822],[3216.70069699 2007.97532243],[3771.4896401  2061.34431416],[3764.10489347 2312.21329995]
DJI_20250507092617_0187_D:[3226.12993345 1941.87231039],[3232.13140528 1689.13396317],[3786.43174715 1743.9019871 ],[3780.90185277 1994.74255253]
DJI_20250507092237_0077_D:[1350.14957213 2014.73702976],[1352.5719342 1744.0360593],[1950.13486497 1786.70033642],[1948.26325807 2060.05602574]
DJI_20250507092439_0138_D:[2985.13159235  876.84318538],[2981.12002513 1139.55728168],[2385.35668955 1087.09986015],[2391.90582985  824.91387511]
DJI_20250507092451_0144_D:[2859.37083429 2751.91679874],[2853.76606149 2995.09245197],[2305.22271876 2946.74626071],[2308.87431037 2703.38993662]
54
DJI_20250507092619_0188_D:[2784.39479364 2023.10550849],[2791.40629755 1769.47091197],[3353.91478765 1824.27142166],[3347.27049646 2077.03101783]
DJI_20250507092443_0140_D:[3404.20736705 1774.77712559],[3398.26315    2038.56794818],[2810.85650635 1985.03252716],[2816.93436823 1720.24846286]
DJI_20250507092621_0189_D:[2751.9867945  2307.36526396],[2758.94633509 2053.50349969],[3322.42398263 2106.86842312],[3315.22063797 2359.73729717]
DJI_20250507092445_0141_D:[3380.57519809 2086.01698567],[3374.01034466 2345.26830731],[2796.32102518 2294.48692077],[2802.20814459 2034.21714538]
DJI_20250507092441_0139_D:[3412.49285588 1456.91297542],[3407.79267902 1722.88656268],[2813.79846681 1667.9605493 ],[2819.45899137 1401.09094108]
DJI_20250507092617_0187_D:[2800.24339647 1703.83932716],[2806.55994271 1451.11617672],[3368.2085808  1505.99691154],[3362.93013423 1757.93196861]
DJI_20250507092623_0190_D:[2740.83821596 2606.07609842],[2747.11270296 2352.78573053],[3311.30769724 2403.23135296],[3304.1119476  2655.38102415]
DJI_20250507092447_0142_D:[3326.41453382 2395.79404887],[3320.11669574 2647.26603865],[2757.52482082 2600.69711368],[2762.51159266 2348.2142694 ]
DJI_20250507092615_0186_D:[2828.25266405 1410.72095628],[2834.75699494 1160.02358433],[3394.5300922 1216.8621184],[3389.72983501 1466.9088259 ]
DJI_20250507092439_0138_D:[3435.66404898 1123.12457674],[3432.7197093  1387.70263994],[2837.79444761 1332.31220988],[2842.61720006 1066.9425716 ]
55
DJI_20250507092443_0140_D:[2935.04541993 1963.35093285],[2928.70788633 2227.96489203],[2338.91016679 2174.07452438],[2344.93664076 1909.52226151]
DJI_20250507092441_0139_D:[2939.31108901 1646.10734084],[2933.53838557 1913.79257424],[2336.35641845 1859.82268145],[2342.62928893 1592.33419633]
DJI_20250507092445_0141_D:[2918.42402388 2272.97558831],[2912.14646543 2532.14428121],[2333.10879625 2479.77899183],[2338.28912575 2220.59520928]
DJI_20250507092439_0138_D:[2963.40086254 1310.52153683],[2958.61686306 1577.79441977],[2359.49169891 1524.79915677],[2365.68909031 1257.84305751]
DJI_20250507092447_0142_D:[2876.30658879 2579.43227144],[2870.85445773 2830.06181437],[2307.88952461 2780.81280642],[2311.64937589 2530.10146867]
DJI_20250507092437_0137_D:[2986.23260132 1020.48105219],[2983.22959377 1285.03135593],[2385.79335838 1235.12536224],[2390.98164632  971.0290466 ]
DJI_20250507092621_0189_D:[3204.24388941 2127.30687771],[3210.86033364 1874.00589497],[3766.5313602  1927.96086307],[3760.05269384 2179.3432183 ]
DJI_20250507092241_0079_D:[1368.08229053 2226.14072375],[1369.90610352 1955.60695891],[1967.60100643 2001.69981517],[1965.74034128 2274.72531106]
DJI_20250507092239_0078_D:[1373.38440505 1897.85323696],[1377.06927995 1627.60084518],[1973.98456702 1670.57464943],[1971.1337529  1943.53438618]
DJI_20250507092623_0190_D:[3193.00553324 2424.36485781],[3199.48975176 2170.94996455],[3756.35788157 2220.90560686],[3749.33262146 2472.24366013]
56
DJI_20250507093003_0300_D:[2262.20251759 2163.95632093],[2268.28008156 1904.37113944],[2846.97187272 1957.20782289],[2840.89554934 2216.81810416]
DJI_20250507093001_0299_D:[2262.51701787 1853.69983488],[2269.10012342 1594.82560017],[2846.56375495 1647.55583822],[2840.70167976 1906.62445849]
DJI_20250507093005_0301_D:[2235.36084843 2468.55933834],[2241.12644753 2208.96277501],[2821.25783858 2262.40788843],[2814.74611931 2521.91657415]
DJI_20250507092959_0298_D:[2292.65747715 1530.56555945],[2299.80320477 1273.45630459],[2875.43695278 1326.37969189],[2869.74348055 1583.77786518]
DJI_20250507093007_0302_D:[2223.44845646 2785.00617997],[2228.94133949 2528.22749256],[2806.06381418 2582.10922728],[2799.0642483  2838.64875895]
DJI_20250507092957_0297_D:[2315.47192703 1213.55782832],[2322.92688024  959.70185484],[2895.24066873 1012.23591605],[2889.95815147 1266.50071304]
DJI_20250507093205_0361_D:[2116.62118551 1631.92857546],[2109.98225931 1884.79770294],[1556.27008977 1833.90345581],[1563.54041153 1583.60378554]
DJI_20250507093207_0362_D:[2088.47184271 1925.07644207],[2082.16097879 2177.15166899],[1531.33114802 2122.96025442],[1537.62275192 1873.3664774 ]
DJI_20250507092823_0250_D:[3859.09019782 1752.04182556],[3854.88715077 2000.865258  ],[3305.3771224  1952.43782755],[3309.78205621 1701.6351762 ]
DJI_20250507092825_0251_D:[3853.85549694 2059.03823847],[3848.37239875 2307.20664338],[3300.3532081 2261.9080913],[3305.36037043 2011.6397104 ]
57
DJI_20250507093001_0299_D:[1894.26432808 2026.66465164],[1900.76390636 1768.31347517],[2476.02403904 1820.54522379],[2469.84841197 2079.86867196]
DJI_20250507093003_0300_D:[1894.29412633 2335.77687229],[1899.81906506 2077.39309365],[2475.87476382 2130.66272789],[2469.95289422 2389.85404075]
DJI_20250507092959_0298_D:[1924.06680128 1703.77478544],[1931.63161732 1446.44150579],[2505.8291939  1497.85363381],[2499.32116777 1756.2493358 ]
DJI_20250507093207_0362_D:[2448.81099855 1756.89176697],[2442.27647557 2009.65885575],[1883.85993187 1956.96104904],[1890.73990362 1705.97057636]
DJI_20250507093209_0363_D:[2451.39773179 2051.84480433],[2444.71518389 2302.78028184],[1890.17403587 2247.66608112],[1896.51432741 1998.29126876]
DJI_20250507093205_0361_D:[2478.13680627 1462.5652268 ],[2471.7240273  1715.45991334],[1911.0731775  1665.20767169],[1918.48874256 1414.16314858]
DJI_20250507093005_0301_D:[1867.80612237 2638.29357705],[1872.50484437 2380.63643266],[2449.27914562 2435.46859389],[2443.43162257 2693.82922149]
DJI_20250507092957_0297_D:[1947.78401062 1386.13422345],[1956.14890546 1131.33217921],[2527.6951309  1181.37936629],[2521.11148037 1437.35732577]
DJI_20250507093211_0364_D:[2460.50100134 2357.72277921],[2453.93953642 2605.06692396],[1905.52449653 2548.48708179],[1911.08969441 2302.4933467 ]
DJI_20250507093203_0360_D:[2494.81814854 1184.77765729],[2489.562436   1437.74694327],[1925.3550284  1392.08162152],[1932.33257534 1141.0976577 ]
58
DJI_20250507092959_0298_D:[2375.21143182 1960.54295526],[2381.69954878 1702.37035753],[2956.9029373  1755.65784124],[2950.83799975 2013.66457769]
DJI_20250507093001_0299_D:[2346.19474464 2283.10519928],[2352.16215192 2024.82332118],[2928.04172461 2077.49233068],[2921.77005135 2335.51663421]
DJI_20250507092957_0297_D:[2397.10949605 1641.55096246],[2403.85410882 1384.9832313 ],[2976.91483956 1438.34729384],[2971.31166328 1694.8662746 ]
DJI_20250507093003_0300_D:[2346.65054699 2591.19995457],[2352.20478354 2333.82262257],[2928.10346595 2386.05556989],[2921.5282036  2643.00784785]
DJI_20250507092955_0296_D:[2414.80551066 1332.50958499],[2422.10260874 1078.55914672],[2992.57351155 1132.63425147],[2987.17744164 1386.67696621]
DJI_20250507093005_0301_D:[2320.433993   2892.56504476],[2325.72164035 2636.82017049],[2901.87053975 2689.21145864],[2894.81269485 2944.415887  ]
DJI_20250507092827_0252_D:[3754.43445397 1954.29127715],[3749.74963147 2203.82214616],[3197.41937472 2157.86298178],[3201.86523066 1906.50352672]
DJI_20250507092825_0251_D:[3768.825361   1647.97321268],[3765.32687086 1895.51247304],[3216.88161428 1847.00872758],[3220.8415284  1597.80263122]
DJI_20250507092829_0253_D:[3712.54475627 2263.3134001 ],[3706.29337701 2514.82681748],[3148.24892945 2470.27096319],[3153.58342293 2216.75562017]
DJI_20250507093209_0363_D:[2018.55704562 1802.17412168],[2011.66581111 2051.31633436],[1468.60818454 1998.02038424],[1475.71619733 1751.50642007]
59
DJI_20250507093211_0364_D:[2717.25099757 1973.55555821],[2710.28875829 2223.36008518],[2155.68711168 2169.15523107],[2162.47623825 1920.38333998]
DJI_20250507093209_0363_D:[2710.40096885 1662.45628571],[2703.62891027 1914.46009684],[2143.74513751 1861.39076436],[2151.03140472 1610.61009294]
DJI_20250507093213_0365_D:[2698.50394486 2265.0648365 ],[2691.660438   2512.70001657],[2140.64974812 2458.18217446],[2146.69032996 2211.36279502]
DJI_20250507093207_0362_D:[2708.58419403 1364.80692733],[2702.29479079 1617.20110436],[2139.44308544 1566.24014637],[2146.96028717 1315.26669213]
DJI_20250507092959_0298_D:[1658.4336823  2103.88175821],[1664.86866343 1845.49840412],[2238.53548126 1898.35247552],[2232.2130679  2158.20737423]
DJI_20250507092957_0297_D:[1681.08974993 1784.33613415],[1688.73224175 1526.90647128],[2261.00270157 1577.80568548],[2254.21173056 1836.81527212]
DJI_20250507093001_0299_D:[1630.8929581  2426.37042434],[1635.83893641 2168.5950261 ],[2209.22964284 2222.90406335],[2203.65034916 2482.06370077]
DJI_20250507093215_0366_D:[2660.97078905 2579.54713287],[2654.47867647 2824.50292928],[2107.10028311 2769.70218179],[2112.24238143 2525.4876237 ]
DJI_20250507093205_0361_D:[2737.83953159 1070.70220483],[2732.04120012 1321.7541618 ],[2168.15456644 1272.71039408],[2175.85702775 1023.13920254]
DJI_20250507092955_0296_D:[1699.91438704 1473.04847005],[1709.11019833 1217.62133621],[2279.41505895 1267.26777188],[2271.85056972 1524.41253841]
60
DJI_20250507092957_0297_D:[2275.19712357 2029.67236754],[2281.69316435 1770.0864873 ],[2860.22553277 1823.52899398],[2853.97045173 2083.11482933]
DJI_20250507092959_0298_D:[2253.57016527 2351.18775681],[2259.59917356 2091.50394744],[2839.15278239 2145.01533644],[2832.62364345 2404.58244875]
DJI_20250507092955_0296_D:[2292.22186865 1716.44556702],[2299.48588528 1457.95979529],[2876.58253596 1512.01698206],[2870.34120051 1770.64200818]
DJI_20250507093001_0299_D:[2225.51069495 2674.00638537],[2230.79335266 2415.77529152],[2809.83247836 2468.8511585 ],[2803.30285975 2726.87456052]
DJI_20250507092953_0295_D:[2313.70819597 1403.76231059],[2321.5264665  1147.92417795],[2895.70185113 1202.01538644],[2889.68435892 1458.16579745]
DJI_20250507093211_0364_D:[2142.92729013 1735.51754673],[2135.78759053 1984.24431866],[1591.20781443 1931.36853195],[1598.70493742 1685.04865236]
DJI_20250507093003_0300_D:[2226.97425243 2980.71175681],[2231.66853014 2724.92104541],[2809.63760981 2777.61818393],[2802.95792163 3033.0320501 ]
DJI_20250507093213_0365_D:[2126.71064322 2027.41376909],[2120.32822238 2274.82673241],[1578.40656817 2219.95374375],[1584.51995801 1974.72216388]
DJI_20250507092829_0253_D:[3832.91881492 1882.78768878],[3828.36113569 2136.39175341],[3268.14390526 2088.8081157 ],[3272.65850152 1833.11061348]
DJI_20250507092951_0294_D:[2323.32897293 1103.17059882],[2331.4700182   850.79505291],[2902.47589441  904.44962089],[2896.84351811 1157.2831601 ]