1
DJI_20250408090623_0432_D:[2519.47560141 2047.95056528],[2526.49692163 1749.12939127],[3191.52146381 1809.8668558 ],[3185.48075178 2108.34307773]
DJI_20250408090625_0433_D:[2503.70846252 2409.80462278],[2510.38717449 2110.85911702],[3176.07776466 2170.7717271 ],[3169.23367065 2469.15963614]
DJI_20250408090621_0431_D:[2526.59333663 1707.01322158],[2533.80778005 1409.55198449],[3197.99208979 1470.74666546],[3192.79445127 1768.07281119]
DJI_20250408090355_0358_D:[3473.17287387 1830.31261362],[3467.76754965 2135.5772251 ],[2787.71477798 2078.60723592],[2792.772289   1772.10411673]
DJI_20250408090353_0357_D:[3505.41939124 1479.76434302],[3501.37136978 1783.99508502],[2822.34885337 1725.37423007],[2827.19214236 1420.05195624]
DJI_20250408090357_0359_D:[3463.33046259 2191.60380029],[3456.33264925 2496.02040019],[2776.91640034 2440.28801188],[2782.39437242 2134.40613114]
DJI_20250408090627_0434_D:[2483.22513463 2749.96618106],[2489.82355376 2452.93059036],[3154.16954082 2512.54565937],[3146.30162381 2808.79662542]
DJI_20250408090619_0430_D:[2556.63162751 1355.98737775],[2563.76281781 1062.00499521],[3224.74934964 1123.32295167],[3220.69186353 1417.29812388]
DJI_20250408090351_0356_D:[3542.79232872 1116.029136  ],[3540.11414025 1417.37357691],[2863.29844576 1356.47507055],[2868.01836061 1054.18184792]
DJI_20250408090743_0472_D:[2090.58032311 1731.89052533],[2085.50551113 2036.48844062],[1418.84483554 1978.44877416],[1423.94843074 1677.03522833]
2
DJI_20250408090745_0473_D:[2877.44443723 1897.4494289 ],[2872.03250941 2202.06184013],[2193.40546128 2144.10174543],[2198.25792135 1839.9061347 ]
DJI_20250408090743_0472_D:[2903.4933527  1541.90158914],[2898.43334533 1845.57179508],[2221.0933669  1788.05533725],[2226.68838792 1484.97105648]
DJI_20250408090747_0474_D:[2845.55369063 2264.95681509],[2839.70814975 2568.26871654],[2162.13928801 2509.63032062],[2166.28451528 2206.55523943]
DJI_20250408090741_0471_D:[2925.77939454 1202.74399429],[2921.19577432 1504.6882593 ],[2244.52007706 1447.72861894],[2250.69517908 1146.56641284]
DJI_20250408090623_0432_D:[1729.94722252 2227.87966989],[1737.30419135 1932.22232963],[2394.37232129 1992.30674157],[2387.44213311 2290.0142331 ]
DJI_20250408090621_0431_D:[1735.76363957 1890.70600532],[1744.56113507 1595.44507074],[2401.48728768 1653.2379276 ],[2394.14406348 1950.75656159]
DJI_20250408090619_0430_D:[1766.6353531  1542.35883066],[1776.651976   1249.46681187],[2431.75442071 1304.49710218],[2424.24196124 1599.78196137]
DJI_20250408090625_0433_D:[1716.34681595 2584.93394549],[1721.96477811 2290.24506537],[2378.69250391 2352.42831136],[2372.35985018 2648.98498303]
DJI_20250408090749_0475_D:[2838.38081253 2620.125011  ],[2831.98088075 2919.63338627],[2158.37097214 2860.41779526],[2161.97407531 2560.90534117]
DJI_20250408091008_0544_D:[3194.59045118 1993.00394383],[3201.69200332 1686.34733779],[3874.29037933 1752.56553963],[3868.0809097  2056.69695351]
3
DJI_20250408090357_0359_D:[3207.36196155 1683.38935351],[3202.42417476 1986.77662591],[2525.50089687 1929.26798736],[2530.68301208 1625.70689514]
DJI_20250408090359_0360_D:[3206.20037711 2047.29256401],[3200.03854623 2351.28777216],[2521.70446456 2293.59988887],[2526.94129679 1989.16836374]
DJI_20250408090621_0431_D:[2769.12796288 2205.9953857 ],[2775.87425357 1909.02199779],[3433.95130611 1969.27015284],[3427.58105687 2264.95118797]
DJI_20250408090355_0358_D:[3215.4466729  1326.96149445],[3211.67307049 1628.60511178],[2535.97686385 1571.28438294],[2541.12406287 1269.66089281]
DJI_20250408090619_0430_D:[2798.73116273 1855.69820569],[2805.10301839 1559.80243512],[3461.568002  1621.3149661],[3456.61032889 1916.05950487]
DJI_20250408090401_0361_D:[3191.61510884 2416.59887245],[3184.36571538 2719.48140112],[2505.52854672 2662.14230327],[2510.64795941 2358.54543119]
DJI_20250408090623_0432_D:[2761.7856407 2542.8291996],[2768.67872172 2246.81993883],[3425.90600409 2305.36637792],[3418.36279197 2599.85694479]
DJI_20250408090617_0429_D:[2821.13516808 1500.6340557 ],[2826.92727114 1207.6427989 ],[3480.42411806 1270.02370737],[3477.11469653 1562.04423233]
DJI_20250408090353_0357_D:[3246.69381009  983.79394165],[3243.93384125 1281.92939594],[2570.87209896 1224.23143802],[2576.12211645  926.24469895]
DJI_20250408090233_0317_D:[1433.35950392 1975.30240242],[1439.9307997  1682.93121772],[2086.65195374 1735.82378342],[2081.08330922 2031.13983996]
4
DJI_20250408090619_0430_D:[2293.8375977  2065.21573264],[2301.07536671 1768.20664813],[2963.11762632 1828.248929  ],[2956.67992569 2125.53779978]
DJI_20250408090621_0431_D:[2264.3866562  2415.34233203],[2271.16398482 2118.38230005],[2933.66113954 2178.91632052],[2926.64274308 2476.0196757 ]
DJI_20250408090617_0429_D:[2317.42150368 1709.03491083],[2324.92451807 1413.82830318],[2984.97703469 1472.97313093],[2979.33993487 1768.64552372]
DJI_20250408090747_0474_D:[2298.02775393 1729.99348487],[2292.78684717 2033.84617973],[1623.17864865 1975.95787679],[1628.58117069 1674.58764655]
DJI_20250408090623_0432_D:[2258.90416567 2750.71327765],[2265.0305946  2455.77641655],[2925.91045312 2516.25528269],[2918.51410815 2811.11676615]
DJI_20250408090615_0428_D:[2357.02639523 1377.96438549],[2365.07396227 1086.13386072],[3021.68912037 1145.41939566],[3016.48828348 1437.84796897]
DJI_20250408090359_0360_D:[3718.10101058 1830.41820911],[3712.46322707 2133.69157304],[3038.98060862 2076.55685694],[3044.37156659 1771.25921574]
DJI_20250408090749_0475_D:[2292.74567985 2086.07809584],[2287.79849182 2388.7689316 ],[1620.17301749 2327.73716202],[1624.18034128 2027.28377831]
DJI_20250408090745_0473_D:[2330.55439247 1365.67034569],[2324.92157194 1668.15911796],[1655.85926685 1613.46577271],[1662.80001545 1313.64851736]
DJI_20250408090357_0359_D:[3715.72945661 1469.09686023],[3712.24532838 1770.58228615],[3040.88111262 1711.72855086],[3045.31792485 1408.48101765]
5
DJI_20250408090749_0475_D:[2892.36711002 1916.72960188],[2886.59993686 2222.70774682],[2204.90434769 2163.66532819],[2210.21852445 1858.0878447 ]
DJI_20250408090747_0474_D:[2898.19472746 1557.05436547],[2893.11770809 1863.3063225 ],[2209.98528256 1805.24875042],[2215.72629371 1499.63679975]
DJI_20250408090751_0476_D:[2873.22473978 2263.50871049],[2867.03571865 2568.61670543],[2185.55442876 2509.11609827],[2190.18364516 2204.18852627]
DJI_20250408090745_0473_D:[2928.77629874 1191.10104266],[2924.36276513 1494.94175281],[2242.86065972 1437.82974685],[2249.10418977 1134.81021251]
DJI_20250408090617_0429_D:[1730.17944347 1872.04003246],[1738.69943508 1575.28625302],[2399.06646077 1632.71642698],[2391.95572011 1931.71185083]
DJI_20250408090619_0430_D:[1706.6228956  2228.67780833],[1713.85363285 1931.01819047],[2375.35927324 1991.50282664],[2368.431149   2291.22337113]
DJI_20250408090615_0428_D:[1770.85164069 1538.49929385],[1780.87103585 1244.30442367],[2438.82580339 1299.84789531],[2431.22803368 1596.4199114 ]
DJI_20250408090621_0431_D:[1678.88460981 2578.14858579],[1684.63457852 2281.52149499],[2345.47911615 2344.64375274],[2338.94495626 2643.21324797]
DJI_20250408090754_0477_D:[2863.510229   2649.21299973],[2857.06144805 2951.12594129],[2177.70149263 2891.80494928],[2181.32927977 2589.81874691]
DJI_20250408091004_0542_D:[3196.70716203 2013.20544336],[3204.23784369 1702.41587181],[3885.69874869 1769.88807076],[3878.95273091 2078.06402259]
6
DJI_20250408091004_0542_D:[2537.93300353 2206.93187505],[2546.35650872 1896.02661199],[3238.18726562 1961.8377089 ],[3229.92489546 2272.29446458]
DJI_20250408091002_0541_D:[2547.40590356 1864.30456802],[2556.15268359 1554.18701602],[3247.04461885 1620.7140923 ],[3239.64185303 1930.65841774]
DJI_20250408091006_0543_D:[2512.77748713 2558.73558088],[2520.81207316 2250.35557633],[3209.01787438 2314.98224923],[3199.93502133 2622.67914844]
DJI_20250408090749_0475_D:[3531.86690076 1722.02800819],[3526.56965183 2025.86508512],[2850.09655225 1967.52059389],[2855.54006593 1662.06921306]
DJI_20250408090751_0476_D:[3514.75842577 2066.08102923],[3507.95974631 2370.08319709],[2830.87353747 2313.59545655],[2836.70770341 2007.74967167]
DJI_20250408091000_0540_D:[2592.92858466 1490.46512055],[2601.34740063 1185.22797315],[3284.89827892 1251.10146308],[3279.02442154 1556.31969694]
DJI_20250408090747_0474_D:[3536.68119052 1365.21577407],[3533.16208931 1668.24980089],[2855.99824089 1608.49459864],[2860.79640164 1304.0569888 ]
DJI_20250408091008_0544_D:[2486.41340446 2895.18033201],[2494.07494644 2590.16038297],[3179.21386781 2653.77545671],[3169.37171655 2957.85993697]
DJI_20250408090754_0477_D:[3505.2852415  2449.88027564],[3497.01665735 2751.8622081 ],[2821.20435998 2698.17543899],[2827.24474209 2394.07017849]
DJI_20250408091136_0588_D:[2121.65796614 1575.67056402],[2111.03836286 1893.99265622],[1413.28799624 1824.46857527],[1424.7931858  1509.52708658]
7
DJI_20250408091002_0541_D:[2029.01274947 2049.76460401],[2038.22249615 1740.82571834],[2726.90962988 1805.96381235],[2718.41483012 2116.36082084]
DJI_20250408091138_0589_D:[2621.83127316 1755.76805251],[2611.65895203 2073.59743474],[1906.36667341 2002.60142674],[1916.76203339 1686.11258888]
DJI_20250408091004_0542_D:[2020.48705849 2390.24628258],[2028.47210007 2081.52194666],[2717.41586712 2147.74312292],[2708.97640499 2457.65481895]
DJI_20250408091000_0540_D:[2078.10210076 1676.36785149],[2087.94921139 1371.13122156],[2770.65629383 1433.62747689],[2762.72060149 1740.45290744]
DJI_20250408091140_0590_D:[2583.0948851  2133.78288752],[2572.9059838  2450.15018007],[1870.45546232 2377.61935757],[1879.55004315 2062.37216447]
DJI_20250408091136_0588_D:[2656.81233091 1388.45474988],[2646.72663505 1705.73327784],[1940.0479511  1636.17100349],[1951.66703105 1320.46506717]
DJI_20250408091006_0543_D:[1999.98778308 2737.6542495 ],[2006.64657315 2432.49091619],[2691.0515702 2499.389009 ],[2682.74522228 2805.49647067]
DJI_20250408091134_0587_D:[2683.73245259 1019.74859918],[2673.81054703 1334.44791546],[1967.43719882 1266.52646609],[1980.18003211  953.70692087]
DJI_20250408091142_0591_D:[2542.69279905 2508.31605152],[2532.44927871 2821.47551806],[1833.6875039  2746.97410898],[1841.5098949  2434.74246168]
DJI_20250408090958_0539_D:[2082.83780711 1303.92735826],[2093.21289522 1004.15220106],[2768.85495628 1063.38898271],[2761.58867722 1364.9948139 ]
8
DJI_20250408091140_0590_D:[3105.9555335  1948.49740804],[3095.35653513 2264.97670872],[2389.89067038 2194.56694825],[2400.06071266 1877.49863852]
DJI_20250408091138_0589_D:[3144.78899524 1571.1081338 ],[3135.24204414 1887.85725975],[2428.17128235 1816.9023689 ],[2438.60409919 1499.7761777 ]
DJI_20250408091142_0591_D:[3064.9316879 2324.0231011],[3053.23981197 2638.49214391],[2350.1479098  2568.19519005],[2360.09863197 2252.93288225]
DJI_20250408091136_0588_D:[3178.78564116 1205.96896499],[3170.35726732 1520.97467104],[2463.0987892 1449.4108921],[2473.72890847 1134.23704796]
DJI_20250408091346_0653_D:[3017.06249931 2049.24003494],[3028.60481899 1725.96363294],[3740.66958839 1803.17559987],[3730.06713798 2124.36540476]
DJI_20250408091000_0540_D:[1579.4520694 1859.0555945],[1589.67716489 1554.91651425],[2264.34679201 1615.96540158],[2255.42472203 1923.25788375]
DJI_20250408091348_0654_D:[2983.13819342 2477.86923328],[2995.62023447 2153.57720475],[3710.72753122 2228.33576427],[3697.6178431 2550.1340977]
DJI_20250408091002_0541_D:[1528.60873331 2230.56318044],[1537.20856743 1923.8991951 ],[2216.38951812 1989.55310007],[2207.8663692  2299.27550803]
DJI_20250408091344_0652_D:[3043.51473405 1599.4819877 ],[3052.97080405 1280.2214763 ],[3759.82417367 1357.38169795],[3752.905488   1674.92809723]
DJI_20250408091144_0592_D:[3053.78986508 2699.69971733],[3041.33331009 3010.76625689],[2340.2824524  2941.66705921],[2349.60846807 2629.47372028]
9
DJI_20250408090754_0477_D:[2790.10351386 1701.99876301],[2784.76171659 2005.89193521],[2108.20496275 1947.77269358],[2113.95761752 1644.80770863]
DJI_20250408090755_0478_D:[2768.19826154 2052.82100077],[2762.43719835 2356.01804239],[2087.51496031 2296.68096945],[2092.59839894 1994.21124901]
DJI_20250408090613_0427_D:[1859.62704467 2120.10659311],[1866.7481276  1825.01542024],[2523.77399786 1883.93211627],[2517.11598885 2180.62779808]
DJI_20250408090751_0476_D:[2799.10380925 1321.38183711],[2793.94812799 1623.22831017],[2119.08122318 1566.04484562],[2125.84635039 1265.36364639]
DJI_20250408090611_0426_D:[1874.47416931 1770.14423125],[1882.81870416 1476.13459593],[2538.76208606 1532.98523502],[2531.95419384 1828.83341697]
DJI_20250408090615_0428_D:[1841.72927206 2455.1264421 ],[1847.94986388 2160.64048465],[2504.64987672 2221.98827636],[2497.88096779 2517.86866199]
DJI_20250408090758_0479_D:[2731.40816946 2403.31321673],[2725.25570356 2704.0297214 ],[2053.49275174 2643.39846578],[2057.87111926 2343.23023479]
DJI_20250408090609_0425_D:[1905.76041352 1415.1586962 ],[1915.24323513 1123.79148706],[2569.32845449 1178.50354839],[2562.45104801 1471.90797844]
DJI_20250408090749_0475_D:[2817.04229682  985.09877182],[2812.29741471 1283.22065809],[2140.52121489 1227.46725792],[2147.94931446  930.72536964]
DJI_20250408090617_0429_D:[1806.30270739 2784.52061259],[1810.91799839 2491.79298839],[2466.98940399 2554.26644063],[2460.80860088 2848.2743403 ]
10
DJI_20250408090958_0539_D:[2679.76036531 2040.85024519],[2687.58746134 1735.90853647],[3364.97402638 1800.15520548],[3357.72150932 2104.28776726]
DJI_20250408090755_0478_D:[3385.32721146 1882.51950411],[3379.53614452 2185.2540987 ],[2704.81208018 2127.57032614],[2710.42343297 1823.64546271]
DJI_20250408091000_0540_D:[2679.21372611 2419.66708788],[2687.53530536 2113.20767206],[3368.95534373 2177.52942496],[3359.97645249 2482.87578641]
DJI_20250408090754_0477_D:[3406.61312696 1532.67535758],[3402.28310561 1835.16714135],[2726.77977866 1776.45910303],[2732.03326591 1472.96544171]
DJI_20250408090956_0538_D:[2699.30966841 1681.39174034],[2707.07094676 1379.17743536],[3380.31125539 1444.25656362],[3374.27953815 1745.88499101]
DJI_20250408090758_0479_D:[3347.93203368 2233.40468364],[3340.69097193 2534.60619961],[2668.08121277 2477.87358721],[2674.03855369 2175.30268735]
DJI_20250408091002_0541_D:[2634.05303173 2795.18276367],[2642.59991945 2488.9203768 ],[3327.70765306 2552.90674118],[3317.24013432 2857.82484942]
DJI_20250408090751_0476_D:[3412.13334008 1155.55103728],[3409.12425943 1454.96919271],[2736.07212071 1394.75546665],[2741.22252816 1094.55952357]
DJI_20250408090954_0537_D:[2700.93560404 1327.52563587],[2708.58399252 1027.50352798],[3381.7748349  1093.32283645],[3377.04441007 1393.02031531]
DJI_20250408090800_0480_D:[3316.59796804 2582.52779311],[3308.3728575  2880.72966999],[2638.50011968 2825.90749661],[2644.31833175 2526.12880529]
11
DJI_20250408090611_0426_D:[2364.81374024 2238.16295025],[2371.4763176  1941.48763325],[3032.70168591 2001.1949144 ],[3026.06555663 2297.78404543]
DJI_20250408090609_0425_D:[2394.92824999 1880.57424609],[2402.00499895 1584.29562432],[3062.79161172 1644.09098278],[3056.80302695 1940.47304375]
DJI_20250408090613_0427_D:[2350.65017574 2588.37887457],[2356.84322187 2292.89570147],[3017.48267825 2352.40972749],[3010.23509365 2647.56252228]
DJI_20250408090607_0424_D:[2416.41581871 1545.07852051],[2424.06073007 1251.0858956 ],[3082.48800345 1311.30964308],[3076.9167825  1605.60049891]
DJI_20250408090407_0364_D:[3653.76490399 1679.83213565],[3649.30773599 1981.91889802],[2977.26850255 1924.09018563],[2982.21193223 1620.27358874]
DJI_20250408090409_0365_D:[3655.03509499 2017.47430405],[3648.7513003  2319.36883242],[2977.68100228 2263.5065107 ],[2983.32578911 1959.60664121]
DJI_20250408090755_0478_D:[2261.6490372  1575.92788567],[2255.64346219 1878.56837078],[1588.82478542 1821.3913332 ],[1595.79298006 1521.54006824]
DJI_20250408090758_0479_D:[2225.91486827 1926.14256243],[2220.24717299 2228.59527434],[1555.19538697 2167.88926371],[1560.71216351 1868.03668068]
DJI_20250408090405_0363_D:[3684.40352716 1313.64591337],[3681.73900238 1614.04711126],[3010.43610092 1553.71330134],[3014.79248571 1251.74846233]
DJI_20250408090615_0428_D:[2332.02712843 2921.67027881],[2338.01178333 2628.96243795],[2996.80858136 2688.74684074],[2988.74280668 2980.888864  ]
12
DJI_20250408090221_0311_D:[2120.38992704 1929.71307853],[2125.37985253 1630.48180511],[2793.33523219 1684.67978041],[2789.23261566 1984.73829084]
DJI_20250408090223_0312_D:[2086.84281958 2284.79448273],[2091.31819559 1985.07893467],[2760.26733348 2040.94092625],[2755.60230756 2341.29350513]
DJI_20250408090409_0365_D:[2515.58225376 1694.27298907],[2510.02399324 2001.83969614],[1829.04624171 1943.06297937],[1835.18513005 1637.63370675]
DJI_20250408090219_0310_D:[2132.55286014 1596.82181386],[2138.08900575 1299.43263321],[2804.30593372 1352.14975176],[2800.67326225 1650.56637244]
DJI_20250408090411_0366_D:[2499.43720282 2074.6601851 ],[2493.77613949 2382.54677728],[1812.20056815 2320.55087962],[1817.17004631 2014.56108087]
DJI_20250408090225_0313_D:[2068.81255862 2635.30652065],[2072.29344204 2337.04049044],[2740.57043714 2393.4924102 ],[2735.82432691 2692.20955411]
DJI_20250408090407_0364_D:[2514.8716465  1352.40124826],[2509.25660023 1658.55428295],[1828.93946492 1602.47580179],[1836.28183254 1298.74827158]
DJI_20250408090413_0367_D:[2463.84109458 2440.29032931],[2458.33000024 2746.71969744],[1777.44083978 2682.03198651],[1781.07976351 2377.31368781]
DJI_20250408090217_0309_D:[2159.80886686 1251.05248507],[2165.94969477  956.67748782],[2830.35715514 1008.12403502],[2827.18447893 1303.71526034]
DJI_20250408090405_0363_D:[2549.16323111  982.12859183],[2543.36600601 1284.98876677],[1864.33880402 1231.3829543 ],[1873.09604242  931.17426575]
13
DJI_20250408090411_0366_D:[3047.5105225 1917.4961761],[3041.55634981 2224.22571528],[2357.76951333 2164.7007278 ],[2363.5166632  1858.12503103]
DJI_20250408090409_0365_D:[3061.41473105 1539.3590471 ],[3056.58896457 1844.83985015],[2374.16164316 1786.36690253],[2380.02981428 1481.28620845]
DJI_20250408090413_0367_D:[3013.19448919 2281.75683067],[3006.42029639 2587.9515975 ],[2322.33624225 2527.87635898],[2327.75447825 2221.62395587]
DJI_20250408090407_0364_D:[3059.06245834 1200.34483294],[3055.09236863 1503.62567151],[2373.6842992  1445.91788834],[2379.82975718 1143.30605754]
DJI_20250408090221_0311_D:[1598.55421367 2083.46467305],[1603.40585744 1787.34292063],[2260.78348577 1840.65965462],[2256.36822389 2139.19467034]
DJI_20250408090607_0424_D:[3003.95747417 2013.38898066],[3010.57029998 1714.6491507 ],[3669.25177926 1776.87245822],[3663.19408033 2073.63463524]
DJI_20250408090609_0425_D:[2983.20451778 2351.3737961 ],[2990.07553072 2052.43149819],[3649.73617029 2111.7247488 ],[3642.38476003 2408.47023796]
DJI_20250408090219_0310_D:[1610.39045536 1754.35423437],[1616.60667308 1459.29272744],[2272.8402996  1509.35482228],[2268.07691408 1807.02864929]
DJI_20250408090415_0368_D:[2987.19082725 2651.03784098],[2979.79904643 2954.31946911],[2297.71252357 2894.30435246],[2302.52772791 2590.71911539]
DJI_20250408090223_0312_D:[1566.29500216 2433.43686555],[1569.73145379 2137.6791669 ],[2227.25441695 2194.5572655 ],[2223.16877882 2492.55794362]
14
DJI_20250408090219_0310_D:[2594.04134619 2073.26590019],[2598.15138974 1774.97775224],[3261.62305282 1829.64410078],[3257.8031256  2127.12027109]
DJI_20250408090221_0311_D:[2582.28796618 2404.97568664],[2586.52063498 2107.02560611],[3250.16310104 2161.18174136],[3245.22062822 2458.11714208]
DJI_20250408090217_0309_D:[2620.72015967 1727.30644971],[2624.76447677 1429.73281061],[3287.89808665 1485.1795653 ],[3285.1710164  1782.10765481]
DJI_20250408090025_0253_D:[3467.10401324 1808.341165  ],[3464.65272242 2103.15296524],[2807.29663522 2052.34279608],[2810.03329251 1756.67968623]
DJI_20250408090027_0254_D:[3447.92899221 2162.60422782],[3444.01247942 2457.44522963],[2786.19699558 2407.49733082],[2789.31527344 2111.63243666]
DJI_20250408090023_0252_D:[3473.19070142 1464.67435969],[3472.173115   1758.12483655],[2815.72801461 1706.56693478],[2818.05621445 1412.4452933 ]
DJI_20250408090223_0312_D:[2548.65068465 2756.75666161],[2553.02918813 2460.61446548],[3216.18462128 2514.33697582],[3210.02300022 2809.25296369]
DJI_20250408090215_0308_D:[2624.21813532 1382.88991595],[2628.34958348 1088.35050872],[3288.51797291 1144.53282558],[3286.73087697 1438.6478305 ]
DJI_20250408090029_0255_D:[3444.06588681 2490.2098505 ],[3439.06759564 2783.65947663],[2781.65919077 2735.42082118],[2784.81986028 2440.69498592]
DJI_20250408090021_0251_D:[3482.11678329 1121.64873771],[3482.93278967 1412.14932387],[2828.42556732 1360.68217631],[2829.97068926 1069.65276051]
15
DJI_20250408090027_0254_D:[2676.30999854 1884.90439728],[2673.33383128 2182.51151972],[2012.68121794 2129.8147198 ],[2015.87365629 1833.85745811]
DJI_20250408085833_0197_D:[1895.47127722 2179.84032613],[1896.23258549 1879.7575465 ],[2565.85522692 1926.65217318],[2565.14626932 2227.75928614]
DJI_20250408090025_0253_D:[2697.21912774 1529.48474437],[2694.46918225 1825.78144292],[2034.87951754 1775.32901343],[2038.91320919 1480.82293321]
DJI_20250408085831_0196_D:[1923.24074011 1815.63842194],[1925.09337103 1515.73649081],[2595.0524258  1561.13180701],[2594.39559731 1862.1846244 ]
DJI_20250408090029_0255_D:[2671.55981456 2215.49614344],[2668.70837161 2513.01082973],[2007.41815374 2459.00090059],[2009.4762362  2162.94045481]
DJI_20250408085835_0198_D:[1875.51826983 2523.40145246],[1875.22767811 2225.06863441],[2542.80990742 2273.43477858],[2542.07688528 2572.64443009]
DJI_20250408085829_0195_D:[1942.68758353 1502.06207714],[1945.66930014 1204.84709652],[2612.4522612  1249.17452543],[2611.65966354 1547.71775058]
DJI_20250408090023_0252_D:[2705.44505022 1185.83383142],[2702.94531878 1479.50168531],[2045.14123641 1431.34094639],[2049.94491259 1139.64207124]
DJI_20250408090031_0256_D:[2663.3138478  2566.32926859],[2660.11385836 2861.43339731],[2000.96406655 2805.17648483],[2002.30583902 2511.31934405]
DJI_20250408085837_0199_D:[1885.54697986 2876.2461202 ],[1884.2127224  2581.02662588],[2549.51056836 2630.7388217 ],[2548.70876332 2926.60466654]
16
DJI_20250408090101_0271_D:[3222.70897215 1915.02182182],[3217.27306828 2213.47058891],[2551.71488101 2154.17944991],[2558.20052526 1855.72275243]
DJI_20250408090059_0270_D:[3219.73755938 1547.67304662],[3216.76077493 1845.6801083 ],[2549.14261677 1789.39922919],[2554.30535828 1491.65204476]
DJI_20250408090103_0272_D:[3154.35089691 2278.91841354],[3149.21237276 2577.24768864],[2483.74319528 2520.96526559],[2488.78553189 2222.50462044]
DJI_20250408090143_0292_D:[2860.13164827 1985.22905186],[2864.74594284 1690.20103357],[3517.70035814 1746.19210402],[3512.61207471 2039.45136219]
DJI_20250408090145_0293_D:[2819.30676494 2303.11966174],[2824.11497796 2008.77845957],[3477.40336932 2062.78591696],[3471.17891344 2355.2810631 ]
DJI_20250408090057_0269_D:[3232.79667865 1197.64319612],[3231.3089322  1492.64902089],[2564.91718635 1437.45451119],[2569.69400595 1142.90002828]
DJI_20250408090141_0291_D:[2902.96517835 1643.14951347],[2907.35191767 1347.99825484],[3560.8942993 1406.5934863],[3557.0894479  1700.07034648]
DJI_20250408090105_0273_D:[3135.4763764  2637.43633474],[3130.34205548 2934.04360845],[2465.81872832 2880.00855855],[2469.72939743 2583.02419381]
DJI_20250408090147_0294_D:[2805.90747166 2658.39623954],[2810.55284189 2366.94744227],[3461.43226772 2417.80382555],[3454.33599906 2707.22492759]
DJI_20250408085757_0179_D:[1362.53128952 1852.5223709 ],[1363.09553741 1550.72197474],[2031.23510718 1593.86965196],[2030.872297   1898.66268699]
17
DJI_20250408090449_0385_D:[2990.81682361 1892.31880786],[2985.87459953 2200.38742898],[2298.94342837 2141.38764319],[2304.91843734 1833.6906747 ]
DJI_20250408090447_0384_D:[3018.8804782  1546.79215515],[3014.73817481 1854.24189216],[2326.53044901 1795.68825101],[2332.84172314 1488.79348944]
DJI_20250408090451_0386_D:[2968.16178079 2239.83428584],[2963.12030207 2546.02815118],[2280.33540034 2488.19991554],[2285.27263031 2182.16812575]
DJI_20250408090143_0292_D:[1678.23547319 2102.56282232],[1681.61732264 1810.13430835],[2332.38331619 1863.73146546],[2328.29988754 2158.02848955]
DJI_20250408090141_0291_D:[1715.70234254 1762.90613804],[1720.7797576  1469.58366424],[2373.65435186 1521.46224596],[2368.91270813 1816.82320775]
DJI_20250408090445_0383_D:[3038.04431369 1194.39043068],[3034.24028266 1500.19476578],[2344.29585728 1440.87899539],[2351.50490987 1135.87206943]
DJI_20250408090453_0387_D:[2944.64468889 2612.02012293],[2939.16897245 2915.03511809],[2260.56971942 2857.65076054],[2264.71688987 2554.55776552]
DJI_20250408090529_0405_D:[3057.26776961 2076.3687517 ],[3063.98030161 1780.20252077],[3716.32011095 1840.16823444],[3708.85933441 2134.00366029]
DJI_20250408090145_0293_D:[1641.07870165 2417.0234745 ],[1642.92200494 2126.06244817],[2292.34329217 2181.61738225],[2288.86226287 2474.35624353]
DJI_20250408090139_0290_D:[1728.40798516 1399.83005698],[1735.42136763 1105.81827121],[2392.3900342  1156.03690193],[2386.86416382 1452.42789865]
18
DJI_20250408090103_0272_D:[2987.61314034 1806.2479462 ],[2983.31867608 2105.61998107],[2315.6008167  2048.80455519],[2321.35377141 1750.21918628]
DJI_20250408090105_0273_D:[2968.2114263  2166.51608742],[2964.17526148 2466.59892822],[2295.67966319 2410.97080279],[2300.08847306 2111.46846104]
DJI_20250408090101_0271_D:[3057.29201184 1442.78842275],[3052.57435643 1739.84392093],[2386.30642158 1680.88240806],[2393.60736904 1384.71281683]
DJI_20250408090107_0274_D:[2943.14947545 2531.43920939],[2938.26742474 2829.42840972],[2272.73228655 2772.7081404 ],[2276.87873681 2475.08195661]
DJI_20250408085755_0178_D:[1565.33778145 1950.6485779 ],[1565.2260874  1645.95079019],[2242.84666466 1691.21230916],[2242.64925572 1998.09828004]
DJI_20250408085757_0179_D:[1534.49953551 2329.24455231],[1532.378987   2026.28527276],[2207.79517242 2074.16260112],[2208.38508662 2379.15138701]
DJI_20250408090141_0291_D:[3070.23190334 2111.6230264 ],[3075.44994304 1815.07714625],[3728.19821061 1871.28778054],[3722.05450727 2165.28171587]
DJI_20250408085753_0177_D:[1573.29188741 1594.39417548],[1575.22814772 1291.0007625 ],[2250.86829087 1333.87556308],[2249.81731124 1639.69605597]
DJI_20250408090059_0270_D:[3050.6836473  1078.39182867],[3048.1436126  1372.54073098],[2381.68277513 1317.72042615],[2387.95548123 1024.70176641]
DJI_20250408090139_0290_D:[3094.56447233 1749.09593379],[3099.41252529 1450.02376699],[3757.3959598  1510.48914769],[3752.75234583 1807.14922583]
19
DJI_20250408090139_0290_D:[2142.93339425 1883.10330811],[2147.93112603 1584.11838101],[2815.22829966 1640.12528587],[2810.04447502 1939.71082964]
DJI_20250408090141_0291_D:[2128.68617044 2244.64816978],[2132.4641729  1948.93055289],[2793.62631759 2004.36366797],[2788.57940654 2300.42732233]
DJI_20250408090451_0386_D:[2533.44838968 1738.83708457],[2528.27107995 2046.04274812],[1846.76515345 1988.18462078],[1853.57511909 1683.01865562]
DJI_20250408090137_0289_D:[2175.55331585 1551.91442295],[2181.18171833 1255.01091568],[2845.24448477 1309.8749817 ],[2840.4883088  1607.55991082]
DJI_20250408090453_0387_D:[2511.30916815 2114.61247183],[2506.41203187 2421.31742341],[1827.25570528 2361.6831197 ],[1832.56609108 2056.79412224]
DJI_20250408090449_0385_D:[2555.12751787 1389.08530974],[2549.38664056 1695.67404157],[1865.45051527 1638.71212548],[1873.98035354 1334.38825973]
DJI_20250408090143_0292_D:[2090.66681165 2582.89201665],[2093.32048976 2290.32616997],[2750.98690256 2345.68363747],[2746.04959811 2638.46080157]
DJI_20250408090455_0388_D:[2483.08571655 2480.65271901],[2478.16408013 2785.85852286],[1800.9373236  2723.60815766],[1805.11146046 2420.05341196]
DJI_20250408090135_0288_D:[2177.04865879 1209.81610041],[2183.0850653   917.02639634],[2841.89886165  969.82260763],[2837.80763607 1263.64236069]
DJI_20250408090447_0384_D:[2583.04094857 1046.14458879],[2577.45471111 1349.61625017],[1893.87763466 1295.13255664],[1903.41296426  994.12371421]
20
DJI_20250408090139_0290_D:[2627.75989475 2158.55202341],[2632.85923743 1859.76955293],[3297.68483281 1916.609887  ],[3291.46676877 2214.22337474]
DJI_20250408090137_0289_D:[2658.82190831 1826.45339799],[2663.82429761 1528.49001206],[3326.15080392 1586.08904087],[3321.08275235 1883.06214549]
DJI_20250408090105_0273_D:[3427.90936303 1756.04045   ],[3425.72708725 2053.69231315],[2761.01884478 1999.37753208],[2764.82235263 1701.11523971]
DJI_20250408090107_0274_D:[3404.12583876 2119.98748961],[3400.29018128 2417.70424166],[2736.85111144 2363.81037444],[2741.21860458 2065.27723231]
DJI_20250408090141_0291_D:[2608.6337239  2515.42926015],[2613.27601993 2221.24301901],[3271.06821937 2275.41036925],[3264.25812088 2568.23195884]
DJI_20250408090135_0288_D:[2657.51233998 1481.29394703],[2662.14621871 1186.09121933],[3320.34873653 1243.65996838],[3316.7082118  1538.10816931]
DJI_20250408090103_0272_D:[3445.21573259 1402.38052543],[3443.57240187 1697.24985778],[2781.24463118 1640.25978873],[2785.58230099 1344.98232936]
DJI_20250408090109_0275_D:[3382.27333833 2479.94381161],[3376.96925521 2775.2888522 ],[2717.4961401  2722.45137217],[2722.20601615 2426.04367374]
DJI_20250408090143_0292_D:[2567.68096304 2849.70927648],[2571.88932532 2559.84012047],[3225.72212079 2612.0880175 ],[3218.34232107 2900.47033751]
DJI_20250408090133_0287_D:[2622.47416745 1133.2633316 ],[2627.1141352   841.17570057],[3283.14871206  899.10931424],[3280.60784693 1190.71413551]
21
DJI_20250408090455_0388_D:[3001.43390524 2045.44089175],[2996.67167412 2352.34674571],[2312.56217758 2294.26722423],[2318.04474908 1987.58020319]
DJI_20250408090453_0387_D:[3028.67708136 1679.00713374],[3024.88044851 1985.06556317],[2340.78975204 1927.79136809],[2346.43371971 1622.13744687]
DJI_20250408090457_0389_D:[2962.94755387 2395.60251839],[2957.64587173 2701.14583691],[2275.70878533 2643.1341668 ],[2280.58271322 2337.64486177]
DJI_20250408090451_0386_D:[3050.63851155 1305.10468086],[3047.55217738 1609.23007744],[2362.99021009 1551.9396216 ],[2369.14126098 1248.43903904]
DJI_20250408090137_0289_D:[1675.80223077 1975.2868675 ],[1680.13598235 1678.54004194],[2340.08335877 1732.98389273],[2335.33310672 2031.8118461 ]
DJI_20250408090139_0290_D:[1643.97497443 2305.44015592],[1646.78257784 2008.72678834],[2308.16225584 2065.8434377 ],[2303.8698224  2364.46564849]
DJI_20250408090135_0288_D:[1678.7233946  1631.72802124],[1684.28768248 1336.99032165],[2340.41845964 1387.86189951],[2335.51748989 1684.92507187]
DJI_20250408090523_0402_D:[3030.09462813 1917.49036038],[3036.40099296 1619.33159793],[3693.67038602 1680.34588228],[3687.00291303 1976.36475549]
DJI_20250408090525_0403_D:[2995.81594432 2266.12119528],[3002.26549207 1968.31270245],[3660.45674548 2025.89166247],[3652.5460991  2321.41069875]
DJI_20250408090459_0390_D:[2941.73838734 2746.28778145],[2935.91373784 3047.51254784],[2260.03541    2989.73427938],[2264.28306691 2688.36552694]
22
DJI_20250408090135_0288_D:[2101.04633913 1896.3441075 ],[2105.58158899 1597.83400791],[2771.85388814 1652.8301183 ],[2767.03211867 1952.06735061]
DJI_20250408090137_0289_D:[2100.34282918 2244.58463914],[2104.33660302 1945.34739414],[2773.44067922 2002.09693999],[2768.07975097 2301.81849565]
DJI_20250408090455_0388_D:[2557.57975189 1769.23761951],[2552.27636658 2077.1974456 ],[1868.85081326 2018.67991715],[1875.85169596 1712.67577035]
DJI_20250408090457_0389_D:[2519.4097096  2121.39036202],[2514.2611863  2429.31260338],[1832.38860715 2368.96653387],[1838.07978635 2062.85365001]
DJI_20250408090133_0287_D:[2065.87930713 1544.42492918],[2071.27737278 1246.97844014],[2736.41216163 1300.60213128],[2731.83160659 1599.0818188 ]
DJI_20250408090453_0387_D:[2585.52610102 1403.0531795 ],[2580.49602166 1708.80496354],[1897.84673052 1653.08670298],[1905.71244841 1349.46365231]
DJI_20250408090139_0290_D:[2069.26166079 2577.25631181],[2072.36792764 2279.29906984],[2742.22811902 2337.01111522],[2736.67735684 2635.27350013]
DJI_20250408090459_0390_D:[2501.15832537 2476.40081052],[2496.20515867 2781.32843314],[1819.61604547 2719.29230498],[1823.9535512  2415.99061056]
DJI_20250408090131_0286_D:[2087.95441422 1195.18266283],[2093.84891876  902.33868184],[2752.74636355  953.68613345],[2748.7873191  1247.72129453]
DJI_20250408090451_0386_D:[2608.12756642 1029.77700279],[2603.05002452 1332.11394794],[1920.90628415 1278.48272359],[1930.06334941  978.5158786 ]
23
DJI_20250408090109_0275_D:[3172.53323178 1798.93921585],[3169.22034229 2096.17901868],[2505.36014104 2040.7361003 ],[2510.3393545  1743.68660543]
DJI_20250408090111_0276_D:[3153.42314651 2132.63705653],[3148.78978818 2430.03036147],[2485.8720495  2373.72919425],[2491.13044057 2076.31813562]
DJI_20250408090107_0274_D:[3190.96623654 1437.14057957],[3188.82663946 1733.25934915],[2523.48864089 1678.15169732],[2528.40400059 1382.42346074]
DJI_20250408090133_0287_D:[2834.95687078 1812.57637853],[2839.63045923 1514.78289589],[3499.05665323 1572.5219436 ],[3494.24999825 1868.65129995]
DJI_20250408090135_0288_D:[2869.65959992 2163.65540424],[2874.76574397 1866.16547675],[3533.67336908 1922.05365044],[3527.35741842 2217.61257297]
DJI_20250408090113_0277_D:[3086.76676225 2482.42025657],[3081.62081321 2778.55021855],[2420.3338887  2722.78693665],[2425.03235206 2426.57804913]
DJI_20250408090137_0289_D:[2870.48024583 2511.41776136],[2876.28262716 2214.4779641 ],[3536.81121635 2268.98254315],[3528.71868191 2563.72516558]
DJI_20250408090131_0286_D:[2851.51446061 1460.43328976],[2855.42388345 1165.97934412],[3509.21304607 1224.47597933],[3506.27157252 1517.41252126]
DJI_20250408090105_0273_D:[3211.76232427 1076.87248535],[3211.01035248 1369.49616793],[2546.80750191 1315.28732736],[2551.41689971 1023.21640345]
DJI_20250408085749_0175_D:[1344.41198143 1980.88357012],[1343.56584143 1677.32706054],[2015.61221025 1721.59297074],[2016.01154345 2028.06089479]
24
DJI_20250408090133_0287_D:[2053.4604696  2005.08458447],[2057.55777579 1708.50127575],[2719.57947075 1763.28466978],[2714.8045231  2060.56917595]
DJI_20250408090135_0288_D:[2089.67951441 2353.66197774],[2092.99226844 2058.29751558],[2754.46633824 2114.0045224 ],[2749.41828992 2409.78458472]
DJI_20250408090131_0286_D:[2074.58675884 1653.82385617],[2079.23468509 1359.44504197],[2736.80964751 1412.18360478],[2732.57146523 1707.40494059]
DJI_20250408090459_0390_D:[2519.17294762 2003.37700944],[2513.97188705 2307.40004297],[1840.72771483 2248.36644246],[1846.92208666 1946.22243   ]
DJI_20250408090457_0389_D:[2537.54657894 1648.96230977],[2532.24171506 1953.52910721],[1855.54850942 1896.40144422],[1862.97201646 1593.89769443]
DJI_20250408090501_0391_D:[2498.23720494 2354.39185203],[2493.12304467 2656.1301644 ],[1824.62168406 2595.15716085],[1829.61028465 2295.11469344]
DJI_20250408090455_0388_D:[2575.55595678 1301.8851783 ],[2570.23035599 1604.11545904],[1893.76595932 1548.97186034],[1902.32676362 1248.95274951]
DJI_20250408090129_0285_D:[2120.55332224 1311.92744145],[2125.77194413 1021.84520056],[2776.67629095 1073.06429938],[2772.88836087 1364.06620275]
DJI_20250408090137_0289_D:[2089.8429696 2698.101524 ],[2092.58253125 2404.25809814],[2755.21176812 2461.36272975],[2749.66849848 2755.38422521]
DJI_20250408090503_0392_D:[2489.72310737 2699.72582702],[2484.58548381 2998.06957795],[1820.68376617 2934.92900279],[1824.60063323 2638.08865171]
25
DJI_20250408090459_0390_D:[2873.36164575 1773.91466917],[2868.89383285 2078.1550651 ],[2190.32519113 2020.55472582],[2196.53575328 1717.19977528]
DJI_20250408090501_0391_D:[2850.95634753 2126.93963202],[2845.95648388 2430.09412328],[2171.1770306  2371.73133785],[2176.80079836 2069.27877573]
DJI_20250408090457_0389_D:[2892.53583704 1419.01784186],[2888.58495997 1722.57811209],[2207.53668641 1665.67519899],[2214.36223716 1363.17795039]
DJI_20250408090131_0286_D:[1732.56469081 1877.41839566],[1736.47470479 1582.88042491],[2392.16946342 1635.01539155],[2388.02596969 1931.32814369]
DJI_20250408090503_0392_D:[2841.07561425 2475.3504514 ],[2835.46320908 2776.27538975],[2164.42957287 2716.90371565],[2169.58261414 2416.47435222]
DJI_20250408090133_0287_D:[1710.74907938 2228.55700073],[1713.49011486 1933.00412936],[2372.55103341 1988.37002006],[2368.46904055 2285.56599972]
DJI_20250408090129_0285_D:[1780.30640517 1533.59410621],[1785.3928879 1242.1984989],[2435.65674    1291.63878039],[2431.37422655 1584.87582572]
DJI_20250408090455_0388_D:[2929.2847762  1073.92988931],[2925.95462898 1373.90518926],[2246.28904257 1317.76371217],[2253.61478563 1018.99789857]
DJI_20250408090135_0288_D:[1748.70179078 2574.80705675],[1750.13142643 2281.56200858],[2408.15411692 2338.93688617],[2404.31412805 2633.53502874]
DJI_20250408090519_0400_D:[3126.38513662 2165.64561669],[3133.87594353 1867.89847241],[3788.62975597 1928.33226045],[3779.92638394 2223.4126121 ]
26
DJI_20250408090131_0286_D:[2085.07464628 2123.94758815],[2088.50941868 1828.0475469 ],[2749.54951051 1882.30631149],[2745.02732003 2178.65788322]
DJI_20250408090129_0285_D:[2130.11720819 1776.44723153],[2134.2192531  1482.61606348],[2790.13609743 1535.52816984],[2785.98445167 1829.8818013 ]
DJI_20250408090501_0391_D:[2486.73135409 1873.2542302 ],[2481.26714001 2176.3622641 ],[1810.16819546 2117.86141049],[1817.1070362  1816.85078449]
DJI_20250408090133_0287_D:[2064.84411214 2477.41689401],[2067.67814588 2181.66957114],[2731.47147325 2237.69558101],[2726.44261849 2533.75483908]
DJI_20250408090459_0390_D:[2507.7553702  1520.06918125],[2502.24841913 1823.04204125],[1828.1492935  1766.87670524],[1836.25915578 1466.191629  ]
DJI_20250408090503_0392_D:[2478.33373765 2222.50835068],[2472.82381779 2524.59662122],[1804.62778337 2463.5209668 ],[1810.53128923 2163.33673677]
DJI_20250408090127_0284_D:[2126.46643206 1422.17543101],[2132.35624816 1130.69855763],[2784.87480155 1184.75592708],[2779.99455442 1477.00757746]
DJI_20250408090457_0389_D:[2526.28739146 1166.27268173],[2520.71175397 1467.32760521],[1844.94089041 1413.47168872],[1854.2697016  1114.90385038]
DJI_20250408090505_0393_D:[2454.73441584 2560.61317216],[2449.51303361 2860.38698818],[1784.75713005 2797.46275649],[1789.28890997 2499.43017719]
DJI_20250408090135_0288_D:[2102.32049546 2822.74907311],[2104.45384774 2530.54047976],[2765.97487673 2586.97103087],[2760.58607407 2879.2077661 ]
27
DJI_20250408090115_0278_D:[3070.77777023 1927.47336845],[3066.49253959 2226.31441953],[2400.1250606  2169.23468218],[2405.84129792 1870.88395322]
DJI_20250408090113_0277_D:[3067.32667299 1553.84136113],[3064.15824265 1851.53025198],[2397.06342802 1795.68815786],[2402.79422651 1498.71754403]
DJI_20250408090117_0279_D:[3065.74439291 2290.02648295],[3061.5911364  2588.62720516],[2396.05892447 2533.23753048],[2400.53211307 2234.91042025]
DJI_20250408090129_0285_D:[2916.84027494 2035.4301373 ],[2921.33781195 1738.89974718],[3576.49624403 1794.22544774],[3571.05795372 2088.58994217]
DJI_20250408090111_0276_D:[3132.63707327 1205.53469364],[3130.26322441 1499.87925011],[2464.80337654 1443.77170781],[2470.79763574 1150.1655372 ]
DJI_20250408090127_0284_D:[2910.03099393 1679.66438763],[2915.05019194 1384.26156651],[3567.92047019 1443.96414774],[3563.04951071 1737.4313661 ]
DJI_20250408090131_0286_D:[2876.09576563 2387.59528604],[2881.13787028 2090.0138372 ],[3541.51326817 2143.67394507],[3534.4442534  2438.97343023]
DJI_20250408090119_0280_D:[3048.03386306 2630.2053833 ],[3043.27472385 2926.47585652],[2380.76239446 2871.24737318],[2384.75179411 2575.03844372]
DJI_20250408085743_0172_D:[1407.04222501 1887.13615688],[1405.81168992 1582.80833765],[2080.73784309 1624.20969791],[2081.84225493 1931.23463187]
DJI_20250408085745_0173_D:[1377.94352604 2226.78102258],[1374.84420013 1922.15020341],[2051.40617118 1967.49703738],[2053.16840295 2274.71279107]
28
DJI_20250408090503_0392_D:[2804.44175291 1794.53224097],[2799.41801195 2097.85396064],[2123.64030187 2039.3898202 ],[2130.47336644 1737.23508081]
DJI_20250408090505_0393_D:[2780.03811775 2135.71711016],[2774.71569092 2438.85288694],[2100.73051531 2379.45164874],[2106.79235761 2077.30823786]
DJI_20250408090501_0391_D:[2812.91605108 1443.75057598],[2808.49268128 1745.94548129],[2131.36343683 1689.15671905],[2138.6819474  1388.32403403]
DJI_20250408090127_0284_D:[1808.57532947 1836.89796631],[1813.35299289 1543.05779548],[2467.98897327 1597.0866856 ],[2462.96196343 1892.3863626 ]
DJI_20250408090129_0285_D:[1814.45651985 2194.11809709],[1816.92407122 1899.99054319],[2473.56467076 1953.71606134],[2469.77972385 2249.06058409]
DJI_20250408090507_0394_D:[2822.03451725 2452.35304857],[2877.97886881 2748.28222198],[2209.46402949 2825.78716806],[2153.40649269 2530.76951851]
DJI_20250408090125_0283_D:[1856.30202229 1442.34429177],[1889.16313888 1150.9802291 ],[2535.85690415 1263.01553993],[2503.53627385 1556.16303173]
DJI_20250408090131_0286_D:[1769.39317722 2542.76581411],[1770.54352393 2248.72091313],[2430.39012985 2304.87674349],[2426.8430587 2600.0882698]
DJI_20250408090459_0390_D:[2834.12079885 1091.03071084],[2830.26496938 1390.82391394],[2151.83747831 1335.4262143 ],[2159.74097006 1037.18142396]
DJI_20250408090509_0395_D:[3209.78325103 2206.05363953],[3508.23071535 2228.08041564],[3409.50277025 2888.60953754],[3112.24613184 2867.39387416]
29
DJI_20250408090127_0284_D:[2551.04853013 2107.85532472],[2556.07336106 1811.86181803],[3215.01886966 1868.47869032],[3208.79136503 2163.37017033]
DJI_20250408090125_0283_D:[2571.57048695 1778.15884505],[2603.9232254  1483.36648367],[3255.46731579 1601.32571894],[3222.92306015 1895.20873318]
DJI_20250408090117_0279_D:[3423.34689542 1857.42067049],[3421.04005203 2155.04426491],[2756.87305292 2100.7023951 ],[2760.83387251 1802.52609051]
DJI_20250408090123_0282_D:[3047.40858807 1699.17669598],[3341.94108759 1670.34820515],[3361.51215406 2332.59162019],[3067.13116965 2361.54642691]
DJI_20250408090119_0280_D:[3406.45884995 2197.95877384],[3402.93212734 2495.44108531],[2740.1009703  2442.27080788],[2744.20763715 2144.03780928]
DJI_20250408090129_0285_D:[2558.75947781 2464.6326614 ],[2562.68498488 2169.65266682],[3222.46690101 2222.87062455],[3216.2656442  2516.51449834]
DJI_20250408090121_0281_D:[3281.96086655 1657.78789521],[3547.0618807  1789.67756829],[3213.91970877 2362.94861564],[2948.12222523 2230.83079506]
DJI_20250408090115_0278_D:[3427.54994364 1498.63066701],[3425.72667346 1794.26275912],[2762.38570022 1737.15165419],[2766.96618463 1441.17265377]
DJI_20250408090131_0286_D:[2516.13917168 2816.02591572],[2519.92014017 2522.24362944],[3182.99760853 2574.97403805],[3175.83784497 2867.31008718]
DJI_20250408090113_0277_D:[3421.29512353 1129.43857133],[3421.20862925 1421.63436279],[2758.76266858 1364.65045445],[2762.74502348 1072.31034292]
30
DJI_20250408090507_0394_D:[2963.41265716 1964.65590583],[3020.02150699 2260.8252302 ],[2350.54903464 2340.76081628],[2295.18148295 2044.77157502]
DJI_20250408090505_0393_D:[3017.52678471 1686.95715519],[3013.31404104 1988.25856306],[2339.70791089 1930.36635538],[2346.108033   1629.61645772]
DJI_20250408090509_0395_D:[2777.07779815 1943.62891856],[3076.81497404 1965.97760702],[2980.77683356 2630.12380739],[2681.83047046 2607.05466192]
DJI_20250408090503_0392_D:[3041.02017042 1348.47659246],[3037.54543586 1647.76424626],[2363.84873808 1590.21655911],[2370.56586637 1291.64742476]
DJI_20250408090511_0396_D:[2820.25527567 2153.77824864],[3066.27658556 1983.09506412],[3406.68467897 2554.87950808],[3161.47890339 2723.90342929]
DJI_20250408090513_0397_D:[2939.76301118 2245.92144614],[2949.38786328 1947.79364511],[3608.69382412 2012.72531728],[3597.50846662 2308.66593063]
DJI_20250408090125_0283_D:[1589.53484033 1856.88440601],[1620.36996312 1565.54036888],[2263.36964495 1678.92582453],[2231.68826515 1972.29181138]
DJI_20250408090127_0284_D:[1583.42823988 2271.71888537],[1585.8763377  1980.01909245],[2235.63404205 2036.12852109],[2231.598016   2329.67025105]
DJI_20250408090515_0398_D:[2948.66900995 2571.29689325],[2956.13758098 2274.84039648],[3615.28162932 2331.56215203],[3605.22481912 2625.57220447]
DJI_20250408090501_0391_D:[3048.03549618 1002.25606825],[3045.57556935 1298.17244755],[2372.18705674 1241.69744698],[2378.9778844   946.68349392]
31
DJI_20250408085803_0182_D:[2161.02409234 2005.50295146],[2160.94219555 1701.21642787],[2840.63556357 1747.39148732],[2840.3444772  2051.86401691]
DJI_20250408085805_0183_D:[2139.34890182 2340.77715294],[2138.38402649 2036.76433214],[2819.12510073 2083.00999948],[2818.66756954 2387.06982468]
DJI_20250408085801_0181_D:[2186.0415326  1656.73639389],[2186.95465945 1353.85782153],[2864.23276757 1400.21013728],[2864.03347416 1703.43558794]
DJI_20250408090055_0268_D:[2410.73624146 1741.80463317],[2405.93295293 2041.70600325],[1743.53755827 1986.34823763],[1749.88838047 1689.1639872 ]
DJI_20250408090057_0269_D:[2388.28044417 2088.31132475],[2383.65577004 2387.98983566],[1723.106608   2329.48099361],[1728.20127015 2032.34804093]
DJI_20250408085807_0184_D:[2132.99100668 2709.82257706],[2130.99384282 2408.01267663],[2811.34878442 2454.10408019],[2810.76155158 2755.77629702]
DJI_20250408085759_0180_D:[2198.8860805  1294.46576895],[2200.60027467  994.34403662],[2875.27219283 1040.32971118],[2875.44285879 1340.9940551 ]
DJI_20250408090053_0267_D:[2428.9136925 1403.3080295],[2424.13184984 1701.50795454],[1761.80132396 1649.74469178],[1769.20238365 1354.43863209]
DJI_20250408085709_0155_D:[3879.02282839 1882.22963147],[3881.21301396 2194.49020183],[3187.93487194 2149.60809175],[3186.5435234  1835.11938563]
DJI_20250408090059_0270_D:[2372.11482573 2440.44583226],[2367.50852382 2738.52487762],[1709.18954687 2676.41562088],[1713.14174987 2380.67573913]
32
DJI_20250408090055_0268_D:[3128.30588669 2018.45899121],[3124.38413408 2318.65312976],[2455.0227575  2263.38549503],[2459.53840234 1963.39050345]
DJI_20250408090053_0267_D:[3146.07599408 1678.18431441],[3143.30613728 1977.93927166],[2473.22712737 1923.45845161],[2477.6665657  1624.09411848]
DJI_20250408090057_0269_D:[3104.45013843 2364.8158415 ],[3099.57363107 2663.51005096],[2432.75347322 2607.94881055],[2437.13878235 2309.25666904]
DJI_20250408090051_0266_D:[3159.17325137 1318.38834279],[3157.73248362 1615.33984978],[2489.42542506 1562.09356127],[2493.66152989 1265.71073116]
DJI_20250408090151_0296_D:[2912.76096858 2210.33908782],[2917.22830197 1914.68725974],[3571.28304602 1968.70272279],[3565.88519926 2262.31723801]
DJI_20250408090149_0295_D:[2923.71337488 1854.76669334],[2927.62949858 1561.31922129],[3576.49360735 1616.95952043],[3572.71052216 1908.6265742 ]
DJI_20250408090147_0294_D:[2934.06561612 1510.79485033],[2937.44650744 1219.31845936],[3583.84447634 1276.73647797],[3581.61781914 1566.59882838]
DJI_20250408090153_0297_D:[2907.19560823 2580.75805284],[2912.22671833 2285.01245857],[3569.44082405 2336.90578369],[3562.31709762 2630.30149491]
DJI_20250408085805_0183_D:[1419.49702607 2069.45699327],[1418.71482973 1768.1743245 ],[2086.73158703 1812.43464118],[2087.20325644 2116.42462412]
DJI_20250408090059_0270_D:[3086.14660595 2716.21393682],[3080.09516715 3011.91144246],[2416.44167714 2955.75053769],[2420.86135801 2659.78986336]
33
DJI_20250408085805_0183_D:[2212.840233   1874.20619591],[2212.97613009 1570.65476319],[2890.96235501 1616.5143053 ],[2890.95120069 1920.18518822]
DJI_20250408085807_0184_D:[2204.95789082 2244.41967869],[2204.21551172 1940.61229027],[2883.58835014 1986.31222385],[2883.31316857 2290.04728832]
DJI_20250408085803_0182_D:[2235.59378533 1540.51252954],[2236.44488308 1238.90461169],[2911.7598156  1284.73892784],[2912.07594835 1586.61347757]
DJI_20250408085809_0185_D:[2179.96625344 2597.4459261 ],[2178.57529824 2296.42640757],[2855.12407347 2342.30774875],[2854.41626713 2643.13824509]
DJI_20250408090053_0267_D:[2351.21483821 1861.20959256],[2346.76463603 2160.70130672],[1686.92132479 2105.05024952],[1692.50847542 1808.36470126]
DJI_20250408090051_0266_D:[2367.69990969 1501.60021819],[2363.21767374 1799.34360132],[1704.17626385 1747.85752095],[1710.91721464 1453.08846302]
DJI_20250408090055_0268_D:[2333.1589763  2199.92907448],[2328.86392581 2498.88648413],[1670.61444437 2439.69435146],[1674.97348992 2143.36599743]
DJI_20250408085707_0154_D:[3836.83111818 1991.63777276],[3838.32372442 2304.11156046],[3144.30277747 2260.220465  ],[3143.1682035  1945.59239316]
DJI_20250408085801_0181_D:[2261.69382226 1196.0065378 ],[2263.36685328  898.11629022],[2934.59014723  944.14692524],[2935.17738067 1242.47570895]
DJI_20250408085705_0153_D:[3836.33692547 1631.40563402],[3840.56922829 1941.7064267 ],[3149.2344546  1896.59542797],[3146.6623964  1584.41626998]
34
DJI_20250408090051_0266_D:[3201.51293955 1787.45437199],[3198.91867084 2087.19777519],[2529.53166517 2033.60393067],[2533.39201236 1733.96859096]
DJI_20250408090053_0267_D:[3186.45508521 2150.25354144],[3182.49397972 2450.36202725],[2513.12092039 2396.03463254],[2517.2052931  2095.82545604]
DJI_20250408090049_0265_D:[3231.50395385 1436.17411207],[3230.33916333 1734.26556715],[2561.15878303 1681.41861863],[2564.69487702 1383.5661626 ]
DJI_20250408090153_0297_D:[2868.72646715 2113.91723478],[2873.09838161 1816.49718988],[3531.33258187 1871.5253715 ],[3526.38192211 2167.08207214]
DJI_20250408090055_0268_D:[3166.84714001 2489.88620415],[3161.70747298 2788.09892607],[2494.75114203 2733.49532568],[2498.91921709 2434.95920365]
DJI_20250408090151_0296_D:[2873.68139784 1744.97303885],[2877.54170529 1450.06752011],[3530.81420726 1506.56944738],[3527.50533347 1799.89456085]
DJI_20250408090155_0298_D:[2812.21603162 2449.96490039],[2816.73487783 2153.34620284],[3475.94743528 2206.22237504],[3469.82717907 2500.91311244]
DJI_20250408090047_0264_D:[3257.98692747 1099.7397277 ],[3258.04879518 1394.50307347],[2590.49754539 1341.90828245],[2593.87240244 1047.51520984]
DJI_20250408090149_0295_D:[2884.160843   1394.09769158],[2887.50146815 1103.63152416],[3533.94242189 1161.20822481],[3532.19657946 1450.32441082]
DJI_20250408085807_0184_D:[1366.24862992 1963.37819036],[1366.12062662 1662.42989592],[2032.26263508 1705.07300393],[2032.55800658 2009.03131325]
35
DJI_20250408085809_0185_D:[2230.07533246 2135.68444149],[2229.74158379 1833.86505241],[2904.01932044 1879.4620434 ],[2903.78513339 2181.23380723]
DJI_20250408085807_0184_D:[2256.08998233 1780.76955022],[2256.26302569 1478.48409858],[2931.64666639 1523.90785612],[2931.9870314  1826.26805058]
DJI_20250408085811_0186_D:[2236.09631408 2496.39188636],[2235.3233185  2195.79943367],[2909.38619723 2241.85890512],[2908.4445867  2542.16822471]
DJI_20250408085805_0183_D:[2265.10670639 1413.45789159],[2266.05256252 1113.82526071],[2938.32832479 1159.30877311],[2939.0331127  1459.21616109]
DJI_20250408090051_0266_D:[2313.50833471 1956.63981061],[2309.55544493 2254.77992129],[1653.52418438 2199.31744698],[1658.27154483 1903.98990925]
DJI_20250408090049_0265_D:[2344.95786334 1607.48642295],[2340.92949297 1905.0062626 ],[1683.80671014 1853.49356002],[1689.71765706 1558.91377149]
DJI_20250408085703_0152_D:[3794.86123497 1714.96897844],[3798.3833835  2024.54468355],[3108.97801478 1980.33027212],[3106.71348616 1668.98117298]
DJI_20250408085705_0153_D:[3785.46363496 2105.48547288],[3786.66780304 2415.47959472],[3097.51635154 2373.62397125],[3096.23458404 2061.59702591]
DJI_20250408085813_0187_D:[2261.48332989 2835.41413935],[2260.21571265 2537.99333786],[2931.97210893 2583.65948822],[2930.4798598  2880.53618356]
DJI_20250408090053_0267_D:[2297.16207941 2316.19828989],[2293.38469816 2613.74188095],[1638.29629082 2554.23638414],[1641.73704334 2259.33730428]
36
DJI_20250408090826_0493_D:[3042.47137457 1836.74153147],[3036.69450946 2142.66807318],[2354.15590595 2082.3120467 ],[2360.8376296  1776.35986525]
DJI_20250408090828_0494_D:[3012.96227557 2195.10915738],[3006.52670019 2500.46926854],[2325.305375   2440.50287566],[2331.49488233 2134.89959624]
DJI_20250408090824_0492_D:[3053.00721216 1461.14249302],[3047.98354611 1765.95576791],[2365.0633538  1705.49044142],[2372.15196685 1400.93332782]
DJI_20250408090928_0524_D:[2992.52366302 2046.77377068],[3000.58286146 1742.29419577],[3672.64300169 1807.22261504],[3664.20989132 2109.71970411]
DJI_20250408090830_0495_D:[2999.78927897 2555.5513853 ],[2992.865747   2858.60320804],[2314.07081629 2799.54269757],[2319.60565712 2495.9778575 ]
DJI_20250408090822_0491_D:[3077.65922429 1114.80331681],[3073.48297377 1417.03223786],[2390.91904882 1356.6261422 ],[2398.28008424 1054.85067979]
DJI_20250408090541_0411_D:[1563.62999574 1977.26980632],[1569.85904113 1681.37881279],[2226.23773597 1738.21606129],[2220.04897877 2036.61843216]
DJI_20250408090930_0525_D:[2957.50753752 2419.00820334],[2965.83073897 2116.17200558],[3636.50923774 2177.9473499 ],[3626.62372545 2478.60889851]
DJI_20250408090925_0523_D:[3019.49807252 1695.16862325],[3027.19578986 1389.54518933],[3702.31182973 1457.65207498],[3695.43308765 1761.44758351]
DJI_20250408090543_0412_D:[1541.94783955 2332.4898593 ],[1546.41990367 2036.74729925],[2203.72262506 2096.8471315 ],[2198.17200039 2394.87993248]
37
DJI_20250408090925_0523_D:[2395.93803531 1891.87121124],[2404.26024586 1586.43273494],[3085.29291867 1651.04323352],[3077.10278872 1956.63092052]
DJI_20250408090928_0524_D:[2373.67292658 2241.36427627],[2381.25997654 1938.17676976],[3058.03727389 2001.92593343],[3049.44748648 2305.04786342]
DJI_20250408090924_0522_D:[2400.87496454 1542.03622474],[2409.86227496 1236.86283771],[3092.32998655 1301.83046364],[3084.68118256 1607.43458294]
DJI_20250408090930_0525_D:[2341.9624133  2610.93389789],[2348.70982019 2310.51337   ],[3022.90463686 2373.49204001],[3014.00965815 2673.63636877]
DJI_20250408090828_0494_D:[3624.23988233 1994.6404529 ],[3618.60027854 2297.4702215 ],[2945.78387512 2239.7544747 ],[2951.76094242 1934.76404934]
DJI_20250408090826_0493_D:[3652.29214994 1640.16772179],[3648.39970815 1942.45048924],[2975.30900675 1882.06940522],[2980.69205813 1577.84514064]
DJI_20250408091214_0607_D:[2209.93511025 1870.94508353],[2198.12724017 2190.29734354],[1497.02607442 2115.04550517],[1509.65822607 1798.7054279 ]
DJI_20250408091212_0606_D:[2254.29253242 1479.23683833],[2241.69106566 1797.63384709],[1539.43827082 1725.59365354],[1554.21858977 1410.43861197]
DJI_20250408090830_0495_D:[3610.98921201 2352.21048796],[3603.80942356 2653.80251741],[2932.71292079 2599.28058916],[2939.08908689 2295.23733494]
DJI_20250408091216_0608_D:[2201.17961262 2223.61589864],[2190.07580983 2542.44555836],[1489.83329398 2464.14030464],[1500.55875439 2148.07994168]
38
DJI_20250408090828_0494_D:[2984.06509568 1721.81344894],[2978.50859416 2025.5066919 ],[2300.47381635 1965.5281312 ],[2307.36801218 1662.07221033]
DJI_20250408090830_0495_D:[2971.73625008 2081.15136223],[2965.71349162 2384.98734976],[2288.3269399  2325.35173889],[2294.58823407 2021.49811764]
DJI_20250408090826_0493_D:[3012.40907813 1367.22015348],[3007.53496392 1669.06324324],[2329.94356916 1609.17200219],[2337.27867675 1307.77481826]
DJI_20250408090832_0496_D:[2948.57046872 2449.2309088 ],[2942.04422857 2751.12319288],[2267.18106399 2692.0230079 ],[2272.76469525 2389.84762879]
DJI_20250408090539_0410_D:[1603.76496845 2083.52031872],[1609.46121665 1789.06120999],[2263.31282497 1846.86189021],[2257.25366453 2143.59904472]
DJI_20250408090537_0409_D:[1628.05340197 1743.5359871 ],[1635.08051687 1450.71541543],[2285.77850974 1504.9608416 ],[2279.42139616 1800.25250926]
DJI_20250408090925_0523_D:[3040.6968745  2170.20878127],[3049.31679251 1865.39380575],[3721.39192952 1930.26661281],[3711.95438588 2232.81691761]
DJI_20250408090924_0522_D:[3048.44622792 1822.71108382],[3056.6203219  1516.74437809],[3731.18531218 1584.78108853],[3723.39848262 1888.72114803]
DJI_20250408090541_0411_D:[1595.92381347 2433.72712657],[1599.80426134 2140.2126478 ],[2253.78932987 2200.5145319 ],[2248.46277575 2496.05681922]
DJI_20250408090824_0492_D:[3021.81163065  998.10816056],[3017.68058401 1296.37832664],[2341.49326263 1236.96019843],[2349.23622039  939.41246526]
39
DJI_20250408090924_0522_D:[1987.75331925 1994.34311925],[1996.10779691 1689.41243119],[2675.98113313 1753.59554054],[2667.44168636 2059.96397797]
DJI_20250408091216_0608_D:[2638.90523328 1756.50470117],[2627.54074417 2074.88408681],[1920.67171709 2001.00065374],[1933.43385794 1684.19939489]
DJI_20250408090925_0523_D:[1986.398647   2339.77910098],[1993.36058391 2036.95220848],[2670.14209969 2101.9074684 ],[2661.83703601 2405.86870871]
DJI_20250408091218_0609_D:[2588.54371756 2150.22865397],[2577.20588267 2469.08877345],[1870.37566821 2393.53677975],[1881.79682117 2076.06598461]
DJI_20250408090922_0521_D:[2058.517639   1609.97147564],[2067.6385354  1306.03613756],[2746.93187057 1367.84223881],[2738.86977789 1673.32283179]
DJI_20250408091214_0607_D:[2647.42207407 1406.50900219],[2636.13091159 1722.96804353],[1930.19901983 1650.77753125],[1944.03955487 1336.16224839]
DJI_20250408090928_0524_D:[1969.64283611 2681.29276267],[1975.14556479 2382.97893306],[2645.91584893 2448.25462712],[2637.98124562 2747.46542132]
DJI_20250408091220_0610_D:[2553.72558107 2553.74642264],[2542.99398714 2870.74333445],[1837.71793742 2794.50159627],[1847.1041689  2478.66818226]
DJI_20250408090920_0520_D:[2051.69008812 1273.87041884],[2061.73190816  971.25829122],[2742.01868693 1031.04667156],[2734.21867348 1335.52916716]
DJI_20250408091212_0606_D:[2691.15305364 1020.4539099 ],[2680.03409911 1333.17101843],[1975.30513454 1262.61118271],[1990.29810747  951.98259737]
40
DJI_20250408090922_0521_D:[2565.22127309 1907.60733387],[2573.51351367 1599.58596944],[3259.15607714 1665.24425282],[3250.89114118 1972.81896554]
DJI_20250408090924_0522_D:[2493.39394817 2295.76582519],[2501.74592024 1988.23647639],[3187.73249856 2053.99301107],[3178.14391634 2360.97552071]
DJI_20250408090920_0520_D:[2559.92341261 1568.22209313],[2568.25616635 1259.97913916],[3256.26158942 1325.93898349],[3249.13035414 1634.00718468]
DJI_20250408090832_0496_D:[3493.08956331 1978.48665814],[3487.78082207 2281.77052146],[2812.7034469  2223.85458595],[2818.57455705 1918.83747132]
DJI_20250408090830_0495_D:[3514.97618016 1610.58304957],[3511.20792817 1913.26118678],[2835.48211884 1853.02500489],[2841.0038854  1548.88224575]
DJI_20250408090925_0523_D:[2489.29862823 2640.78101443],[2497.10086755 2336.91158376],[3178.68557629 2401.17337564],[3168.47677419 2704.20931253]
DJI_20250408090834_0497_D:[3482.88741178 2337.72672982],[3476.22483592 2638.93112951],[2804.98590475 2584.04964423],[2811.01165608 2280.79278002]
DJI_20250408090828_0494_D:[3524.76069119 1254.70059099],[3522.421926   1554.79726039],[2847.75722091 1492.47152927],[2852.97329643 1191.15824626]
DJI_20250408090917_0519_D:[2571.66603462 1195.70144409],[2580.3538264   889.02040987],[3269.87548715  955.85815392],[3263.72108019 1262.65083673]
DJI_20250408091218_0609_D:[2059.54073749 1833.85114141],[2047.31695208 2153.71453616],[1348.76777399 2078.51702275],[1362.1725208  1762.34618968]
41
DJI_20250408090932_0526_D:[2457.63058064 2053.22443752],[2465.21348451 1751.07675083],[3138.57286408 1813.97550105],[3130.72793009 2115.95985006]
DJI_20250408090930_0525_D:[2473.51384419 1703.76290273],[2481.32689711 1402.38390852],[3153.81851197 1465.23344322],[3146.84728963 1766.66865936]
DJI_20250408090934_0527_D:[2450.72650868 2398.20504538],[2457.8649859  2094.86289803],[3135.53415979 2157.52626325],[3127.02286884 2460.4350945 ]
DJI_20250408090822_0491_D:[3565.68587122 1832.2282847 ],[3560.43491951 2136.38142383],[2883.62759659 2077.11083861],[2889.55205522 1771.15713377]
DJI_20250408090824_0492_D:[3538.75565417 2178.50888378],[3531.97802616 2481.71005348],[2857.15604992 2424.78622087],[2863.4981848  2119.58017323]
DJI_20250408090820_0490_D:[3596.712573   1490.06178319],[3593.33240448 1793.094328  ],[2916.65496477 1732.16790526],[2921.82823266 1427.50834093]
DJI_20250408090928_0524_D:[2507.50165702 1331.69495186],[2515.74274483 1032.39199209],[3187.22479929 1095.86224287],[3181.01168109 1395.41029876]
DJI_20250408090936_0528_D:[2422.5680474  2768.79838732],[2429.49577206 2468.06699812],[3105.95998235 2530.81114092],[3096.4909733  2830.88423375]
DJI_20250408091208_0604_D:[2171.08940429 1698.2504752 ],[2159.09777622 2018.04989619],[1457.23720417 1944.54501521],[1470.50748033 1628.01807338]
DJI_20250408091210_0605_D:[2118.9914289  2071.11931144],[2107.67594686 2390.98875565],[1407.30925591 2313.41433958],[1418.52952082 1996.66327688]
42
DJI_20250408090820_0490_D:[2767.23159072 1650.4983999 ],[2761.43802279 1956.70778184],[2079.03535361 1896.92880208],[2086.15140837 1591.78990538]
DJI_20250408090822_0491_D:[2734.31189558 1995.34918515],[2728.06436574 2301.71291776],[2046.69288823 2240.52375044],[2053.15286842 1935.05142158]
DJI_20250408090547_0414_D:[1839.261449   2170.93892188],[1845.14006854 1873.96881819],[2507.01960055 1933.30402111],[2500.62388642 2231.67064617]
DJI_20250408090545_0413_D:[1850.75183806 1834.95381842],[1857.69840749 1538.36016104],[2518.67665241 1595.44017858],[2512.26789452 1893.67485142]
DJI_20250408090818_0489_D:[2807.08710512 1292.7974828 ],[2801.80242244 1596.89925829],[2119.97825444 1538.48447358],[2127.74139479 1235.63526755]
DJI_20250408090824_0492_D:[2708.32475749 2343.5377491 ],[2701.94657664 2648.01634065],[2023.54606195 2586.09443868],[2029.03443125 2282.30909014]
DJI_20250408090543_0412_D:[1875.99132693 1477.31769718],[1884.19293005 1183.19338465],[2542.29981146 1238.00593106],[2535.76768644 1534.01169555]
DJI_20250408090549_0415_D:[1804.57730554 2543.20752247],[1808.96893778 2247.66765923],[2470.34943772 2308.78707176],[2464.30469315 2605.54704155]
DJI_20250408090816_0488_D:[2805.33633828  944.01842491],[2800.63794837 1243.53389856],[2122.54686581 1187.33557633],[2130.88146881  889.38109021]
DJI_20250408090826_0493_D:[2697.03461025 2716.44545886],[2690.57149817 3017.33403168],[2015.85592514 2954.97971621],[2020.24825328 2654.50745422]
43
DJI_20250408090934_0527_D:[2540.21491767 1933.5277358 ],[2547.69555804 1630.2173153 ],[3223.15328875 1693.1515192 ],[3215.84139302 1996.12830842]
DJI_20250408090936_0528_D:[2511.7727966  2306.53960509],[2519.2862341  2003.36668156],[3195.36140468 2066.38434883],[3186.86205174 2369.02027013]
DJI_20250408090932_0526_D:[2547.18853446 1591.94530209],[2554.93020435 1292.09454813],[3224.45991686 1355.15983387],[3217.96866391 1654.93017252]
DJI_20250408090820_0490_D:[3511.0652189  1954.80843746],[3505.36853068 2258.89930577],[2828.50681068 2200.80994436],[2834.41296132 1895.01368168]
DJI_20250408090818_0489_D:[3549.90780606 1598.10098453],[3545.93276073 1901.52694693],[2869.10050387 1841.64186059],[2874.44271358 1536.69272178]
DJI_20250408090937_0529_D:[2494.58243272 2669.87191514],[2502.15662343 2368.2996333 ],[3178.33048082 2431.52430449],[3168.59489121 2732.3089029 ]
DJI_20250408090822_0491_D:[3477.30581664 2297.37326097],[3469.9803798  2600.22545196],[2794.74954372 2543.76881405],[2801.17039278 2239.01524258]
DJI_20250408090816_0488_D:[3544.92805971 1247.39973943],[3542.80396837 1547.83219499],[2868.12585017 1486.88439858],[2872.77776149 1185.2333303 ]
DJI_20250408091206_0603_D:[2104.76819371 1832.34463532],[2092.9541194 2151.42986  ],[1394.70683208 2076.49009145],[1407.25827587 1760.75893759]
DJI_20250408090930_0525_D:[2563.18615024 1245.19964329],[2570.95806337  948.44553779],[3237.90297555 1011.43925846],[3232.50141294 1308.31722788]
44
DJI_20250408090818_0489_D:[2767.04129986 1745.90204167],[2761.27785114 2053.05412274],[2077.41566663 1993.13976271],[2084.12861251 1687.01202272]
DJI_20250408090820_0490_D:[2726.41855643 2106.42944868],[2720.32071887 2413.31724425],[2037.63298115 2352.17869283],[2043.5164119  2046.13431763]
DJI_20250408090549_0415_D:[1841.85958322 2103.21841377],[1848.06120645 1805.63493275],[2511.06768124 1864.64405666],[2504.63945203 2163.66764079]
DJI_20250408090816_0488_D:[2766.29496254 1390.62629889],[2761.03870195 1695.53409319],[2079.20581673 1637.51044994],[2086.57349865 1333.93323351]
DJI_20250408090547_0414_D:[1878.76833025 1728.982329  ],[1886.29219849 1432.30704025],[2548.08590212 1489.37396497],[2541.47167491 1787.68029501]
DJI_20250408090551_0416_D:[1813.34990048 2433.34421051],[1818.24503907 2136.30769373],[2481.70827005 2196.90382578],[2475.58698109 2495.24595872]
DJI_20250408090822_0491_D:[2692.89027906 2451.18813049],[2686.49470394 2755.93482381],[2006.53414583 2693.52816038],[2011.58758082 2389.44627359]
DJI_20250408090545_0413_D:[1891.78375935 1393.69604902],[1900.28785978 1099.5587561 ],[2559.59361006 1154.09808547],[2553.06893612 1450.12630955]
DJI_20250408090813_0487_D:[2789.0920572  1027.17102828],[2784.37096661 1328.05885093],[2105.21880397 1271.91560412],[2113.2935215   972.59560878]
DJI_20250408090553_0417_D:[1790.51567873 2776.90208449],[1794.00238755 2482.22972905],[2456.45812033 2544.59847995],[2450.66118367 2840.42344709]
45
DJI_20250408090937_0529_D:[2650.12558562 2203.54998673],[2658.15046681 1898.57027474],[3336.43688778 1962.72251921],[3327.80335667 2266.80420066]
DJI_20250408090936_0528_D:[2667.06822674 1837.17659859],[2674.70002079 1533.08578111],[3351.02935322 1597.25229889],[3343.9691105  1900.67631062]
DJI_20250408090816_0488_D:[3401.02199662 1713.03427766],[3396.46286057 2018.04177641],[2715.93263836 1959.16152702],[2721.44667431 1653.07196645]
DJI_20250408090818_0489_D:[3402.82225035 2069.16474708],[3396.664426   2374.71878111],[2715.6986141  2316.84269924],[2721.63513903 2009.87588474]
DJI_20250408090940_0530_D:[2623.40006345 2578.96060371],[2631.39833681 2274.20391297],[3312.27720055 2337.51676947],[3302.40835085 2641.11920324]
DJI_20250408090813_0487_D:[3421.61883775 1347.25345921],[3418.71812592 1649.93220994],[2739.74910225 1590.06798378],[2744.8504309  1286.54204039]
DJI_20250408090934_0527_D:[2695.23890769 1463.46739806],[2702.48455222 1161.76067982],[3376.28057016 1226.1486226 ],[3370.78856194 1527.370855  ]
DJI_20250408090820_0490_D:[3361.28146791 2427.73142303],[3353.75347807 2731.43057436],[2674.69023229 2675.10119833],[2680.8211256  2369.78380918]
DJI_20250408090942_0531_D:[2612.82445546 2938.98438671],[2620.7021497  2636.31814417],[3302.659874   2698.32251318],[3291.6725462  2999.49099573]
DJI_20250408091204_0602_D:[1967.00924127 1933.20935193],[1955.54351115 2252.55060049],[1260.71158361 2176.30342249],[1272.47094745 1860.79608829]
46
DJI_20250408090041_0261_D:[3180.93858492 1857.1689546 ],[3178.78676978 2155.37630503],[2513.20908927 2104.04369311],[2516.10168303 1805.95873629]
DJI_20250408090039_0260_D:[3189.90455011 1508.11218685],[3188.48405131 1804.77269737],[2523.93932106 1753.17097686],[2527.1583505  1456.84637193]
DJI_20250408090043_0262_D:[3170.75165422 2201.8625954 ],[3167.69046379 2500.15850491],[2501.88195122 2448.7948529 ],[2504.64273116 2150.39596176]
DJI_20250408090203_0302_D:[2850.49100958 2026.91110682],[2855.17545828 1728.38063738],[3515.84084814 1785.13735989],[3511.07060468 2081.92141737]
DJI_20250408090205_0303_D:[2841.2184241 2387.0191395],[2846.25008317 2089.25849925],[3506.62167809 2143.84818207],[3500.37266564 2439.64101762]
DJI_20250408090201_0301_D:[2885.63384202 1684.45233931],[2889.79813086 1386.66393827],[3549.56575539 1445.19741072],[3546.37188566 1741.35437277]
DJI_20250408090045_0263_D:[3168.46371067 2560.33967165],[3164.29378531 2856.91714189],[2499.6570649  2805.53957555],[2502.40810467 2508.5677565 ]
DJI_20250408090037_0259_D:[3217.88384689 1112.52710103],[3217.11705278 1405.54517771],[2554.96277653 1353.12241154],[2558.70403305 1060.60249324]
DJI_20250408085817_0189_D:[1426.00869136 1874.55546884],[1427.58394062 1576.59585515],[2087.91196637 1619.46693623],[2087.09122702 1920.32086121]
DJI_20250408085819_0190_D:[1421.42096697 2228.56496723],[1421.0527799  1930.49458343],[2081.91139512 1976.95780878],[2081.89812359 2277.70812097]
47
DJI_20250408085817_0189_D:[2071.88472902 2139.04646603],[2072.12287586 1838.25415447],[2744.05362789 1884.64898075],[2743.52830676 2185.96707227]
DJI_20250408085815_0188_D:[2079.40239639 1803.06650614],[2080.35493839 1503.11582764],[2750.74095428 1548.34069945],[2750.54562485 1849.02433968]
DJI_20250408090043_0262_D:[2522.18787658 1933.47069167],[2519.31438722 2231.84228429],[1859.02539396 2178.88911683],[1862.55540768 1882.68444959]
DJI_20250408085819_0190_D:[2067.32427673 2495.14965691],[2066.72365485 2195.56096572],[2738.17827345 2242.77409946],[2737.39275626 2542.68857348]
DJI_20250408090041_0261_D:[2533.67087246 1590.31814161],[2530.70922205 1887.34743728],[1871.55787914 1837.01873395],[1876.19133376 1542.34431162]
DJI_20250408085813_0187_D:[2115.8510606  1439.99113358],[2117.51435367 1142.10476439],[2786.32647527 1186.20897171],[2786.55085397 1484.97981677]
DJI_20250408090045_0263_D:[2519.97992795 2291.55741932],[2517.0779605  2589.60970032],[1856.78216135 2533.84707231],[1859.25742862 2237.73061391]
DJI_20250408090039_0260_D:[2544.87531499 1243.56568386],[2541.63057499 1537.79570466],[1884.44698179 1489.81061749],[1890.40237711 1198.13442747]
DJI_20250408085821_0191_D:[2051.233891   2852.97809453],[2049.801121  2556.2580362],[2719.77090026 2604.36030982],[2718.69306325 2901.2222705 ]
DJI_20250408090047_0264_D:[2503.57253097 2656.99308306],[2500.70084657 2952.76935984],[1842.13423223 2894.36206718],[1843.43719546 2600.30635279]
48
DJI_20250408090043_0262_D:[3239.9177144  1739.46764844],[3238.20119512 2038.35347112],[2570.45107818 1986.79886178],[2573.35569297 1687.92887435]
DJI_20250408090045_0263_D:[3239.49510661 2098.59691921],[3236.56252939 2398.13130094],[2568.28577007 2346.37851367],[2571.31008674 2046.59888559]
DJI_20250408090041_0261_D:[3248.39815383 1396.80898495],[3247.72166918 1693.37846529],[2581.82002609 1641.95482868],[2584.71746327 1345.60171879]
DJI_20250408090201_0301_D:[2814.49419583 2147.32139111],[2819.2265586  1847.55959881],[3483.28804721 1903.63354019],[3478.02891611 2201.64472325]
DJI_20250408090159_0300_D:[2851.96423508 1802.41355128],[2855.98753176 1503.13739445],[3518.86219139 1560.31310864],[3515.39730305 1857.96355123]
DJI_20250408090047_0264_D:[3223.25481891 2466.36221305],[3219.09067259 2764.64049384],[2551.76421258 2712.98557464],[2554.87365627 2414.19671734]
DJI_20250408090203_0302_D:[2778.75352252 2489.19167514],[2783.80243899 2190.92835198],[3447.06675865 2245.26299025],[3440.43831253 2541.6430847 ]
DJI_20250408090157_0299_D:[2866.20133083 1443.78851721],[2869.75765116 1148.76593066],[3526.14038864 1207.23061992],[3524.26814865 1500.87286042]
DJI_20250408090039_0260_D:[3255.8232275  1052.16436863],[3256.02609529 1344.90435847],[2592.81592517 1293.29069611],[2595.89938303 1000.95688802]
DJI_20250408085815_0188_D:[1367.23707444 2004.01084407],[1367.8099042 1705.5758772],[2028.09734428 1749.29120601],[2027.80586129 2050.74326738]
49
DJI_20250408085813_0187_D:[2110.70347851 1918.80136275],[2111.16361873 1617.66204416],[2783.87485527 1663.15484399],[2783.71967603 1964.85519603]
DJI_20250408085815_0188_D:[2075.4215995  2282.67667823],[2075.08827774 1981.95322941],[2747.57411612 2028.34617275],[2747.09164168 2329.49132429]
DJI_20250408090045_0263_D:[2527.67439024 1815.3060743 ],[2524.53138673 2114.22533591],[1862.62543316 2061.53473682],[1866.87107914 1764.85894523]
DJI_20250408085811_0186_D:[2087.00232185 1575.42482362],[2088.30486386 1275.53944463],[2759.99066013 1320.04259933],[2760.05206134 1620.76684857]
DJI_20250408090047_0264_D:[2511.27448337 2181.87828121],[2508.09488572 2481.0104632 ],[1846.11264242 2425.3324024 ],[1849.28729909 2128.23813578]
DJI_20250408090043_0262_D:[2529.79942545 1459.05150721],[2526.712036   1755.92539189],[1866.53873107 1706.41354363],[1871.79360023 1412.00507083]
DJI_20250408085817_0189_D:[2069.07011151 2617.69679366],[2067.9898385  2318.42717529],[2740.35243349 2365.67755076],[2739.56142431 2665.1686422 ]
DJI_20250408090049_0265_D:[2482.11949179 2520.85071912],[2479.09409171 2817.91904744],[1819.76454962 2759.86869853],[1821.71686242 2464.68368484]
DJI_20250408085809_0185_D:[2082.87201377 1216.84916467],[2084.91940017  920.56520664],[2753.22342157  963.24908872],[2753.71626118 1260.63649522]
DJI_20250408090041_0261_D:[2541.37795517 1120.25432103],[2538.2465183  1413.54642803],[1880.83985715 1366.96157022],[1887.14998475 1076.32028286]
50
DJI_20250408090047_0264_D:[3240.84526683 2021.64669433],[3238.00477688 2321.48900141],[2569.11009897 2269.1788604 ],[2572.36658125 1969.13316287]
DJI_20250408090045_0263_D:[3255.19935523 1654.71161485],[3253.63628342 1953.47960426],[2585.48537801 1901.40483959],[2588.58231673 1602.66506775]
DJI_20250408090049_0265_D:[3210.87365685 2362.06630031],[3206.98078428 2660.70449704],[2539.77067497 2608.60656974],[2543.00694018 2309.58166944]
DJI_20250408090157_0299_D:[2847.74575236 1884.92029491],[2851.84757031 1587.25100587],[3511.00836057 1643.59494433],[3507.1585238  1939.63834399]
DJI_20250408090159_0300_D:[2832.79617514 2247.28822768],[2837.29326449 1947.62801719],[3501.28240094 2002.35983248],[3495.89649939 2300.1282881 ]
DJI_20250408090043_0262_D:[3253.75261104 1299.11068309],[3253.42744492 1595.00623433],[2587.42462979 1543.4600787 ],[2590.36372948 1247.82420915]
DJI_20250408090155_0298_D:[2835.72964826 1531.46366333],[2839.34221138 1236.85696025],[3494.23646401 1294.20326307],[3491.96711902 1587.4807314 ]
DJI_20250408090201_0301_D:[2794.40878121 2590.41311371],[2799.49094105 2292.45421644],[3463.04540537 2345.93915493],[3455.99088164 2641.86410167]
DJI_20250408090051_0266_D:[3176.82027891 2711.89017257],[3171.6720467  3007.43256362],[2507.71897934 2955.06584041],[2511.07594335 2658.94446207]
DJI_20250408085813_0187_D:[1388.74924333 2086.62750861],[1388.56524622 1787.75247115],[2050.34256774 1832.1572421 ],[2050.45705342 2133.93091218]
51
DJI_20250408085821_0191_D:[2100.85510066 1958.75262538],[2101.93742151 1658.90571814],[2771.5820139  1705.41826366],[2770.93995189 2005.83026567]
DJI_20250408085823_0192_D:[2099.40762885 2308.44357022],[2099.58094627 2008.5617045 ],[2769.96399011 2055.61855628],[2769.13609543 2355.81096679]
DJI_20250408085819_0190_D:[2119.21761571 1597.9487475 ],[2120.94613963 1299.82436546],[2788.75389054 1345.07172872],[2788.56805118 1643.96032449]
DJI_20250408090037_0259_D:[2516.88928326 1727.8850436 ],[2513.30350382 2024.65554402],[1856.21546697 1971.91785062],[1860.86492709 1677.45349391]
DJI_20250408090039_0260_D:[2486.6880924  2128.87299109],[2483.81030369 2425.76797986],[1827.18749008 2371.25118962],[1829.97211457 2076.48713689]
DJI_20250408090035_0258_D:[2552.82374508 1380.91331452],[2550.05067114 1676.00397419],[1893.12532998 1627.7728663 ],[1897.99308287 1335.10915951]
DJI_20250408085825_0193_D:[2097.22941098 2666.75803401],[2096.53636996 2368.93971041],[2765.70461865 2416.4130368 ],[2764.59727611 2714.2978541 ]
DJI_20250408085817_0189_D:[2126.10536488 1243.75322121],[2128.57189575  948.95905723],[2793.56705328  992.9507063 ],[2793.75382003 1288.73229453]
DJI_20250408090041_0261_D:[2476.45788156 2478.51044158],[2474.01874421 2773.87227815],[1818.58085852 2717.45948765],[1819.86197485 2424.02144146]
DJI_20250408090033_0257_D:[2573.26757109 1043.72424279],[2570.13793573 1335.14378703],[1915.95580786 1288.866481  ],[1922.16641138 1000.0317835 ]
52
DJI_20250408090037_0259_D:[3214.70313697 1991.66079577],[3211.3793105  2288.82060335],[2548.47463312 2236.23368304],[2551.93793574 1938.98926411]
DJI_20250408090035_0258_D:[3250.33570715 1641.16916365],[3248.88147465 1937.78740282],[2585.78402613 1887.016941  ],[2588.41713411 1590.44936923]
DJI_20250408090209_0305_D:[2815.44476057 2203.31721296],[2820.02144497 1905.86798892],[3479.09998813 1960.94401472],[3474.01591171 2256.68263287]
DJI_20250408090207_0304_D:[2839.43637191 1866.77839144],[2843.66316576 1570.03420709],[3501.03569737 1626.72009321],[3497.30645285 1921.92719327]
DJI_20250408090039_0260_D:[3185.05127422 2391.78871546],[3181.22197129 2687.70130462],[2519.44026332 2636.52947564],[2522.22195509 2340.31707796]
DJI_20250408090033_0257_D:[3267.23608047 1301.74361457],[3266.4557201  1595.82171089],[2605.48234338 1544.31532955],[2608.44297453 1250.44615627]
DJI_20250408090211_0306_D:[2797.06465506 2551.73882412],[2801.91288417 2254.8454637 ],[3462.29341965 2308.08444538],[3455.8501176  2603.05805778]
DJI_20250408090205_0303_D:[2850.67775016 1502.05518161],[2854.72944598 1207.09152867],[3510.70673141 1266.04283479],[3508.29020071 1559.67139968]
DJI_20250408085823_0192_D:[1402.87843884 2047.74894101],[1403.94881275 1750.46436596],[2062.21325061 1795.34151934],[2061.48885058 2095.44846965]
DJI_20250408090041_0261_D:[3173.98992339 2739.84629158],[3169.45745121 3032.88465981],[2509.85723196 2982.73535847],[2512.24119116 2689.12496316]
53
DJI_20250408085825_0193_D:[2230.18324882 2219.98483673],[2230.71868949 1919.87787124],[2900.92773942 1966.90736523],[2900.03542213 2266.93718602]
DJI_20250408085823_0192_D:[2233.77252823 1858.93158697],[2234.92880021 1559.08881218],[2904.68383262 1605.85190006],[2904.31002636 1905.86921049]
DJI_20250408085827_0194_D:[2205.70816254 2585.36507114],[2205.35154531 2286.88801423],[2874.61765584 2333.43897925],[2873.49652189 2631.64760614]
DJI_20250408085821_0191_D:[2236.30812934 1509.66074943],[2238.14785956 1212.08712983],[2905.57923663 1258.42533922],[2905.61800224 1556.43547565]
DJI_20250408090035_0258_D:[2416.28123781 1823.05460603],[2413.5454956  2119.96773351],[1758.11783375 2068.36320579],[1761.56726496 1774.01178299]
DJI_20250408090033_0257_D:[2436.60950531 1481.08914598],[2433.26157871 1776.40343592],[1779.04749377 1726.99705201],[1784.09620133 1434.40015495]
DJI_20250408090037_0259_D:[2379.18669135 2171.22227822],[2375.93822419 2467.66492647],[1722.00732915 2411.26798085],[1724.92877462 2117.26039868]
DJI_20250408085649_0145_D:[3833.50924921 1931.1893933 ],[3835.25048602 2242.66160595],[3143.15407118 2200.45851988],[3141.38525215 1886.90246081]
DJI_20250408085647_0144_D:[3861.35413086 1563.44158328],[3865.37604132 1872.42188295],[3177.29332574 1827.75525572],[3174.57755905 1516.83196666]
DJI_20250408085829_0195_D:[2174.44828471 2941.42915208],[2173.45342746 2645.83276741],[2841.73115243 2692.77645796],[2840.1100635  2987.95967061]
54
DJI_20250408090033_0257_D:[2940.20728612 1749.53098859],[2937.64715753 2046.21117754],[2276.22146573 1994.63540399],[2279.57178094 1698.91112568]
DJI_20250408090035_0258_D:[2921.51727032 2092.63530752],[2918.83478412 2389.7066532 ],[2256.91113229 2337.9353274 ],[2259.38741816 2041.64707313]
DJI_20250408090031_0256_D:[2951.11625401 1403.2178304 ],[2948.8936252  1698.91627782],[2286.9000514 1647.9188148],[2290.94436503 1353.37355188]
DJI_20250408085825_0193_D:[1722.90339583 1950.87303456],[1724.39093983 1652.64726095],[2388.78372165 1697.82777923],[2387.92248179 1997.82738976]
DJI_20250408090037_0259_D:[2883.32484805 2442.30838301],[2879.38382465 2737.67283089],[2219.49053977 2683.10552576],[2222.18148056 2388.37049087]
DJI_20250408085827_0194_D:[1698.68306714 2315.91944924],[1698.44442792 2017.97141311],[2362.75362712 2064.89118434],[2362.48731497 2364.41780439]
DJI_20250408085823_0192_D:[1727.39494894 1592.16407332],[1730.38639227 1295.61491264],[2393.11825351 1338.26976033],[2391.91043256 1636.86337703]
DJI_20250408090029_0255_D:[2956.49578507 1057.57114923],[2955.13379961 1349.9863374 ],[2295.1350065  1300.95170219],[2299.36026974 1009.85910159]
DJI_20250408090211_0306_D:[3130.26119114 2101.21425218],[3134.70306632 1803.79849783],[3787.80716437 1859.73236201],[3783.1868435  2154.50538709]
DJI_20250408085829_0195_D:[1668.12771773 2671.97194604],[1666.4264619  2375.59251449],[2330.37679152 2425.04513962],[2330.43285169 2722.8824117 ]
55
DJI_20250408085827_0194_D:[2222.21669862 2092.62835731],[2222.8694366  1792.43217289],[2892.97267993 1839.05985802],[2892.44785127 2139.2565805 ]
DJI_20250408085825_0193_D:[2248.16739115 1725.08385933],[2249.61840122 1425.80848424],[2918.81285298 1472.65543153],[2918.61172752 1772.13186279]
DJI_20250408085829_0195_D:[2189.90316987 2452.92712972],[2190.04561396 2153.04833705],[2861.01345055 2200.24702426],[2859.88408728 2499.97649163]
DJI_20250408090033_0257_D:[2414.157158   1968.57990501],[2411.24687801 2265.45900709],[1756.14830491 2211.90433584],[1759.22488987 1917.48855027]
DJI_20250408090031_0256_D:[2425.01998413 1621.04968254],[2421.607101   1918.03218782],[1765.1768172  1866.84208209],[1769.78711761 1572.53273238]
DJI_20250408085823_0192_D:[2252.74810686 1364.98669679],[2254.78652695 1068.55388079],[2921.63394969 1114.7731323 ],[2921.99947343 1411.66884497]
DJI_20250408085831_0196_D:[2173.83488198 2766.22217616],[2173.12341761 2467.96217984],[2844.17744314 2514.82975054],[2842.89102849 2812.77935767]
DJI_20250408090035_0258_D:[2394.83170583 2312.67850942],[2392.62599992 2608.8616351 ],[1737.97431219 2553.3006371 ],[1739.33743428 2259.42320118]
DJI_20250408090029_0255_D:[2432.8426069  1273.26745253],[2429.45129152 1568.07699385],[1774.19064797 1520.66718137],[1779.82302859 1228.71601935]
DJI_20250408085645_0143_D:[3845.06303357 1690.31805175],[3848.08369419 1999.54864093],[3160.40896626 1955.90534901],[3158.11359089 1644.67281248]
56
DJI_20250408090808_0484_D:[2707.65967468 1827.14507576],[2701.97309211 2130.62288343],[2027.2361194  2071.48670294],[2033.3170484  1769.13010008]
DJI_20250408090805_0483_D:[2721.05525082 1481.74937711],[2715.43507384 1783.86166946],[2041.73286871 1725.82279014],[2048.83333572 1425.04622489]
DJI_20250408090559_0420_D:[1886.92847324 1964.93674461],[1894.21429371 1670.38850079],[2550.46169523 1728.69326629],[2543.71800666 2024.7701954 ]
DJI_20250408090810_0485_D:[2682.72958973 2187.92084786],[2677.11977391 2490.49554882],[2003.99259494 2430.60810672],[2008.9104653  2128.98221627]
DJI_20250408090601_0421_D:[1855.5102363  2314.88645116],[1861.31444973 2020.22105591],[2518.28992725 2079.74837519],[2511.9809591  2375.78891312]
DJI_20250408090557_0419_D:[1914.07355373 1621.83658778],[1922.40800697 1328.7503209 ],[2577.37736249 1385.15467018],[2570.60364661 1679.92832764]
DJI_20250408090804_0482_D:[2728.93067103 1143.29799421],[2723.40384075 1442.84126544],[2051.11067898 1386.07664253],[2059.18237364 1088.11937162]
DJI_20250408090603_0422_D:[1857.37394057 2645.27648477],[1862.39787782 2351.21646338],[2520.92535185 2413.43173651],[2514.3640207  2708.66829651]
DJI_20250408090812_0486_D:[2660.87819179 2539.30530673],[2655.38049471 2839.46847193],[1984.59297268 2778.90904723],[1988.3005238 2479.4970761]
DJI_20250408090555_0418_D:[1933.36161286 1282.06530381],[1942.74967585  992.11901308],[2595.04338118 1046.51777858],[2588.2489192  1338.36097064]
57
DJI_20250408090810_0485_D:[3115.19410582 1983.20126918],[3109.56704353 2286.45226489],[2433.14854506 2228.40016875],[2438.71714915 1924.82996082]
DJI_20250408090808_0484_D:[3139.87534697 1622.85919046],[3134.90755604 1925.91670646],[2457.86131857 1867.05480268],[2463.86193351 1563.85224393]
DJI_20250408090812_0486_D:[3093.02425574 2335.34121543],[3086.77584845 2637.24810468],[2411.81193853 2580.04604503],[2416.90732413 2277.60727636]
DJI_20250408090805_0483_D:[3151.36291542 1279.40998727],[3147.18646665 1580.03805293],[2471.98842698 1520.8067046 ],[2478.29074383 1220.24820593]
DJI_20250408090944_0532_D:[2933.94944867 1917.8594844 ],[2941.46255713 1613.0948788 ],[3615.39715429 1678.29638562],[3608.35598518 1981.45022947]
DJI_20250408090946_0533_D:[2909.13609724 2280.76773883],[2917.17434056 1974.65082822],[3594.52771263 2038.1988377 ],[3585.84906091 2342.48511479]
DJI_20250408090948_0534_D:[2883.38388154 2627.66507885],[2892.01572275 2321.91124416],[3571.3348886  2384.07696804],[3560.98057578 2687.74803285]
DJI_20250408090942_0531_D:[2970.84838271 1565.63044425],[2977.79547665 1263.31957132],[3648.19880779 1330.35176429],[3642.85819589 1631.2087628 ]
DJI_20250408090557_0419_D:[1497.66369337 1819.66648025],[1505.87420096 1526.85626333],[2154.66406505 1582.39883384],[2147.432549   1878.09508608]
DJI_20250408090559_0420_D:[1471.83332195 2161.21447089],[1478.28123043 1867.96182483],[2127.39372973 1926.85162727],[2120.88393283 2222.83275765]
58
DJI_20250408090557_0419_D:[2003.60624969 2112.30171439],[2010.3264009  1815.36854052],[2672.43248877 1874.96722988],[2665.713877   2172.91500139]
DJI_20250408090555_0418_D:[2021.21183795 1768.08481228],[2028.89756068 1471.96395406],[2689.98544912 1530.26167318],[2683.3366007  1827.59171763]
DJI_20250408090810_0485_D:[2583.24161791 1683.81981688],[2577.60676425 1988.4499133 ],[1901.23065881 1929.95328153],[1907.85568641 1627.01902081]
DJI_20250408090812_0486_D:[2561.0981686  2037.96173998],[2555.67007905 2342.6703454 ],[1879.87281519 2282.73192788],[1885.19034345 1979.51832611]
DJI_20250408090559_0420_D:[1977.91106936 2457.13683417],[1983.63359142 2161.07185029],[2645.39476939 2221.94610336],[2638.63899322 2518.87290196]
DJI_20250408090808_0484_D:[2608.54447783 1322.7199801 ],[2602.74819064 1625.73760451],[1926.50554831 1568.73321314],[1934.40088673 1267.59606175]
DJI_20250408090553_0417_D:[2037.05024736 1421.71736533],[2045.2889313  1128.54310688],[2703.07878396 1184.48010286],[2696.91201677 1479.06285193]
DJI_20250408090813_0487_D:[2542.55771049 2418.098506  ],[2537.26804178 2720.51495872],[1864.432786  2658.9466743],[1868.38996113 2357.79387111]
DJI_20250408090601_0421_D:[1948.57988369 2806.42073193],[1952.84186976 2512.68009352],[2613.65034027 2574.14295717],[2607.2720056  2868.59237977]
DJI_20250408090805_0483_D:[2622.44859768  980.88013654],[2616.60904987 1280.0036916 ],[1943.22870294 1224.89761726],[1952.28129327  927.88703104]
59
DJI_20250408090942_0531_D:[2657.91507969 2036.84951439],[2665.81316106 1731.05396702],[3345.53912851 1795.48923657],[3337.65553673 2100.50055511]
DJI_20250408090812_0486_D:[3402.24368969 1863.79157797],[3397.25088669 2167.43687178],[2720.41127867 2109.90672995],[2725.78623899 1805.07519789]
DJI_20250408090944_0532_D:[2619.95027823 2391.46847465],[2627.78786738 2085.65665576],[3309.06977446 2149.1680272 ],[3300.1136437  2454.00957396]
DJI_20250408090940_0530_D:[2668.5314898  1678.04411014],[2676.3843265  1374.93066657],[3351.5784412  1439.85933218],[3344.89876418 1742.46646995]
DJI_20250408090810_0485_D:[3422.72559437 1512.21097347],[3418.93299969 1814.80082952],[2742.44490509 1755.57293859],[2747.72680667 1452.00016811]
DJI_20250408090813_0487_D:[3382.59507439 2243.20792417],[3376.19302163 2545.60973823],[2701.41367948 2489.82093081],[2706.97535859 2185.98683667]
DJI_20250408090946_0533_D:[2594.07893014 2754.89237884],[2601.85404887 2450.18792556],[3284.73726055 2512.91282457],[3274.70419965 2816.40492074]
DJI_20250408090808_0484_D:[3445.1854527  1155.04129401],[3442.66344074 1454.96341354],[2767.4576884  1393.98844892],[2772.59313647 1093.24019382]
DJI_20250408090937_0529_D:[2694.78548741 1309.49111914],[2702.42552118 1011.02151169],[3371.46628147 1076.21459481],[3366.2111271  1374.37863444]
DJI_20250408090816_0488_D:[3357.45837193 2608.41072906],[3349.59666889 2908.16339778],[2676.94367661 2854.00944049],[2682.71106078 2552.54753761]
60
DJI_20250408090813_0487_D:[2680.49942313 1960.02299339],[2675.03477471 2263.52328606],[2000.59499744 2204.42938257],[2006.25643157 1902.07781784]
DJI_20250408090812_0486_D:[2699.09690056 1580.46355504],[2693.79831484 1883.73461127],[2018.26847622 1826.07193589],[2024.96419476 1524.18406662]
DJI_20250408090553_0417_D:[1902.41608563 1867.05067442],[1909.50339457 1572.1100111 ],[2567.01760975 1629.41219721],[2560.58005231 1925.82145899]
DJI_20250408090555_0418_D:[1887.42012306 2213.67873684],[1893.70351396 1917.9684688 ],[2552.90921962 1977.79018396],[2546.24733395 2274.78027988]
DJI_20250408090816_0488_D:[2656.48065417 2326.25049107],[2650.82509092 2628.6346944 ],[1977.52538902 2568.04773827],[1982.15785641 2266.58457944]
DJI_20250408090810_0485_D:[2720.97989707 1230.20506902],[2715.76188771 1531.11370745],[2041.34753408 1474.68451708],[2049.05193505 1175.36466596]
DJI_20250408090551_0416_D:[1928.90729502 1524.31208145],[1937.02812047 1231.48739448],[2592.27576414 1286.89919227],[2585.83941166 1581.36391119]
DJI_20250408090557_0419_D:[1871.74344128 2555.08819869],[1876.79516511 2260.72653852],[2535.42099814 2322.01561053],[2528.95710214 2617.47182448]
DJI_20250408090818_0489_D:[2655.79875163 2679.28483729],[2649.85877478 2979.04767653],[1978.07744774 2917.17707756],[1981.81937668 2618.03552644]
DJI_20250408090549_0415_D:[1960.52137936 1200.08502652],[1969.60040012  910.87915331],[2621.36039881  964.61477513],[2614.94051208 1255.62047613]