1
DJI_20250529102721_0449_D:[1447.33198714 1226.03744177],[1457.82671942 1927.93031113],[  31.52452849 1850.01669689],[  28.38513195 1187.15196739]
DJI_20250529102719_0448_D:[1537.27261813  335.84645654],[1536.5550667  1013.30245763],[123.09900308 984.4196199 ],[153.95603826 353.92651317]
DJI_20250529102941_0519_D:[3670.66829934 2477.78278098],[3665.06478895 2201.95273509],[4262.03737892 2226.95250383],[4266.80663093 2499.21328775]
DJI_20250529102943_0520_D:[3670.99357129 2814.81667659],[3667.16483067 2540.86469341],[4262.88167638 2561.75423625],[4264.85241927 2831.92202264]
DJI_20250529102711_0444_D:[2321.0806528   248.73921687],[2323.28478623  509.61167685],[1721.25547126  490.62614661],[1723.45149485  232.70257444]
DJI_20250529102937_0517_D:[3612.06486611 1728.33239519],[3601.27961379 1463.20498351],[4170.02773703 1495.31416105],[4182.20979589 1756.19898708]
DJI_20250529102945_0521_D:[3647.59889449 3155.83634968],[3644.99425927 2886.00073628],[4237.6083973 2901.5863784],[4237.31733238 3167.44882866]
DJI_20250529102947_0522_D:[3647.80017075 3490.70801354],[3646.65951234 3226.53942903],[4234.36545115 3236.61174479],[4231.45252009 3496.40217954]
DJI_20250529102023_0240_D:[2202.05645604 2610.07756596],[2249.11973223 2922.45354249],[1589.86559421 3071.43740648],[1532.26580896 2737.32838727]
DJI_20250529102949_0523_D:[3626.89133018 3836.47665003],[3627.57668687 3579.58783677],[4211.22273609 3583.98952216],[4204.99833743 3835.85264236]
2
DJI_20250529102723_0450_D:[2973.25205543 1670.05288994],[2977.41318536 2083.78334626],[2053.49489969 2033.45475414],[2046.70015849 1619.83775253]
DJI_20250529102721_0449_D:[3012.71735858 1112.69633728],[3018.28849234 1522.76162817],[2098.9660073  1473.01688168],[2094.36533035 1063.60585912]
DJI_20250529102725_0451_D:[2974.72067504 2268.90273024],[2977.32961227 2676.97522079],[2059.44554694 2626.36754172],[2050.64690084 2217.85461178]
DJI_20250529102719_0448_D:[3043.10485246  569.18070837],[3050.09381618  970.06888057],[2139.42584523  921.21710104],[2136.30307612  521.27248811]
DJI_20250529102935_0516_D:[3269.10756097 2001.39998179],[3258.99422853 1594.21236832],[4154.13994628 1643.25626437],[4168.20695717 2046.65044354]
DJI_20250529102941_0519_D:[2883.65051666 2538.5903483 ],[2878.97053478 2322.4563766 ],[3361.03548353 2343.43440394],[3365.28946178 2558.87901837]
DJI_20250529102937_0517_D:[2801.26858089 1961.65477185],[2794.93464261 1749.84044961],[3264.34736092 1770.26802515],[3271.39999038 1980.74828136]
DJI_20250529102933_0515_D:[3296.11439254 1434.51870831],[3283.15601737 1034.2135373 ],[4173.35749042 1088.2911929 ],[4193.71471268 1485.08714218]
DJI_20250529102727_0452_D:[2961.64194001 2827.54873271],[2962.63277499 3222.54925696],[2058.48763364 3171.45004009],[2048.02991192 2775.62066879]
DJI_20250529102943_0520_D:[2885.9127397  2802.36231868],[2881.57345533 2587.48554898],[3362.87377767 2607.83914473],[3366.3226161  2821.94824036]
3
DJI_20250529102023_0240_D:[1900.35093896 2133.37680253],[1950.72461413 2467.02024467],[1235.11318085 2586.84107571],[1175.4941361  2228.71208472]
DJI_20250529102941_0519_D:[3915.64480661 2928.4660934 ],[3913.01515899 2654.4001913 ],[4501.89771765 2671.52218257],[4502.01909116 2940.80093611]
DJI_20250529102937_0517_D:[3859.08898683 2163.34083353],[3849.82782591 1895.42643207],[4413.07154335 1920.74651937],[4422.48433193 2183.46079093]
DJI_20250529102025_0241_D:[1929.53389735 2806.53653418],[1982.7051587  3137.99841924],[1266.44763136 3298.75634278],[1201.32654851 2943.93667412]
DJI_20250529102943_0520_D:[3911.42858536 3260.64151589],[3911.10173572 2990.79759307],[4496.72375177 3002.34260878],[4493.30741716 3266.99042891]
DJI_20250529102027_0242_D:[1747.78342973 3241.16784793],[1727.95743704 3591.24597914],[ 945.6339671  3643.16283722],[ 952.16953252 3266.52882495]
DJI_20250529102945_0521_D:[3883.37561745 3592.51385257],[3884.80164597 3329.24355238],[4465.39834969 3333.95611682],[4458.89566162 3591.51987393]
DJI_20250529101901_0199_D:[ 181.96933865 1844.76444883],[ 185.3113296  1583.49565115],[ 721.62853449 1610.53175482],[ 719.9424828  1878.58544145]
DJI_20250529101903_0200_D:[ 155.29186216 2186.81333455],[ 154.23717019 1923.68645684],[ 693.06698303 1959.93806058],[ 694.49013026 2229.79708882]
DJI_20250529101905_0201_D:[ 147.90455529 2516.10475096],[ 142.20314133 2252.85443252],[ 682.93919172 2297.79420423],[ 687.67809744 2567.79345541]
4
DJI_20250529102725_0451_D:[2020.85071742 1516.64481451],[2030.60450068 2133.87554122],[ 707.36734717 2055.95637641],[ 695.52814245 1456.1237088 ]
DJI_20250529102723_0450_D:[2025.90607201  639.25511376],[2030.45081655 1247.89634085],[ 708.91781912 1196.13536598],[715.85523005 608.43798738]
DJI_20250529102727_0452_D:[2007.58003917 2362.45863644],[2021.84663626 2962.62635609],[ 721.74165463 2861.8230816 ],[ 693.57646542 2276.77586757]
DJI_20250529102729_0453_D:[2020.5627752  3175.49773148],[2039.16363229 3740.99955996],[ 771.9219198  3621.05288575],[ 727.66889143 3069.28408282]
DJI_20250529102937_0517_D:[3356.20667067 2360.67744049],[3348.63467417 2107.21887251],[3897.64759019 2128.03854241],[3905.14363863 2378.0474483 ]
DJI_20250529102941_0519_D:[3407.67317773 3074.72752361],[3404.2963549  2818.57810805],[3972.25808602 2836.97114093],[3973.43550005 3090.37060658]
DJI_20250529102943_0520_D:[3406.0125355  3384.50865811],[3403.89083828 3132.55508881],[3968.88933649 3147.86973182],[3967.91375658 3396.83088344]
DJI_20250529102945_0521_D:[3384.28043371 3694.86295232],[3382.88863826 3449.05930844],[3943.16111099 3460.2493897 ],[3940.52675735 3702.77750795]
DJI_20250529102023_0240_D:[2125.5219389  1804.66177472],[2168.08447899 2102.73526212],[1548.24410919 2184.76883782],[1499.7212452  1865.99812358]
DJI_20250529102025_0241_D:[2146.35774527 2414.62896702],[2190.91750978 2713.21497539],[1568.8339341  2830.17930137],[1516.7920738  2510.82786964]
5
DJI_20250529102725_0451_D:[2903.67667259 1401.66783243],[2907.19770635 1706.14482306],[2226.37810503 1668.64094666],[2222.57236318 1364.30913205]
DJI_20250529102727_0452_D:[2900.41273591 1820.48065575],[2903.03218159 2123.85546882],[2224.98624716 2085.60805414],[2220.65701002 1782.21979144]
DJI_20250529102723_0450_D:[2898.43671651  961.8805498 ],[2902.67714866 1263.97954866],[2222.77162987 1227.09054387],[2219.70883806  925.3651704 ]
DJI_20250529102933_0515_D:[3138.38166452 2332.2415223 ],[3132.11632294 2028.58680895],[3803.81763496 2061.69266593],[3811.06495438 2363.83208213]
DJI_20250529102729_0453_D:[2897.26549996 2238.70524813],[2899.27413066 2538.67143993],[2225.21836246 2500.60130931],[2220.19354219 2200.34063669]
DJI_20250529102935_0516_D:[3116.42258927 2751.066888  ],[3111.4296188  2449.02333567],[3781.37549028 2480.53765714],[3785.9540955  2780.89968497]
DJI_20250529102931_0514_D:[3190.86215939 1908.436119  ],[3182.79708556 1604.48043986],[3856.60023911 1638.94741014],[3867.12382755 1941.40409597]
DJI_20250529102937_0517_D:[2727.26695712 2397.74722723],[2722.13783335 2218.46242345],[3120.28815475 2233.34157153],[3125.42646588 2411.71884316]
DJI_20250529102721_0449_D:[2929.68757398  565.07812966],[2934.64958946  860.8113188 ],[2260.72443721  824.57752583],[2258.389277    529.45858865]
DJI_20250529102731_0454_D:[2875.79867813 2660.96329623],[2877.44830759 2955.564888  ],[2208.51355434 2917.49564621],[2202.62598269 2622.52237248]
6
DJI_20250529102931_0514_D:[2592.07693837 2138.39072298],[2587.4132563  1885.87555265],[3152.04688227 1912.76094112],[3158.01883001 2165.7008963 ]
DJI_20250529102933_0515_D:[2552.6908104  2485.68537312],[2548.41024924 2234.45407784],[3109.93384243 2262.67525571],[3114.67966818 2514.3113195 ]
DJI_20250529102727_0452_D:[3372.77015532 1617.21897375],[3374.58484758 1867.76983447],[2815.60011744 1835.50900698],[2813.04564813 1583.80405533]
DJI_20250529102929_0513_D:[2605.96844734 1782.83061768],[2601.41986164 1531.29441998],[3166.54336185 1557.78826624],[3173.23672044 1809.88648328]
DJI_20250529102935_0516_D:[2537.78738268 2831.71568592],[2533.59662751 2582.22930049],[3093.09017564 2611.45076977],[3096.96545769 2861.25173591]
DJI_20250529102937_0517_D:[2359.17229399 2482.66097059],[2354.59303885 2322.74801298],[2711.89217534 2336.3664141 ],[2716.43635102 2495.90815929]
DJI_20250529102725_0451_D:[3372.9132087  1272.16446077],[3376.07874135 1522.56173469],[2816.08853341 1489.2944528 ],[2812.9925852  1237.81353534]
DJI_20250529103057_0557_D:[2111.61877541 1458.51509521],[2122.21430149 1715.13875157],[1552.06563922 1701.71393437],[1541.40760152 1446.22867384]
DJI_20250529102729_0453_D:[3368.48474532 1964.72540488],[3369.23865519 2214.00922381],[2812.28132644 2183.36662373],[2810.04446786 1932.78463742]
DJI_20250529103059_0558_D:[2107.53764822 1841.82482632],[2118.51028177 2098.48839954],[1548.5356629  2082.65237844],[1536.75308588 1827.04077636]
7
DJI_20250529103059_0558_D:[2525.86100429 1659.84963244],[2535.72661374 1910.19060403],[1975.71493029 1895.148567  ],[1965.33541141 1644.86991929]
DJI_20250529102931_0514_D:[2192.13470856 2305.29382306],[2188.25643063 2059.63410719],[2736.88035348 2086.3903747 ],[2741.71113796 2333.30124941]
DJI_20250529103057_0557_D:[2529.12712456 1285.74905551],[2539.14107817 1535.3410698 ],[1979.55054166 1521.16133967],[1969.70555971 1271.70609977]
DJI_20250529102929_0513_D:[2204.50101756 1960.0898081 ],[2201.29833945 1714.64014474],[2750.90950843 1739.83467971],[2755.8328894  1986.66631441]
DJI_20250529102933_0515_D:[2157.1079119  2640.02966397],[2153.01795858 2396.34432941],[2697.73389001 2425.59799093],[2702.00289232 2670.49880034]
DJI_20250529103101_0559_D:[2508.8778755  2048.85365729],[2518.83006485 2298.29261056],[1959.6943649  2282.93802886],[1948.32735032 2033.4902635 ]
DJI_20250529103055_0556_D:[2549.1060035   940.65633195],[2559.113398   1187.54274975],[2001.94629925 1173.7838828 ],[1992.97183939  927.14275838]
DJI_20250529102937_0517_D:[2101.75284748 2584.7256639 ],[2097.09478943 2427.55179171],[2448.89871456 2441.40891005],[2453.45378707 2598.44969199]
DJI_20250529102927_0512_D:[2164.93698058 1611.16792777],[2162.89760869 1368.14194834],[2710.60686939 1391.73461504],[2715.20224247 1636.34880213]
DJI_20250529102935_0516_D:[2145.04732895 2974.01958563],[2140.52206521 2732.63481456],[2682.69021533 2764.01192131],[2686.67919884 3006.52073879]
8
DJI_20250529103059_0558_D:[2936.16184759 1481.1983256 ],[2945.92728544 1735.57208375],[2375.56020874 1719.29743055],[2365.54077114 1464.0670143 ]
DJI_20250529103101_0559_D:[2919.40388455 1876.50247061],[2928.57876711 2130.81324971],[2358.31606932 2115.69989086],[2347.93560289 1860.45894314]
DJI_20250529103259_0618_D:[3007.89063278 2229.08880839],[2997.95202561 1973.88519071],[3567.10856887 1991.12603568],[3578.062565   2246.10241567]
DJI_20250529103057_0557_D:[2938.21417399 1102.56101643],[2948.63504457 1355.41530454],[2379.29740983 1338.5955724 ],[2369.34130484 1084.9656047 ]
DJI_20250529103301_0619_D:[3015.05843376 2551.17639617],[3005.61383049 2296.57844048],[3573.40396339 2313.45756271],[3583.14498261 2567.7136689 ]
DJI_20250529103257_0617_D:[2999.886907   1884.33554466],[2989.35870327 1629.91302255],[3558.92770072 1646.94417097],[3571.15649385 1901.34413737]
DJI_20250529103103_0560_D:[2924.31854263 2252.15442739],[2932.89121206 2504.24902018],[2365.06232474 2490.17095308],[2354.4759685  2237.06351502]
DJI_20250529103303_0620_D:[3019.13012405 2873.05119324],[3010.28369016 2620.89252903],[3574.38062693 2637.38644706],[3582.81117353 2889.07815342]
DJI_20250529102929_0513_D:[1792.15957621 2122.99653193],[1789.67073565 1873.74315065],[2343.58515626 1899.82243694],[2347.54434488 2151.39372298]
DJI_20250529102931_0514_D:[1781.90598716 2471.9017238 ],[1778.11772895 2223.12512319],[2330.56202232 2252.0536638 ],[2335.02288662 2503.00272872]
9
DJI_20250529102731_0454_D:[2744.94824535 1720.11810552],[2747.37702755 1962.6130529 ],[2206.03884731 1931.88241742],[2202.94658048 1689.6635769 ]
DJI_20250529102729_0453_D:[2758.52226137 1375.14193494],[2761.07806245 1617.61106595],[2218.97611778 1587.23637472],[2216.41380209 1345.08330652]
DJI_20250529102733_0455_D:[2738.20759777 2075.51853434],[2740.16785765 2317.94851139],[2197.6970356  2286.00972061],[2194.35026009 2043.72686854]
DJI_20250529102727_0452_D:[2760.99882152 1039.60993516],[2763.79172672 1280.95200753],[2221.62366429 1251.22144523],[2219.52180042 1010.35208043]
DJI_20250529102929_0513_D:[3210.33057579 2377.47123883],[3205.02088363 2131.74609539],[3748.83039763 2157.50561329],[3754.63976362 2402.20011875]
DJI_20250529102927_0512_D:[3170.5881558  2030.42065806],[3164.82813008 1785.04591392],[3709.52595623 1812.74562721],[3716.64911087 2057.3418317 ]
DJI_20250529102931_0514_D:[3193.71536355 2718.21516472],[3189.11661307 2474.05197612],[3730.62965033 2498.0500761 ],[3734.95649761 2741.0377838 ]
DJI_20250529102725_0451_D:[2759.48329353  710.30475598],[2762.71287342  949.17965167],[2221.16883078  920.50494192],[2219.39119916  682.19282115]
DJI_20250529102735_0456_D:[2732.54226691 2449.90936531],[2734.10508873 2689.83348535],[2193.57900639 2657.08651036],[2189.86991659 2417.1784732 ]
DJI_20250529102925_0511_D:[3187.78968682 1689.9296001 ],[3181.43282749 1446.17815082],[3725.13884059 1475.57217538],[3733.56571559 1718.57401018]
10
DJI_20250529102927_0512_D:[2671.80410502 2186.85792287],[2667.40115125 1935.89490863],[3228.11014093 1963.55602339],[3233.73544983 2214.79685794]
DJI_20250529102929_0513_D:[2713.47922702 2541.38901226],[2708.78399333 2290.67805887],[3268.70739805 2317.80935767],[3273.71252203 2568.53585469]
DJI_20250529102731_0454_D:[3246.91639185 1568.22446622],[3249.0618428  1815.02539284],[2697.71696689 1783.01894227],[2695.1259944 1535.4457023]
DJI_20250529102925_0511_D:[2689.49824297 1838.92476597],[2685.14022958 1588.9587546 ],[3245.69991522 1616.80209973],[3252.03434828 1867.06983898]
DJI_20250529102733_0455_D:[3242.57036044 1929.73494152],[3243.53386807 2177.08793348],[2690.59736881 2145.4034537 ],[2688.42171245 1897.13850583]
DJI_20250529102729_0453_D:[3260.25514529 1218.48525396],[3263.18143098 1464.55851215],[2711.83921184 1431.35735737],[2709.1696276  1184.54683046]
DJI_20250529102931_0514_D:[2699.43313928 2887.38601727],[2694.75630997 2638.9856455 ],[3251.76447263 2665.78319477],[3255.93838232 2914.03985042]
DJI_20250529103101_0559_D:[1973.90930951 1473.3637715 ],[1983.81674577 1726.49185814],[1423.604576   1712.46267069],[1413.85053791 1460.80651277]
DJI_20250529103103_0560_D:[1980.21766839 1846.96016257],[1990.90331895 2099.72506981],[1431.63059154 2083.32191796],[1420.26755883 1831.89506474]
DJI_20250529102727_0452_D:[3261.57838163  878.70662252],[3265.43120312 1122.95567289],[2714.33616235 1088.93913629],[2711.48708572  844.10612012]
11
DJI_20250529102733_0455_D:[2180.33259885 1706.25229562],[2184.62100145 2068.41686631],[1389.31588543 2020.88899459],[1383.86500816 1662.65516545]
DJI_20250529102731_0454_D:[2193.29520373 1188.53486559],[2196.72929236 1547.3056873 ],[1406.07204545 1506.91416804],[1403.87508037 1152.47196184]
DJI_20250529102735_0456_D:[2172.35934915 2260.45579069],[2177.72058615 2619.1185753 ],[1385.50703327 2565.07798618],[1376.43737054 2209.8518179 ]
DJI_20250529102729_0453_D:[2221.34871395  692.21845749],[2223.60800738 1046.27391636],[1433.58020624 1011.37108212],[1434.897997    661.97363578]
DJI_20250529102737_0457_D:[2155.1156836  2800.35905288],[2162.05355765 3152.97233457],[1371.87031936 3093.3315773 ],[1358.74525589 2743.82688451]
DJI_20250529102727_0452_D:[2225.54908347  215.40509763],[2226.62292363  560.28705806],[1441.48895556  532.24285766],[1446.68057236  192.97100204]
DJI_20250529102927_0512_D:[3987.64550033 2501.47587477],[3979.20031575 2135.75297032],[4753.3187094  2172.38338796],[4761.35929106 2530.68394094]
DJI_20250529102925_0511_D:[4022.60988111 2000.6714382 ],[4010.21326853 1635.82447935],[4782.08685737 1682.93349943],[4796.83800598 2040.63684186]
DJI_20250529102929_0513_D:[4037.38304437 3015.06916551],[4033.38055522 2654.11151825],[4798.4269169  2678.32857158],[4798.42924061 3030.44291236]
DJI_20250529102923_0510_D:[4067.68065441 1494.94621372],[4050.99618127 1136.64640723],[4813.93408815 1193.91603752],[4835.6799451  1545.15664256]
12
DJI_20250529102221_0299_D:[ 255.75270722 2029.34816383],[ 297.02720455 1578.29438209],[1281.75111722 1725.58591674],[1246.33865374 2171.18392652]
DJI_20250529102223_0300_D:[ 743.10146693 3530.3706113 ],[ 564.49872325 3139.86300812],[1455.36171161 2811.6879146 ],[1630.05239466 3197.5033678 ]
DJI_20250529102219_0298_D:[ 366.87609453 1350.61842578],[412.3321527  927.17090955],[1346.86196292 1064.64019625],[1311.53546722 1484.54836769]
DJI_20250529102217_0297_D:[434.25195632 695.55206884],[488.04495011 290.18119654],[1401.78369829  419.92858267],[1363.86382283  826.87864907]
DJI_20250529102029_0243_D:[1170.16067068 1169.60295387],[1139.71528492 1583.55888069],[ 220.70999776 1454.24837422],[ 259.37582474 1010.3373478 ]
DJI_20250529102031_0244_D:[1222.51015896 1917.36620232],[1196.23660384 2331.66041993],[ 280.0262981  2245.38998881],[ 306.86340942 1797.01033011]
DJI_20250529102033_0245_D:[1078.2094788  2561.03581305],[1056.92253967 2962.88681287],[ 164.52558659 2903.0280613 ],[ 180.06281781 2472.78714134]
DJI_20250529102027_0242_D:[1280.3201686   431.19698209],[1235.52317635  860.38468925],[282.52017743 670.48200943],[348.05055627 216.66743089]
DJI_20250529102035_0246_D:[1035.24397439 2844.22497421],[1042.80404937 3232.37618004],[ 173.63532277 3259.1489363 ],[ 150.82693818 2846.55149436]
DJI_20250529102025_0241_D:[952.77504462 362.37532906],[992.57523715 735.6607063 ],[133.28962241 736.40935918],[114.05210661 349.21740765]
13
DJI_20250529102223_0300_D:[ 284.52608543 3914.79207153],[ 111.5220053  3563.25574067],[ 900.58776023 3283.04831675],[1068.34593546 3641.86078746]
DJI_20250529102029_0243_D:[1672.51982261 1063.54141688],[1645.59134219 1426.87862939],[ 859.12794491 1296.15937181],[892.0818929  905.71554894]
DJI_20250529102033_0245_D:[1580.87703584 2334.42581088],[1558.29274571 2692.03994621],[ 782.78614456 2630.15971702],[ 805.79439876 2245.26767534]
DJI_20250529102031_0244_D:[1713.15007108 1738.48376163],[1687.90708219 2103.22099778],[ 906.53074109 2011.9653155 ],[ 934.44877721 1617.3867404 ]
DJI_20250529102035_0246_D:[1517.83605095 2538.61557928],[1517.94377351 2888.55162843],[ 751.73805276 2903.92325514],[ 745.89162662 2527.86148463]
DJI_20250529102027_0242_D:[1784.87063102  397.98317139],[1747.65931374  771.78112955],[939.2531271  583.68315678],[987.7852085  183.95448579]
DJI_20250529102037_0247_D:[1517.23459304 3156.94639912],[1523.58417216 3510.4750068 ],[ 742.82746575 3563.66859019],[ 726.02815801 3185.70317377]
DJI_20250529102025_0241_D:[1407.0841182   271.18655794],[1445.929179    601.89501208],[693.41983655 578.60380201],[663.38992322 230.5198892 ]
DJI_20250529102039_0248_D:[1489.00575375 3298.43882297],[1489.01233149 3635.1429762 ],[ 726.53454021 3698.30249562],[ 711.68575181 3341.13743689]
DJI_20250529101849_0193_D:[ 347.95505089 1890.07213563],[ 350.38167993 1629.88215249],[ 893.90657117 1659.66206429],[ 892.78324014 1925.69517171]
14
DJI_20250529102219_0298_D:[ 983.44783384 2071.22439186],[1013.76154433 1646.84696918],[1941.64539005 1777.07051913],[1914.58154464 2190.1012695 ]
DJI_20250529102221_0299_D:[ 908.22508537 2779.45659911],[ 936.25572452 2336.11370198],[1908.64847147 2463.85017493],[1880.73171928 2894.71458488]
DJI_20250529102217_0297_D:[1033.50750243 1406.9750426 ],[1067.42804673  989.67667093],[1984.95874408 1128.32917442],[1956.7932166  1535.54921223]
DJI_20250529102223_0300_D:[1623.85984838 3839.82683354],[1445.89011504 3467.32703365],[2308.85792105 3126.86062178],[2477.08038975 3492.07028091]
DJI_20250529102215_0296_D:[1079.13740426  749.28982527],[1116.22311332  346.55269763],[2015.70001372  488.14821696],[1987.3162903   883.66981291]
DJI_20250529101849_0193_D:[1115.98002413 2168.54315245],[1115.08370538 1888.50790154],[1729.01272278 1927.41138124],[1730.23583123 2210.94885558]
DJI_20250529101847_0192_D:[1126.32486495 1801.74027097],[1128.37966081 1523.34536183],[1739.48123943 1557.90358376],[1738.86375341 1839.98373342]
DJI_20250529101851_0194_D:[1095.29166455 2506.4155803 ],[1091.82729728 2226.97700597],[1705.89417194 2270.19199347],[1708.6464211  2553.00878752]
DJI_20250529101845_0191_D:[1130.16575835 1458.10688779],[1134.84544307 1183.00654951],[1741.97260396 1212.87482805],[1739.79174941 1491.83732193]
DJI_20250529101853_0195_D:[1089.01946091 2832.66126002],[1082.84397028 2555.57400921],[1695.61726507 2602.48629211],[1700.0647792  2882.85437867]
15
DJI_20250529101847_0192_D:[1843.55582759 2055.47875256],[1843.17962945 1770.47773092],[2478.703857   1810.50301775],[2479.6372732  2096.88773575]
DJI_20250529101849_0193_D:[1836.41792779 2429.33989533],[1834.3543599  2144.02111576],[2471.74315152 2185.37600749],[2473.21325053 2471.86146036]
DJI_20250529101845_0191_D:[1842.99727511 1703.19799306],[1844.03374137 1420.28760331],[2476.55486583 1458.42719229],[2477.16022468 1742.91367124]
DJI_20250529101843_0190_D:[1859.33960195 1365.85892054],[1861.55823954 1086.01099886],[2491.32235693 1122.25482787],[2491.70525549 1403.82493792]
DJI_20250529101851_0194_D:[1815.61996033 2772.56346593],[1812.16026481 2489.053062  ],[2449.12250847 2531.95511907],[2450.9280578  2816.48204722]
DJI_20250529102217_0297_D:[2102.09115073 1857.77777297],[2128.70426291 1446.77545967],[2993.85091174 1577.67967866],[2969.62166739 1971.50778532]
DJI_20250529102219_0298_D:[2061.6590201  2515.99244786],[2087.31454555 2101.78477672],[2960.38767881 2213.17310493],[2935.49231374 2609.50859986]
DJI_20250529102215_0296_D:[2130.44640399 1197.54322496],[2157.03341421  795.55253197],[3009.15538495  942.51692787],[2986.49292486 1328.74037905]
DJI_20250529101701_0139_D:[4093.14377558 1934.26405647],[4096.50735238 2214.01549574],[3479.01997484 2181.38539116],[3475.31878573 1899.14069534]
DJI_20250529101659_0138_D:[4087.35957076 1587.52881494],[4093.01377312 1867.09093956],[3474.4938324  1831.13464391],[3469.53476299 1549.2417938 ]
16
DJI_20250529102105_0261_D:[3302.68174538 1989.14906275],[3302.45471964 2280.3430387 ],[2652.48367648 2236.05323006],[2652.64261125 1944.57045233]
DJI_20250529102103_0260_D:[3323.07171619 1579.20587377],[3324.18862534 1870.75887357],[2671.76974174 1825.94788957],[2671.83260189 1534.27396946]
DJI_20250529102145_0281_D:[2676.50799076 1991.73998418],[2678.05957152 1703.34943952],[3319.29609985 1751.35081324],[3317.84490163 2038.69801635]
DJI_20250529102147_0282_D:[2680.57003185 2346.01029714],[2682.21835745 2057.88288565],[3323.7371809  2104.65177133],[3321.09448384 2391.49844232]
DJI_20250529102143_0280_D:[2686.82214286 1651.14632808],[2688.53254945 1364.65639209],[3327.04873905 1414.13876575],[3326.45923274 1699.78559432]
DJI_20250529102107_0262_D:[3279.07402324 2339.26900065],[3277.76096802 2628.2951538 ],[2631.28866589 2584.40241306],[2631.50073753 2294.97091506]
DJI_20250529102101_0259_D:[3344.46996971 1185.65080776],[3347.08078467 1474.19421856],[2696.42526406 1429.42861457],[2696.20426739 1140.94913846]
DJI_20250529102149_0283_D:[2644.63894246 2677.35579871],[2646.11159722 2391.21335102],[3286.9010047  2436.35412657],[3283.42728927 2721.11900748]
DJI_20250529102141_0279_D:[2701.77484583 1323.060724  ],[2703.09760917 1039.94368482],[3337.85531739 1089.70891178],[3338.65404359 1372.13444531]
DJI_20250529102109_0263_D:[3271.9521533  2691.73909751],[3269.86548167 2977.98409249],[2625.6474511  2935.24063902],[2625.57790608 2648.40025084]
17
DJI_20250529102145_0281_D:[1522.90644894 2118.38005579],[1524.16543815 1832.28427064],[2158.76256636 1878.14670297],[2157.42524878 2166.64744779]
DJI_20250529102143_0280_D:[1535.11164406 1779.144789  ],[1538.3889779  1494.25995606],[2170.83405936 1537.55429471],[2168.49373776 1825.01929007]
DJI_20250529102147_0282_D:[1528.78588399 2469.09124124],[1528.16450758 2183.9022862 ],[2162.98088476 2232.76893497],[2162.43376102 2520.1137664 ]
DJI_20250529102141_0279_D:[1553.72354784 1453.3568095 ],[1558.45649987 1171.09698555],[2188.10427416 1210.80244417],[2185.31817823 1495.76288598]
DJI_20250529102149_0283_D:[1498.42917568 2796.39465066],[1495.77761793 2513.99201709],[2128.40836843 2565.22534845],[2128.88703826 2849.66199305]
DJI_20250529102139_0278_D:[1554.42891921 1109.67646944],[1560.77995526  831.59003634],[2186.53443169  867.52470369],[2183.17075228 1148.49251192]
DJI_20250529102105_0261_D:[4442.8941722 1857.2490754],[4443.66991522 2143.36694444],[3821.23200675 2101.19150499],[3820.50135072 1811.12249331]
DJI_20250529102151_0284_D:[1476.00418881 3118.57274344],[1471.41238654 2840.24026575],[2101.16196832 2894.11146469],[2102.60702399 3174.38868265]
DJI_20250529102107_0262_D:[4418.02990952 2202.1712446 ],[4415.74780559 2486.97504512],[3795.32333053 2449.59863745],[3796.55502429 2160.73965904]
DJI_20250529102137_0277_D:[1574.5112251   788.43717297],[1582.32538112  515.52502996],[2204.38362122  547.90087858],[2200.59478549  823.87165474]
18
DJI_20250529102107_0262_D:[3108.84659328 1882.99458654],[3108.85098114 2173.0046107 ],[2461.64822903 2128.32649957],[2461.99362178 1838.73637899]
DJI_20250529102105_0261_D:[3130.48667953 1532.51559755],[3131.35417648 1822.48903076],[2482.16301712 1778.229848  ],[2482.68113431 1488.7860205 ]
DJI_20250529102109_0263_D:[3102.83309752 2236.87629082],[3102.33548166 2526.35985534],[2455.74884832 2481.89422742],[2455.55266247 2192.65876301]
DJI_20250529102143_0280_D:[2852.67163568 2104.2760567 ],[2854.51386711 1816.93493811],[3491.15485974 1865.13377061],[3489.04339952 2150.84012002]
DJI_20250529102141_0279_D:[2867.83447493 1774.04929295],[2869.0606644  1487.97254978],[3503.47522145 1537.26545297],[3502.98304849 1821.85947287]
DJI_20250529102145_0281_D:[2842.70089249 2444.33805394],[2844.62473311 2157.26663208],[3482.37134041 2203.07929505],[3479.15965204 2488.32577893]
DJI_20250529102103_0260_D:[3148.94402039 1125.54477673],[3150.86393736 1413.25322215],[2501.09292335 1369.48591012],[2501.79898706 1082.45962203]
DJI_20250529102111_0264_D:[3083.46175142 2615.23021631],[3082.28095334 2902.59004378],[2437.01957055 2857.96573499],[2436.37516912 2570.67963947]
DJI_20250529101811_0174_D:[1527.16638226 2118.13972469],[1526.60502744 1838.18927018],[2147.955532   1879.04852486],[2148.46184032 2161.17776071]
DJI_20250529101809_0173_D:[1541.8409884  1771.64482161],[1543.05551593 1492.32655987],[2163.71013023 1530.36840369],[2163.44695319 1811.98982102]
19
DJI_20250529102141_0279_D:[1959.50339928 1913.20802191],[1961.5541196  1627.62600987],[2598.96767109 1673.08981802],[2597.39271051 1959.82706314]
DJI_20250529102143_0280_D:[1943.37669293 2241.51605236],[1944.58782296 1955.44515599],[2583.36795484 2002.86237767],[2581.62207053 2289.95146131]
DJI_20250529102139_0278_D:[1956.89097227 1564.73698118],[1959.87516987 1281.08488355],[2595.07004624 1324.59384245],[2593.58184252 1609.56829384]
DJI_20250529102145_0281_D:[1934.03905901 2580.32668839],[1933.86890688 2295.24355336],[2573.21610913 2343.43454116],[2571.83306798 2629.34595981]
DJI_20250529102137_0277_D:[1973.95174318 1237.19567765],[1977.73517178  956.51602752],[2610.69292395  998.18703403],[2609.3878859  1280.29984529]
DJI_20250529102107_0262_D:[4013.04458612 1741.1298451 ],[4014.42545066 2027.89768536],[3379.99270267 1983.84743254],[3379.19117142 1694.74262226]
DJI_20250529102109_0263_D:[4008.93417186 2090.31654896],[4008.31334882 2377.32303954],[3373.87495101 2336.87356274],[3374.01869559 2047.34603418]
DJI_20250529102147_0282_D:[1941.12084322 2927.44163462],[1939.79866816 2645.58909089],[2577.45813226 2694.82146516],[2576.14957867 2977.25741616]
DJI_20250529102105_0261_D:[4033.69021229 1394.98193963],[4037.44066381 1680.83177696],[3402.29977567 1633.80940237],[3400.17766744 1345.71192608]
DJI_20250529102111_0264_D:[3991.08757542 2465.23213885],[3988.13060448 2750.95597818],[3354.12853544 2714.02791128],[3355.45008698 2425.58620794]
20
DJI_20250529102141_0279_D:[2424.81169489 2172.96237733],[2426.26961323 1885.27936968],[3068.08023763 1932.37234402],[3066.23631776 2219.63492057]
DJI_20250529102139_0278_D:[2421.17729069 1821.34057868],[2422.82475929 1534.38446763],[3063.3143665  1581.38619557],[3062.31609691 1868.10025962]
DJI_20250529102109_0263_D:[3547.17148249 1831.96234739],[3547.92206457 2121.99286713],[2901.12263019 2078.36342125],[2900.82874034 1787.45500138]
DJI_20250529102143_0280_D:[2408.96498345 2503.28659328],[2410.29910422 2216.28678108],[3052.77501826 2263.59242068],[3050.03107927 2550.0290177 ]
DJI_20250529102137_0277_D:[2437.34098961 1489.87340347],[2439.08904931 1204.79101686],[3077.93302604 1251.66378449],[3077.82578427 1536.62050901]
DJI_20250529102111_0264_D:[3529.90522959 2210.63633759],[3529.14661371 2500.74275688],[2881.90005196 2458.53160063],[2881.97375333 2167.37956579]
DJI_20250529102107_0262_D:[3551.10608333 1480.16643737],[3553.09387294 1768.69679059],[2907.20676    1723.40619416],[2906.72568838 1434.16925126]
DJI_20250529102145_0281_D:[2399.79132259 2842.01864647],[2400.47236195 2557.24565078],[3042.61918163 2603.46548544],[3039.4982494  2887.48878649]
DJI_20250529102135_0276_D:[2459.64288461 1168.60534178],[2461.31061106  886.66579586],[3097.91126656  933.27272614],[3098.9005884  1215.17721528]
DJI_20250529102105_0261_D:[3570.84230021 1132.29848381],[3574.46792068 1418.71546284],[2928.38342292 1372.31603511],[2927.31638847 1085.28707758]
21
DJI_20250529102139_0278_D:[1493.87089862 1975.20859515],[1495.69502601 1693.70666677],[2119.63240825 1737.21990804],[2118.15152286 2021.16070693]
DJI_20250529102137_0277_D:[1509.14098038 1650.54379093],[1512.49781732 1370.01201085],[2135.89638816 1410.27627531],[2133.8398426  1693.35910454]
DJI_20250529102141_0279_D:[1498.15669824 2318.88846166],[1498.32767024 2037.48007312],[2122.98206463 2084.36834967],[2122.16241534 2368.04340158]
DJI_20250529102135_0276_D:[1531.10903669 1335.23683233],[1535.87723962 1056.86166707],[2158.38897843 1093.79328215],[2155.91587725 1374.81119067]
DJI_20250529102143_0280_D:[1484.47533012 2640.38861833],[1483.05575018 2360.45242894],[2107.40706529 2410.65691722],[2107.19649841 2692.71821198]
DJI_20250529102133_0275_D:[1549.05312385 1031.71851766],[1555.33591448  757.14070131],[2175.30150622  791.07310701],[2172.31373683 1068.41155714]
DJI_20250529102145_0281_D:[1478.76435329 2970.94680608],[1475.21940829 2693.93245888],[2098.64470836 2746.29383064],[2099.5605125  3025.25798796]
DJI_20250529102111_0264_D:[4439.85660795 2047.51678363],[4439.51405929 2330.03384191],[3824.89328136 2291.57233896],[3824.76812557 2005.16755088]
DJI_20250529102109_0263_D:[4452.1340973 1680.242376 ],[4454.95344343 1961.78017762],[3841.6425046  1918.17291716],[3839.51645031 1632.93843437]
DJI_20250529102449_0373_D:[3109.06533812 3335.32803482],[3109.01784682 3603.69115444],[2491.02048587 3569.61006125],[2487.32373732 3300.43205895]
22
DJI_20250529102137_0277_D:[1909.7342761  1897.96094817],[1911.49287649 1612.39797659],[2548.73474117 1656.92875054],[2547.47839856 1943.69630098]
DJI_20250529102139_0278_D:[1894.72696185 2227.29736801],[1895.53669714 1941.84751116],[2532.69983939 1988.16543257],[2531.40944789 2274.70390453]
DJI_20250529102135_0276_D:[1931.43756078 1577.00066966],[1934.00106885 1292.54171363],[2570.89979462 1335.15711872],[2569.851985   1620.90609384]
DJI_20250529102141_0279_D:[1899.62395503 2574.91093586],[1899.40471831 2290.74893609],[2536.41221199 2338.84272994],[2535.12887728 2623.91230445]
DJI_20250529102133_0275_D:[1947.94385874 1266.87634506],[1951.402274   985.1973896],[2586.32441731 1026.22770962],[2585.38758482 1309.29219763]
DJI_20250529102111_0264_D:[4049.1218141 1797.6487854],[4050.6589282  2085.05874045],[3415.48470777 2042.19139276],[3414.41650028 1752.34167411]
DJI_20250529102143_0280_D:[1885.7400565  2899.11538414],[1884.52708078 2617.60149893],[2520.52615494 2667.52531232],[2519.22858573 2949.79921904]
DJI_20250529102113_0265_D:[4050.38609508 2217.88365624],[4048.60806152 2504.9012946 ],[3414.38077201 2464.97490136],[3415.29388735 2175.28347165]
DJI_20250529102109_0263_D:[4061.20062483 1425.89228603],[4065.18712531 1710.9881261 ],[3432.26133862 1664.78383823],[3429.87583665 1377.41877027]
DJI_20250529102131_0274_D:[1941.08387792  918.50936295],[1945.85848308  644.6335153 ],[2570.56944513  683.47246914],[2569.41022534  958.94467773]
23
DJI_20250529102113_0265_D:[3311.88368243 1970.11929719],[3311.71697797 2260.46754621],[2663.70541953 2215.92533521],[2663.98709377 1925.43752433]
DJI_20250529102111_0264_D:[3309.88609069 1547.82296079],[3311.48355679 1837.0871783 ],[2663.64170375 1793.24107764],[2663.47562581 1504.04284364]
DJI_20250529102137_0277_D:[2649.65392303 2146.96371479],[2650.86441635 1859.99692878],[3289.04163882 1906.39388459],[3287.45419432 2192.17773681]
DJI_20250529102135_0276_D:[2672.34484303 1824.06824872],[2673.20609916 1537.18643141],[3311.28027083 1584.2411123 ],[3311.0475811  1870.02081779]
DJI_20250529102115_0266_D:[3317.84790427 2380.45921792],[3316.33009694 2668.19217734],[2672.62997812 2624.39894117],[2673.00624366 2336.21378354]
DJI_20250529102139_0278_D:[2633.31008992 2477.20155492],[2634.69554832 2191.39067315],[3272.38353659 2236.91721667],[3269.64357299 2521.44127938]
DJI_20250529102133_0275_D:[2687.87900511 1511.24857811],[2688.48296248 1226.13660986],[3324.94415716 1274.10734799],[3325.96857713 1558.21996643]
DJI_20250529102109_0263_D:[3325.10452539 1175.10154735],[3327.84727618 1460.82756366],[2682.93279492 1416.81264959],[2682.7222752  1131.28882257]
DJI_20250529102141_0279_D:[2636.71640538 2824.73579954],[2638.25932227 2541.36597049],[3274.91329249 2585.79795844],[3270.997469   2867.71380669]
DJI_20250529101803_0170_D:[1362.14871415 1823.86164843],[1363.5565213  1545.67651367],[1978.96708769 1583.7628601 ],[1978.42217952 1864.63852738]
24
DJI_20250529102135_0276_D:[1914.22290574 2020.93972302],[1915.32410904 1731.85684295],[2560.34533129 1776.79397156],[2559.42992079 2066.95098006]
DJI_20250529102133_0275_D:[1929.52257708 1706.00792346],[1931.59987569 1417.67688925],[2576.19058326 1461.10900272],[2575.33603438 1750.61262604]
DJI_20250529102137_0277_D:[1893.60559685 2344.0924011 ],[1893.81399327 2056.01059044],[2537.57751755 2102.79960964],[2536.5195685  2391.85995809]
DJI_20250529102131_0274_D:[1920.79277809 1344.87793393],[1924.25199939 1062.24834046],[2560.13999394 1103.72259073],[2559.06913441 1387.72942073]
DJI_20250529102139_0278_D:[1879.99274141 2673.72059494],[1879.17747342 2387.86019659],[2521.2936076 2436.3237951],[2520.25765488 2723.03659419]
DJI_20250529102449_0373_D:[2704.9667258  2684.06731249],[2707.67319096 2967.13932738],[2072.97125134 2926.76189785],[2068.5519426  2644.54114717]
DJI_20250529102113_0265_D:[4070.35060223 1771.26767844],[4071.69417422 2061.32295624],[3430.7650942  2016.93741805],[3429.97573868 1724.41272937]
DJI_20250529102115_0266_D:[4074.5083624  2182.37945038],[4072.92761551 2470.90538768],[3435.95770253 2430.53131069],[3436.7791161  2139.23463187]
DJI_20250529102141_0279_D:[1886.56271611 3019.75357442],[1884.67800362 2737.41360952],[2525.00065617 2787.43936936],[2523.98861765 3070.44601344]
DJI_20250529102111_0264_D:[4063.88425071 1349.97412846],[4068.61889019 1637.61350173],[3428.83042517 1590.49575554],[3426.01320546 1300.60709913]
25
DJI_20250529102449_0373_D:[3034.0459136  2461.67446162],[3036.2215145  2747.57007092],[2395.68328123 2710.21288447],[2392.36162219 2424.31951051]
DJI_20250529102133_0275_D:[1595.49954058 1929.52256141],[1597.09742069 1640.38666724],[2239.83658927 1683.62799474],[2238.84393396 1974.84956015]
DJI_20250529102135_0276_D:[1581.83280507 2243.7589052 ],[1581.88815983 1954.98255304],[2224.03662605 2000.79063963],[2223.54615425 2291.54433988]
DJI_20250529102131_0274_D:[1589.06760114 1565.06270408],[1592.68853209 1280.45091371],[2227.55293394 1320.61393348],[2225.73260562 1607.49297029]
DJI_20250529102137_0277_D:[1563.68017117 2564.51974367],[1562.27574957 2277.87717113],[2202.09162109 2326.62071688],[2202.02603083 2615.13030614]
DJI_20250529102501_0379_D:[2877.88964613 1385.2204942 ],[2875.11742233 1111.92262784],[3485.44123266 1153.75178831],[3490.09545502 1425.78511492]
DJI_20250529102451_0374_D:[3013.40397971 2828.14366155],[3014.73203847 3109.87203591],[2378.43351445 3072.19773495],[2374.75737806 2790.30831899]
DJI_20250529102129_0273_D:[1568.34248441 1186.72125726],[1575.04903623  908.7181783 ],[2200.0859363   947.65462802],[2196.28974947 1228.17144898]
DJI_20250529102139_0278_D:[1552.80273225 2890.79288721],[1549.82398945 2607.48778852],[2187.01564322 2658.9891272 ],[2187.51521849 2944.02999962]
DJI_20250529102459_0378_D:[2860.89823251 1056.31218595],[2864.3059471   787.81070477],[3469.0636177   844.88941324],[3468.50095617 1112.45564543]
26
DJI_20250529102133_0275_D:[1942.09349258 2168.49121004],[1942.61799341 1876.8536749 ],[2593.6372098  1922.41587599],[2592.90631717 2214.89573834]
DJI_20250529102131_0274_D:[1930.99950693 1798.63272966],[1932.91686832 1510.28659189],[2576.99864547 1554.25531788],[2576.11171277 1843.66543989]
DJI_20250529102449_0373_D:[2682.05478544 2231.42001428],[2684.95245208 2519.51887411],[2043.58461931 2480.17932638],[2040.33556345 2193.29152662]
DJI_20250529102135_0276_D:[1928.17367118 2484.21346225],[1927.69715693 2194.02114476],[2577.48753829 2240.89190226],[2576.70529378 2531.82006905]
DJI_20250529102129_0273_D:[1903.62266515 1414.39542684],[1908.03225562 1131.47195204],[2543.31891506 1175.78499938],[2541.07825076 1460.0395197 ]
DJI_20250529102451_0374_D:[2663.13393923 2601.17019497],[2665.82821318 2886.31842702],[2027.90063346 2845.18624394],[2023.64491851 2561.08220488]
DJI_20250529102137_0277_D:[1908.75291305 2805.34478763],[1907.35233697 2518.38550242],[2554.20072604 2566.91802979],[2553.30300682 2854.51309029]
DJI_20250529102115_0266_D:[4064.18167006 1721.11924624],[4065.86294491 2011.83370919],[3423.08655407 1966.81335201],[3422.13597619 1673.65462471]
DJI_20250529102117_0267_D:[4048.26659743 2138.30735078],[4046.78220808 2428.32372299],[3406.17063617 2386.84010097],[3407.01417918 2094.13664994]
DJI_20250529102127_0272_D:[1981.09607091  986.60548301],[2010.27164659  708.96614119],[2637.83335232  804.37880476],[2611.85537051 1083.88849094]
27
DJI_20250529102117_0267_D:[3274.80913733 1892.61765328],[3274.64835001 2184.70585657],[2622.65142051 2139.33765704],[2623.15656741 1847.24393884]
DJI_20250529102115_0266_D:[3288.73417281 1474.03126555],[3290.09319549 1765.33887637],[2636.96671695 1720.24597014],[2637.29931326 1429.17005792]
DJI_20250529102131_0274_D:[2704.76716332 2043.10440937],[2705.538116   1754.21806278],[3346.73839038 1800.59071106],[3346.09618124 2088.02180893]
DJI_20250529102119_0268_D:[3249.16606113 2294.52030314],[3247.73236778 2585.82740843],[2596.53731134 2540.58011887],[2597.00070315 2249.05628891]
DJI_20250529102129_0273_D:[2667.66646117 1658.72426589],[2669.53086755 1373.88877458],[3303.7504394  1423.87132523],[3303.17051687 1707.58966632]
DJI_20250529102133_0275_D:[2722.54568418 2414.05381252],[2723.42353379 2123.23310498],[3370.08442581 2167.96346796],[3368.09726518 2457.04995758]
DJI_20250529102113_0265_D:[3278.42707264 1060.97929563],[3281.08383625 1349.50454177],[2627.61860256 1304.76604832],[2627.9647136  1016.75995831]
DJI_20250529102121_0269_D:[3230.58819272 2681.11774868],[3228.02929352 2970.0290889 ],[2577.99154991 2925.03427385],[2578.3750342  2635.67056838]
DJI_20250529102135_0276_D:[2705.85877457 2728.07104674],[2706.97945458 2439.70336858],[3352.10853953 2483.04923283],[3348.85114246 2769.60566798]
DJI_20250529102127_0272_D:[2721.24841183 1292.29057655],[2746.76075238 1011.06304654],[3373.75870105 1115.38985152],[3350.74005715 1395.95126918]
28
DJI_20250529102449_0373_D:[2980.76975431 1815.05454177],[2984.10882697 2103.10086689],[2340.62605867 2065.85151782],[2338.12133632 1778.34125648]
DJI_20250529102451_0374_D:[2962.0526348  2186.14491982],[2964.5902865  2473.58177624],[2322.66877814 2435.47392474],[2319.74737476 2148.42616533]
DJI_20250529102131_0274_D:[1630.18972926 2211.25715866],[1630.58809075 1923.45268599],[2270.90582498 1968.63197399],[2270.32648208 2258.17188649]
DJI_20250529102501_0379_D:[2929.43464058 2006.94212372],[2927.29289793 1729.37906069],[3541.47177052 1768.33112875],[3543.75617111 2044.12907283]
DJI_20250529102453_0375_D:[2953.15112477 2515.98963071],[2972.07474197 2800.04022668],[2332.7985475  2799.21285338],[2312.4934286  2515.56589249]
DJI_20250529102129_0273_D:[1602.05346407 1822.49212653],[1605.47259417 1537.87659679],[2238.46698668 1582.5472108 ],[2236.03328784 1869.14435382]
DJI_20250529102459_0378_D:[2898.27712481 1672.08843997],[2902.2800687  1396.51654281],[3513.10919602 1451.62483098],[3510.24748293 1725.72523842]
DJI_20250529102133_0275_D:[1641.51012909 2581.34206578],[1639.92565671 2292.61376101],[2285.42210223 2340.27838848],[2285.5684198  2630.52983365]
DJI_20250529102127_0272_D:[1644.09660281 1366.67741299],[1673.15102275 1085.10352716],[2300.00350095 1179.98293788],[2272.90388627 1463.96728745]
DJI_20250529102455_0376_D:[3322.00455944 1988.60652627],[3602.59681654 1996.92241288],[3538.73145655 2625.47912326],[3258.59464082 2619.18825941]
29
DJI_20250529102129_0273_D:[2322.82959798 2078.02768266],[2324.8595087  1789.52537542],[2968.16728533 1837.64420386],[2966.23863485 2125.7621087 ]
DJI_20250529102127_0272_D:[2341.78717208 1677.47138632],[2368.58261191 1390.43283787],[3006.46962064 1492.83644049],[2980.9582484  1779.84017745]
DJI_20250529102131_0274_D:[2359.21849874 2469.80449565],[2359.57219623 2179.5058153 ],[3008.65325566 2224.87217106],[3007.17956424 2514.4798945 ]
DJI_20250529102119_0268_D:[3600.40227287 1865.72098465],[3600.42303243 2159.29547358],[2946.23120129 2114.07541718],[2946.51121117 1819.44711139]
DJI_20250529102125_0271_D:[3092.18229114 1454.9794869 ],[3381.35779407 1423.07669672],[3413.18060231 2076.69466485],[3123.54079547 2110.45243101]
DJI_20250529102121_0269_D:[3584.48541242 2254.75135315],[3582.66965078 2548.32315256],[2927.83519346 2504.51684995],[2928.72526245 2209.65996952]
DJI_20250529102117_0267_D:[3622.75068364 1463.93967127],[3624.83000022 1755.67408198],[2971.91923947 1709.10373473],[2971.47551232 1416.52651401]
DJI_20250529102123_0270_D:[3430.73997719 1494.07954361],[3693.09528532 1623.77061224],[3369.40679464 2195.30981885],[3105.03500894 2066.51895669]
DJI_20250529102451_0374_D:[2226.65617623 1941.4912174 ],[2229.23250232 2229.85823426],[1594.94851074 2190.3994786 ],[1592.90381049 1904.78587714]
DJI_20250529102449_0373_D:[2245.47581073 1570.59456464],[2247.46912495 1858.2814896 ],[1612.33679453 1822.65359367],[1612.07506136 1537.850595  ]
30
DJI_20250529102451_0374_D:[3178.05605921 1751.84991142],[3181.55169741 2040.01205377],[2537.08980848 2002.50052035],[2534.47443563 1714.31750644]
DJI_20250529102453_0375_D:[3143.58609517 2072.09351334],[3163.20303836 2358.98087101],[2519.69220636 2359.70114143],[2499.91164679 2072.74773956]
DJI_20250529102455_0376_D:[2903.76960604 1758.29992456],[3188.48050493 1767.00620523],[3126.25590623 2401.86762748],[2841.66017697 2393.96954107]
DJI_20250529102459_0378_D:[2680.42225353 2084.80874601],[2684.99102633 1806.67520292],[3302.4882234  1859.48005464],[3297.94237778 2136.45405779]
DJI_20250529102457_0377_D:[2833.33964053 1886.60886127],[3080.85681456 1753.957463  ],[3337.82104934 2326.31379959],[3091.30057561 2459.2846405 ]
DJI_20250529102449_0373_D:[3195.00764184 1381.79794053],[3199.74484751 1668.12823085],[2555.66589964 1630.83727475],[2553.03007622 1344.6259667 ]
DJI_20250529102501_0379_D:[2720.70411008 2426.66770954],[2718.82126975 2148.46183556],[3338.40839341 2185.27010662],[3339.29965423 2462.06269714]
DJI_20250529102127_0272_D:[1385.72300361 1773.79953705],[1413.16931958 1489.30435581],[2039.54924264 1586.58280177],[2012.76947692 1873.80896573]
DJI_20250529102129_0273_D:[1382.45532174 2249.27107933],[1383.62795388 1964.1884438 ],[2014.72952487 2011.80730095],[2013.28825608 2299.28689076]
DJI_20250529102131_0274_D:[1413.7499674  2640.57304887],[1411.48548706 2354.71254019],[2048.28341149 2403.42485728],[2049.06880242 2691.44293718]
31
DJI_20250529101819_0178_D:[2104.43808426 2133.06263148],[2104.31992106 1850.24385786],[2736.02569475 1892.77746137],[2736.02209767 2176.06705123]
DJI_20250529101817_0177_D:[2102.76363677 1801.26714933],[2103.41474143 1518.63463114],[2735.24426604 1560.38630322],[2735.39882263 1843.71654412]
DJI_20250529101821_0179_D:[2097.39409473 2467.32201005],[2096.19906445 2185.93398869],[2726.46129277 2228.38529163],[2726.58670583 2510.08097717]
DJI_20250529102059_0258_D:[2535.2993587  1688.56167271],[2535.00992225 1979.87311561],[1889.48648965 1935.61503142],[1890.73745314 1646.57329228]
DJI_20250529101815_0176_D:[2113.79669677 1485.0414261 ],[2115.06274708 1205.33000231],[2742.88275207 1245.88022576],[2743.28641576 1526.41034499]
DJI_20250529102101_0259_D:[2534.07683859 2067.11283548],[2534.13234281 2358.92865408],[1888.00408337 2312.28162162],[1887.74780994 2022.50677787]
DJI_20250529102057_0257_D:[2540.61747339 1323.56307167],[2540.04522537 1612.63846694],[1895.94830993 1570.97785285],[1898.59853307 1284.33667209]
DJI_20250529101727_0152_D:[3831.37439217 2034.12187826],[3830.6355265  2315.35297815],[3206.33424798 2273.46930631],[3206.77558862 1990.55503716]
DJI_20250529101725_0151_D:[3834.86105376 1663.77342948],[3836.1044397  1944.48580136],[3211.87004394 1900.27591364],[3211.40558343 1618.10132972]
DJI_20250529102103_0260_D:[2509.19515167 2463.71542907],[2509.38030054 2753.4824695 ],[1865.41913412 2703.98872596],[1863.83894942 2416.04329558]
32
DJI_20250529102059_0258_D:[3242.96863863 1947.58274235],[3242.8158535  2242.91280707],[2583.57987003 2197.78710145],[2583.75348503 1902.39213482]
DJI_20250529102057_0257_D:[3246.41228774 1576.25553138],[3247.24512181 1870.64496504],[2588.45963735 1825.20702822],[2588.84107658 1530.96085638]
DJI_20250529102151_0284_D:[2732.846053   1882.28736683],[2734.19421211 1590.77126168],[3382.04863339 1639.55898068],[3381.14479144 1929.92603385]
DJI_20250529102153_0285_D:[2731.2532148  2215.07997706],[2732.67578559 1923.82338349],[3379.9178947  1971.06135645],[3377.95445922 2260.97572285]
DJI_20250529102101_0259_D:[3242.60737198 2331.04645127],[3241.47752148 2625.4086215 ],[2582.92106387 2580.97418043],[2582.83234757 2286.2845523 ]
DJI_20250529102149_0283_D:[2762.53009873 1546.05142239],[2763.6938747  1256.53099999],[3409.07854796 1306.70823553],[3409.35171214 1595.18840821]
DJI_20250529102155_0286_D:[1548.16856914 2295.19024888],[1522.85402868 1879.61477919],[2438.14022005 1883.46521234],[2455.54800486 2284.19700385]
DJI_20250529102055_0256_D:[3265.89004243 1144.94041916],[3268.18512468 1436.21842495],[2610.47758203 1390.98976246],[2610.82083938 1100.06014766]
DJI_20250529101819_0178_D:[1421.27764672 1882.88858957],[1422.50361961 1599.71910769],[2049.54222261 1639.27994864],[2049.08902645 1925.15350783]
DJI_20250529102103_0260_D:[3215.50972237 2731.18587923],[3213.18827971 3021.93386475],[2557.80211791 2977.81731687],[2557.64412752 2686.51106293]
33
DJI_20250529101821_0179_D:[2161.30679097 2035.97525176],[2161.17732981 1752.36710045],[2794.61583623 1794.35804827],[2794.92811136 2078.33826564]
DJI_20250529101819_0178_D:[2170.15251405 1698.47612099],[2170.99654784 1415.43541721],[2804.402984   1457.48987503],[2804.71097608 1741.0675974 ]
DJI_20250529101823_0180_D:[2141.24872834 2384.08374453],[2140.08124498 2101.19594974],[2773.03202582 2143.01759158],[2773.40424111 2426.1425356 ]
DJI_20250529102057_0257_D:[2468.94928426 1766.83490966],[2468.51983708 2059.47933096],[1821.45361393 2014.18365735],[1822.62552049 1723.9704115 ]
DJI_20250529102059_0258_D:[2463.95598547 2136.18126219],[2463.9515172  2428.70286862],[1817.19561695 2380.80300089],[1816.80237272 2090.51262343]
DJI_20250529101817_0177_D:[2169.59028763 1365.8830464 ],[2171.11618348 1084.99768192],[2803.23381022 1126.14793974],[2803.8012879 1407.798688 ]
DJI_20250529101825_0181_D:[2127.24557109 2721.49920639],[2125.17635788 2439.96633741],[2758.45250027 2481.94099756],[2758.78094305 2763.54375151]
DJI_20250529102055_0256_D:[2491.02805453 1336.8462522 ],[2490.35522782 1627.73066928],[1843.16851629 1586.05893994],[1845.95043553 1297.79708023]
DJI_20250529101723_0150_D:[3795.56832126 1710.22434673],[3796.76114833 1991.67126863],[3170.75597623 1948.36697666],[3170.17782309 1665.51385198]
DJI_20250529101725_0151_D:[3774.25859152 2095.05634066],[3773.09482789 2377.54540537],[3145.22725404 2335.46858231],[3145.89740024 2051.42396283]
34
DJI_20250529102057_0257_D:[3283.14380488 2038.22656341],[3282.61167199 2328.36762823],[2634.93666651 2283.9836938 ],[2635.21083258 1993.56168947]
DJI_20250529102055_0256_D:[3304.5417543  1610.30597865],[3305.46227325 1900.3294759 ],[2656.67342981 1855.62685875],[2656.86096581 1565.53582849]
DJI_20250529102153_0285_D:[2687.49955865 1759.06930433],[2688.7667278  1473.30994673],[3325.07660973 1521.2083025 ],[3324.64988735 1806.10602433]
DJI_20250529102155_0286_D:[1439.43739591 1638.80360502],[1419.19284742 1225.78771494],[2324.40400968 1251.14858763],[2341.25607545 1650.56293482]
DJI_20250529102157_0287_D:[1301.420814   2302.09461477],[1276.89635868 1887.53945044],[2193.86941029 1896.83960485],[2212.70120238 2298.40279338]
DJI_20250529102059_0258_D:[3278.2907588  2404.02058919],[3276.74970848 2692.66337387],[2630.42747763 2649.07309634],[2630.56917498 2359.93982384]
DJI_20250529102151_0284_D:[2688.93334377 1431.79367966],[2690.18759381 1147.80926054],[3325.60846406 1196.73536784],[3326.13793141 1480.04951674]
DJI_20250529102159_0288_D:[1333.01817444 2951.06478467],[1305.43178349 2545.69422701],[2211.1057868  2539.51539729],[2230.96015581 2931.85656387]
DJI_20250529101823_0180_D:[1371.60863543 2120.2094569 ],[1371.07002928 1842.33384721],[1985.31740164 1882.15024283],[1985.99596959 2162.67345445]
DJI_20250529101821_0179_D:[1391.18742143 1777.29022131],[1392.83174539 1499.84652402],[2007.00168805 1536.92345512],[2006.44114016 1817.15093785]
35
DJI_20250529101823_0180_D:[2183.68378582 1951.98746616],[2183.48529431 1666.89707042],[2820.36480044 1708.44470985],[2821.04093749 1993.89831898]
DJI_20250529101825_0181_D:[2168.28627691 2293.20422264],[2167.27094236 2007.48147713],[2805.94617765 2049.28055896],[2806.4779951  2335.19547306]
DJI_20250529101821_0179_D:[2205.47626768 1601.02358059],[2206.21688345 1317.29168253],[2842.04426863 1358.96600844],[2842.78034116 1643.19897585]
DJI_20250529102055_0256_D:[2439.87306055 1780.71832013],[2439.46874675 2075.83683042],[1787.53731998 2030.14800194],[1788.69883917 1737.60156454]
DJI_20250529101827_0182_D:[2141.97731132 2629.44946118],[2140.06362424 2344.86610948],[2779.01365582 2386.84505928],[2779.42941839 2671.49106618]
DJI_20250529101721_0149_D:[3752.79599155 1750.88509187],[3753.99475951 2034.60011534],[3122.67595262 1991.87156693],[3121.96367389 1706.81284252]
DJI_20250529102057_0257_D:[2418.10755243 2215.44287998],[2418.1094847  2509.45831087],[1768.44306652 2460.20949433],[1767.80264012 2168.52833157]
DJI_20250529101723_0150_D:[3757.37602673 2141.48557392],[3756.23483372 2424.87291729],[3126.0166318  2383.60550873],[3126.48727181 2098.64643593]
DJI_20250529101819_0178_D:[2215.85426929 1262.71458002],[2217.48960575  981.61317242],[2851.76341323 1023.25264439],[2852.59290361 1305.02580057]
DJI_20250529101719_0148_D:[3757.31883558 1357.40618581],[3761.12982979 1639.29053573],[3130.3700174  1595.74072235],[3128.23324211 1312.67857656]
36
DJI_20250529102757_0467_D:[3985.39527863 1406.50902718],[4002.8397942  2177.69626935],[2265.78766281 2078.37009953],[2261.42122761 1299.6427166 ]
DJI_20250529102759_0468_D:[3968.8655033  2361.63166211],[3969.77322963 3119.17514284],[2268.83208792 3031.45700772],[2261.87708964 2262.98963355]
DJI_20250529102859_0498_D:[2734.63137128 2112.88877708],[2729.72593335 1830.19373133],[3359.29217719 1862.56064101],[3364.25113606 2144.36420503]
DJI_20250529102801_0469_D:[3949.28932452 3100.50162326],[3940.52168021 3835.89164274],[2263.20297482 3762.75086299],[2255.6521158 3010.6783023]
DJI_20250529102857_0497_D:[2716.06544652 1765.79920819],[2711.44621243 1484.99850482],[3338.13271346 1518.89181592],[3343.78135444 1799.05382834]
DJI_20250529102755_0466_D:[3967.23694368  326.85704101],[4003.42533182 1067.35269031],[2261.01764606  952.07758225],[2263.90555805  208.23568304]
DJI_20250529102901_0499_D:[2727.24475429 2457.73680539],[2722.29980329 2175.42531526],[3352.45490277 2206.31026831],[3356.39417136 2487.55913973]
DJI_20250529102855_0496_D:[2728.20267739 1424.31353942],[2723.67405644 1146.89177744],[3346.14744183 1181.92030095],[3352.66498967 1458.83625033]
DJI_20250529102903_0500_D:[2715.31352506 2803.12500636],[2710.50685518 2523.82617452],[3338.00340615 2553.40709435],[3340.76616772 2831.50370986]
DJI_20250529102853_0495_D:[2764.3633346  1093.58744412],[2759.53185475  821.32107555],[3375.56937377  856.93031792],[3383.21898594 1128.75680694]
37
DJI_20250529102857_0497_D:[2174.89087467 1969.03925758],[2171.04686778 1700.98110521],[2770.57950991 1731.39437747],[2774.95628949 2000.24637494]
DJI_20250529102859_0498_D:[2191.20949635 2300.95565379],[2186.34694147 2031.97009964],[2788.31159698 2062.61895882],[2792.85849622 2332.19333986]
DJI_20250529102855_0496_D:[2188.31397534 1641.81043001],[2185.32502661 1375.88570658],[2781.83917812 1405.68135873],[2786.19894731 1672.49559246]
DJI_20250529103129_0573_D:[1762.51549985 1723.60280082],[1779.62886241 2443.42328974],[ 266.84198358 2364.57486256],[ 259.63670946 1674.5024049 ]
DJI_20250529102901_0499_D:[2184.98932532 2628.26587128],[2179.25250437 2360.46310577],[2781.13521677 2391.46498295],[2785.63720623 2659.70452104]
DJI_20250529103131_0574_D:[1704.23272849 2546.88162029],[1728.23926265 3257.97832218],[ 242.60651662 3140.09779735],[ 210.83353668 2460.64066862]
DJI_20250529103127_0572_D:[1763.98744887  795.3776694 ],[1772.86993229 1498.05973096],[ 264.70837309 1461.72238054],[286.11970784 792.95554149]
DJI_20250529102759_0468_D:[5067.22965349 1860.47694765],[5077.38876602 2507.34869273],[3678.09553428 2441.47432802],[3668.39298431 1764.73702567]
DJI_20250529102853_0495_D:[2226.88952073 1322.99149503],[2224.30815526 1060.81889831],[2816.02245087 1089.5056951 ],[2820.69747913 1352.60435692]
DJI_20250529102801_0469_D:[5042.1160335  2514.01076263],[5037.70979637 3151.1094817 ],[3658.06133129 3117.97275283],[3653.52165323 2445.89147116]
38
DJI_20250529102801_0469_D:[3854.26534558 1928.65988461],[3866.90983559 2688.59420242],[2160.43321948 2589.71773716],[2159.69685634 1822.28791403]
DJI_20250529102759_0468_D:[3860.74079645 1184.68390417],[3881.09031866 1940.99947979],[2166.49033784 1837.59774377],[2166.50953853 1077.86530529]
DJI_20250529102857_0497_D:[2756.60357183 2203.04851895],[2752.12650858 1920.66043968],[3380.89769492 1953.57163598],[3385.1236453  2234.97720638]
DJI_20250529102803_0470_D:[3865.12357194 3101.04026289],[3857.41598776 3840.8279043 ],[2168.59406078 3766.43959952],[2159.56300348 3010.59890692]
DJI_20250529102855_0496_D:[2768.53026692 1858.27333492],[2764.09382315 1577.24943736],[3390.12784987 1611.62709523],[3395.29624556 1891.80548441]
DJI_20250529102757_0467_D:[3852.27519836  255.41250339],[3888.37929075  983.52402553],[2167.2623467   876.09920734],[2171.20333238  147.31704159]
DJI_20250529102859_0498_D:[2775.61369727 2551.0542421 ],[2770.96442457 2268.83555378],[3401.0685363  2299.69944811],[3404.47204817 2580.68316546]
DJI_20250529102853_0495_D:[2804.93705715 1521.25106951],[2800.20146525 1243.59732093],[3421.04456118 1278.78058447],[3427.36765037 1555.67266386]
DJI_20250529102901_0499_D:[2768.15539272 2893.17213358],[2763.53472691 2613.51911118],[3392.57563816 2642.50796237],[3394.88656656 2920.75580024]
DJI_20250529102851_0494_D:[2797.8859789  1191.72601719],[2792.9421201   918.51883591],[3408.59417965  954.20705744],[3415.9784364  1226.81950431]
39
DJI_20250529103131_0574_D:[2607.8557538  1523.53944015],[2625.51287987 2155.85682168],[1221.63570573 2096.92367111],[1215.86450089 1473.71598801]
DJI_20250529103133_0575_D:[2627.80045071 2408.85544939],[2646.79492062 3040.49449146],[1248.25765505 2974.11734598],[1228.46804827 2349.54649748]
DJI_20250529103129_0573_D:[2657.62893717  804.38536342],[2676.57119848 1421.40328527],[1275.42879737 1373.59530343],[1277.69139143  766.05232422]
DJI_20250529102855_0496_D:[1881.98325402 2045.49662759],[1878.5274721  1791.27315684],[2445.56564635 1820.33600233],[2449.36327341 2075.97288256]
DJI_20250529102853_0495_D:[1919.47305823 1738.31178977],[1916.79668186 1485.99791104],[2480.79741989 1513.17948948],[2484.45367345 1766.93472684]
DJI_20250529103135_0576_D:[2539.78345459 3214.7743598 ],[2556.36890127 3822.79438401],[1194.28972598 3734.39717125],[1165.82396026 3135.60942623]
DJI_20250529102857_0497_D:[1870.13759625 2357.71968462],[1865.48332009 2103.13738216],[2434.00151466 2133.5624964 ],[2438.26852315 2389.47194557]
DJI_20250529102851_0494_D:[1918.06917791 1436.94458828],[1916.20087661 1187.45759238],[2476.38054381 1212.65337355],[2479.86469768 1463.6755124 ]
DJI_20250529103127_0572_D:[2650.67122549   22.04239504],[2670.54271017  603.56718509],[1288.52110369  571.70123206],[1302.27106291    3.26107911]
DJI_20250529102859_0498_D:[1886.61507023 2673.14056032],[1880.65712882 2419.19981445],[2450.47143115 2450.515697  ],[2455.30706382 2705.60353314]
40
DJI_20250529102853_0495_D:[2330.16373876 1970.76427338],[2326.2661725  1701.24369555],[2929.06612139 1732.59301423],[2933.35899235 2002.49289348]
DJI_20250529102855_0496_D:[2292.68963673 2298.2243936 ],[2288.39545277 2027.43882564],[2894.36331705 2059.5019927 ],[2898.26988511 2330.60783932]
DJI_20250529102851_0494_D:[2326.02899857 1648.68137475],[2322.51998156 1381.49707414],[2921.66528901 1412.03537088],[2926.34688991 1679.73685224]
DJI_20250529102857_0497_D:[2281.24821776 2629.76861578],[2276.20207557 2359.67288662],[2883.16784609 2391.79473788],[2886.94039191 2662.09492639]
DJI_20250529102803_0470_D:[4862.87360813 1926.94082944],[4878.46690991 2591.28857132],[3425.12679545 2522.33272627],[3414.70863581 1829.23268485]
DJI_20250529102849_0493_D:[2323.55934898 1313.85222054],[2320.48179555 1048.92950053],[2918.1689084  1078.67899126],[2923.2115818  1344.28019832]
DJI_20250529102805_0471_D:[4783.95045857 2924.67258782],[4769.69789808 3568.86781042],[3341.34421167 3548.27258155],[3339.91584438 2869.31522261]
DJI_20250529102801_0469_D:[4811.48032607  932.19943287],[4855.36084112 1570.73148937],[3412.69665317 1459.51530404],[3393.74474353  798.99573769]
DJI_20250529102759_0468_D:[4801.42856843  290.69912273],[4860.37288411  906.46883249],[3419.30827794  773.75074262],[3395.7332585   134.86475136]
DJI_20250529102859_0498_D:[2300.13213978 2962.84266704],[2294.26493951 2694.72798438],[2901.48773538 2726.23882965],[2905.18993737 2994.33504833]
41
DJI_20250529102903_0500_D:[2244.03935753 2156.37890608],[2239.09861708 1879.33206016],[2858.81281401 1910.14790279],[2863.73818775 2187.68240777]
DJI_20250529102901_0499_D:[2254.52455029 1812.76058497],[2250.19758607 1535.881478  ],[2870.22185317 1566.00485055],[2875.53716794 1843.51525124]
DJI_20250529102905_0501_D:[2230.27048798 2481.51044065],[2224.43593193 2206.14270118],[2841.9839756  2236.74258036],[2846.91573134 2512.48198293]
DJI_20250529102859_0498_D:[2263.35787023 1475.27808152],[2259.82365863 1201.07559272],[2876.95097639 1230.67442209],[2882.46485307 1505.65711842]
DJI_20250529102755_0466_D:[5110.26790391 2081.15114432],[5108.09306676 2801.02404746],[3545.16501497 2742.7614676 ],[3539.41601853 1984.08415317]
DJI_20250529102753_0465_D:[5207.35376732 1172.53402931],[5239.19671314 1885.01929822],[3684.92344455 1776.42205038],[3667.79029825 1025.50735726]
DJI_20250529102907_0502_D:[2217.76904188 2802.60781982],[2211.07255196 2529.57216865],[2827.0263478  2560.17460174],[2831.9587687  2833.50077267]
DJI_20250529102757_0467_D:[5061.65789321 3085.39547176],[5017.70468981 3754.01313298],[3522.68909372 3766.22225411],[3527.80230107 3047.34213762]
DJI_20250529102751_0464_D:[5089.7305162  306.1530158],[5159.95267913  978.89694217],[3608.7342486   820.74837921],[3580.78004173  108.46597248]
DJI_20250529102857_0497_D:[2249.12009172 1140.05566774],[2246.60601635  870.52475658],[2858.49058325  899.53168791],[2863.87374112 1170.04953659]
42
DJI_20250529102753_0465_D:[3305.15190163 1585.53786789],[3313.43350726 2345.47477372],[1618.75587059 2240.95949022],[1618.68198489 1486.88686376]
DJI_20250529102755_0466_D:[3168.39527785 2550.08987861],[3170.39931047 3297.54344838],[1501.84850939 3185.68171026],[1489.35838952 2443.64549064]
DJI_20250529102751_0464_D:[3229.72466942  638.93970499],[3244.69318059 1381.0379418 ],[1549.12168372 1284.04880805],[1562.32507289  552.3338109 ]
DJI_20250529102903_0500_D:[2995.89631624 1978.88794215],[2990.67747313 1702.38075668],[3603.32707707 1734.70160421],[3608.80615051 2009.6701024 ]
DJI_20250529102905_0501_D:[2978.60613838 2304.00206819],[2973.58167006 2028.36751858],[3584.92049831 2058.06458761],[3589.32292235 2332.06699443]
DJI_20250529102901_0499_D:[3007.489728   1635.70278224],[3001.66525291 1360.21642298],[3613.88720412 1394.39136113],[3620.96319019 1668.47752705]
DJI_20250529102907_0502_D:[2963.34171878 2625.89118185],[2958.50845511 2351.7577358 ],[3569.21385551 2379.06413216],[3572.56465189 2651.49811727]
DJI_20250529102859_0498_D:[3013.68798616 1300.77490128],[3007.45837213 1028.7637147 ],[3616.24789586 1064.86276325],[3624.71232387 1335.64112928]
DJI_20250529102909_0503_D:[2980.17936222 2954.71702553],[2975.5654917  2682.75966294],[3585.80225118 2707.24537052],[3587.99843394 2977.29392331]
DJI_20250529102857_0497_D:[2994.23368835  969.5226971 ],[2987.96778849  702.81684691],[3591.64141539  740.69769729],[3601.04298077 1006.39116468]
43
DJI_20250529102905_0501_D:[2306.95933613 2051.29977329],[2302.0775278 1786.3914834],[2894.57086495 1815.06777928],[2899.70270215 2080.33473135]
DJI_20250529102903_0500_D:[2321.74987952 1737.24434582],[2317.58673284 1472.48309902],[2910.81804706 1501.45425142],[2916.02281645 1766.67200411]
DJI_20250529102907_0502_D:[2293.70556221 2362.66054902],[2288.13137687 2098.19399903],[2880.4278755 2126.7373886],[2885.4861045  2391.49681467]
DJI_20250529102751_0464_D:[4792.65610235 1418.43100656],[4809.6703412  2079.78850935],[3351.71606701 1990.02938751],[3341.81726239 1304.545545  ]
DJI_20250529102753_0465_D:[4849.66888805 2254.54690685],[4843.80198053 2909.23722438],[3409.14320552 2855.25433795],[3406.15552396 2172.53317726]
DJI_20250529102901_0499_D:[2332.72129494 1408.46377022],[2328.99763858 1145.64847345],[2921.17187467 1174.03169613],[2926.82107443 1437.42390927]
DJI_20250529102909_0503_D:[2310.14463859 2681.52454977],[2303.8055775 2417.9038212],[2896.92695446 2446.1087021 ],[2901.92937675 2709.84693278]
DJI_20250529102749_0463_D:[4735.33150841  549.36579264],[4776.07344413 1187.0049146 ],[3321.13191768 1065.94555816],[3304.55355247  406.66441425]
DJI_20250529102755_0466_D:[4718.5461346  3088.90569685],[4690.38822698 3715.5320244 ],[3276.59772472 3697.33478068],[3279.06297933 3038.94263691]
DJI_20250529102911_0504_D:[2318.87970224 2987.54818618],[2311.90379643 2726.4279473 ],[2903.84285314 2754.22976799],[2908.71371807 3015.32142311]
44
DJI_20250529102751_0464_D:[3135.31586401 1771.70422483],[3141.3036538  2491.35563441],[1542.03690639 2390.63988609],[1539.77435631 1677.31247149]
DJI_20250529102749_0463_D:[3102.48375276  816.42198408],[3113.72151604 1522.57591992],[1516.9227725 1431.9524453],[1526.45166672  736.31215064]
DJI_20250529102753_0465_D:[3198.41592569 2676.38111919],[3198.61927003 3377.30636379],[1624.92010037 3274.33121089],[1611.79776277 2575.82848429]
DJI_20250529102907_0502_D:[2977.13114323 2209.6195105 ],[2971.8169275  1940.53559179],[3568.61468745 1969.42336382],[3573.61113764 2237.04962874]
DJI_20250529102905_0501_D:[2991.6391812 1893.5091685],[2986.11534248 1624.67022581],[3582.29406518 1655.79141367],[3588.30039758 1923.24074139]
DJI_20250529102909_0503_D:[2993.90871483 2533.39937013],[2988.76756173 2264.60050005],[3586.43890963 2291.03204585],[3590.40343831 2558.18260609]
DJI_20250529102903_0500_D:[3008.28883687 1575.25259242],[3002.54748178 1307.26661216],[3598.73811034 1340.80762684],[3605.79061257 1607.49816607]
DJI_20250529102911_0504_D:[3000.6097278  2845.14612137],[2995.71938926 2578.36381223],[3592.38672305 2602.31504337],[3595.28864242 2867.29917423]
DJI_20250529102901_0499_D:[3018.75741228 1242.24837708],[3012.41327105  977.03442984],[3606.84365627 1012.19924953],[3615.42596348 1276.24245744]
DJI_20250529102913_0505_D:[2996.56830922 3158.89199216],[2991.96159617 2895.58878786],[3586.16683923 2916.90669107],[3587.99525549 3178.2372559 ]
45
DJI_20250529102907_0502_D:[2400.5171465  1948.53900409],[2395.26857911 1673.69128555],[3010.01868595 1702.96101541],[3015.83950118 1977.98619295]
DJI_20250529102909_0503_D:[2416.61530438 2280.58564742],[2410.67145862 2004.81478388],[3027.61827477 2033.61339095],[3033.22014004 2309.36789903]
DJI_20250529102905_0501_D:[2415.5875262 1625.0619592],[2410.90762802 1351.55923171],[3024.46350044 1381.25363768],[3030.57305667 1655.00449851]
DJI_20250529102749_0463_D:[4683.09456426 1507.05806582],[4696.43861669 2248.40667086],[3050.80520968 2154.45604453],[3042.70010967 1387.80257927]
DJI_20250529102911_0504_D:[2424.49677641 2601.79030809],[2417.9959878  2327.02092285],[3034.89651107 2355.22740262],[3040.18966293 2629.82087224]
DJI_20250529102751_0464_D:[4707.89126976 2500.69809805],[4693.21770668 3227.24428872],[3076.2604091  3174.68124743],[3073.70211449 2416.40934665]
DJI_20250529102747_0462_D:[4621.23491768  555.67967288],[4660.79014834 1269.63123509],[3023.65613028 1142.96661663],[3011.39212817  407.61697773]
DJI_20250529102903_0500_D:[2432.18365222 1299.7628694 ],[2428.08728483 1028.33151249],[3040.97198302 1058.57168213],[3047.38751769 1330.35636311]
DJI_20250529102913_0505_D:[2423.01549418 2926.14926522],[2416.03268504 2653.94523717],[3031.30425177 2681.43545452],[3036.24729958 2953.28809353]
DJI_20250529102901_0499_D:[2443.95024844  961.90271598],[2440.14060224  694.70004141],[3050.24236109  724.54142388],[3057.35703182  992.22527649]
46
DJI_20250529102203_0290_D:[1328.16573197 1889.62399223],[1311.73621794 1484.97145791],[2199.63627104 1516.48880639],[2219.88558892 1908.40799479]
DJI_20250529102201_0289_D:[1322.88641365 1108.76968214],[1315.15663386  708.28449977],[2206.41054853  765.19439474],[2220.95350764 1154.51003063]
DJI_20250529101833_0185_D:[1367.90959259 2068.66832241],[1367.57962217 1791.56069028],[1979.83881034 1830.37048209],[1980.49110133 2110.22378522]
DJI_20250529102209_0293_D:[1226.59112493 3258.61998062],[1218.36356003 2861.44214654],[2109.49411966 2893.76260128],[2109.97565821 3277.80270942]
DJI_20250529101831_0184_D:[1384.69113128 1740.14539836],[1386.3561577  1464.25800182],[1997.12717966 1500.0517714 ],[1996.6884317  1778.77742271]
DJI_20250529101835_0186_D:[1394.37924364 2380.85073147],[1392.26357337 2104.6367259 ],[2004.02938848 2146.30896023],[2005.61334975 2425.03106123]
DJI_20250529101829_0183_D:[1402.13148806 1410.50628858],[1405.74694069 1137.25130006],[2014.19888837 1169.47632312],[2012.82203745 1445.69932172]
DJI_20250529102159_0288_D:[1345.54014343  447.60044613],[1342.85457052   63.59682171],[2220.04307993  129.78909127],[2232.75122058  506.07953145]
DJI_20250529101837_0187_D:[1399.52430082 2696.59799791],[1395.65016517 2422.33525117],[2006.18821171 2466.73367993],[2008.67873874 2743.3121901 ]
DJI_20250529101827_0182_D:[1419.84118564 1084.3043078 ],[1425.17785158  814.79003837],[2031.07630492  843.38870399],[2028.93474187 1115.99595408]
47
DJI_20250529101831_0184_D:[1971.09316866 1983.536123  ],[1970.94845179 1698.94735312],[2606.33510812 1739.84454269],[2606.90868711 2025.44658664]
DJI_20250529101833_0185_D:[1955.33180175 2321.07146865],[1954.00043814 2036.26764812],[2590.47517225 2078.10286419],[2591.26598556 2363.81016341]
DJI_20250529101829_0183_D:[1986.89335368 1643.08940713],[1987.78382312 1360.1076794 ],[2621.42801098 1399.54347317],[2622.04453084 1683.68188112]
DJI_20250529101835_0186_D:[1981.66766584 2639.89619616],[1979.36392581 2357.17951196],[2613.97165775 2399.7449866 ],[2614.82993427 2683.12445514]
DJI_20250529101827_0182_D:[2002.93217748 1305.50675447],[2004.67053895 1025.37642255],[2636.16908836 1063.30169685],[2636.92331885 1344.69163863]
DJI_20250529101715_0146_D:[3931.74411813 1897.72378629],[3933.20394581 2178.48241998],[3311.3024171  2139.75225976],[3309.7993764  1856.91784029]
DJI_20250529101713_0145_D:[3954.92317258 1526.93357786],[3959.5115     1806.72494204],[3337.97104883 1767.20349902],[3334.39396174 1485.46865534]
DJI_20250529101837_0187_D:[1985.66349616 2961.33539275],[1982.38912177 2681.78346667],[2614.70093104 2724.95039018],[2615.6333372  3004.96805862]
DJI_20250529101717_0147_D:[3928.58209085 2279.67307881],[3927.50714188 2560.15650591],[3305.31110908 2523.92314137],[3305.20359206 2241.14703009]
DJI_20250529102203_0290_D:[2242.80587383 2197.79518067],[2221.10205452 1793.24669203],[3072.27617807 1817.10994232],[3094.733455  2203.7134769]
48
DJI_20250529102203_0290_D:[1273.96998652 2531.67111663],[1251.38841596 2118.27908757],[2158.10155898 2129.95767653],[2180.44351209 2530.0037774 ]
DJI_20250529102201_0289_D:[1254.35537119 1744.91081164],[1240.50864713 1328.54788167],[2155.2361225  1367.34784141],[2171.73666653 1770.780047  ]
DJI_20250529102159_0288_D:[1271.30573099 1061.23838605],[1262.01403818  654.22740509],[2166.81960507  706.48803247],[2181.46160858 1102.35495349]
DJI_20250529101829_0183_D:[1332.09144137 1837.98531074],[1333.34493585 1559.93951937],[1947.59687641 1596.62814617],[1947.38079954 1877.64141874]
DJI_20250529101831_0184_D:[1317.65904612 2171.1781    ],[1316.78513989 1892.57031838],[1931.78054446 1932.91132252],[1932.66024564 2214.3467551 ]
DJI_20250529102157_0287_D:[1256.97752766  402.06351726],[1253.66154331    6.75455703],[2156.66403153   64.82185808],[2169.40193254  453.38114178]
DJI_20250529101827_0182_D:[1347.2872877  1506.50094427],[1350.40471856 1230.25229196],[1963.57789965 1263.21048422],[1962.45599121 1542.53178068]
DJI_20250529102055_0256_D:[3278.35294146 2937.02839158],[3275.12179123 3220.60419814],[2632.1381437  3178.32612558],[2632.32964489 2893.84952071]
DJI_20250529101833_0185_D:[1304.03992254 2501.11703185],[1300.99881115 2223.2500572 ],[1916.03587748 2266.73905822],[1918.15203335 2547.33091531]
DJI_20250529101835_0186_D:[1333.72098598 2811.40983707],[1328.83327362 2536.29424199],[1942.07965543 2582.53330471],[1945.16728679 2860.13320874]
49
DJI_20250529101829_0183_D:[1988.64158369 2095.6277036 ],[1988.14796205 1812.89832117],[2619.36173159 1853.81410488],[2620.01116292 2137.42412576]
DJI_20250529101827_0182_D:[2003.13457502 1758.60282874],[2003.50629574 1476.57975902],[2634.1629306  1516.16341532],[2634.91686304 1799.16989242]
DJI_20250529101831_0184_D:[1974.63861375 2433.26363214],[1973.09516728 2151.18192576],[2604.33149648 2193.31424663],[2604.97151722 2476.12743577]
DJI_20250529101825_0181_D:[2032.21510636 1426.91843601],[2033.5606911  1147.80391404],[2661.04031628 1186.36365946],[2661.78547711 1466.57806527]
DJI_20250529101833_0185_D:[1960.92098816 2766.15281735],[1958.18014553 2485.92088757],[2588.97424002 2528.80497367],[2589.86215605 2809.65667963]
DJI_20250529101717_0147_D:[3921.45871167 1831.67588668],[3923.12966425 2111.19350767],[3303.68269909 2071.65182585],[3302.17750067 1790.16213228]
DJI_20250529101719_0148_D:[3890.76220299 2219.5864948 ],[3889.80345604 2499.54449141],[3268.56804415 2461.79090098],[3268.577685   2179.75730871]
DJI_20250529102055_0256_D:[2587.0198564  2674.55322879],[2586.9738921  2962.88676704],[1942.40261    2912.62894487],[1940.40642498 2625.74843681]
DJI_20250529101715_0146_D:[3920.64906373 1454.99181345],[3924.78288488 1732.39749016],[3307.41172902 1690.74672747],[3304.54245205 1411.56867684]
DJI_20250529101823_0180_D:[2050.6246972  1095.31130285],[2052.89089312  820.65742506],[2675.84202011  858.00401857],[2676.56986746 1133.91736639]
50
DJI_20250529102201_0289_D:[1264.74985033 2366.54566331],[1244.72052362 1948.64109369],[2162.282701   1967.93399206],[2180.68259159 2372.24408362]
DJI_20250529102159_0288_D:[1275.42815557 1677.25819813],[1259.67503695 1262.34202803],[2171.2319107  1297.24812967],[2187.83259215 1699.26902351]
DJI_20250529102157_0287_D:[1254.41505265 1012.01498565],[1242.99402149  600.21534966],[2158.2965036   646.56055756],[2173.38461246 1047.6256218 ]
DJI_20250529102203_0290_D:[1297.29190383 3140.14643724],[1268.72798695 2732.09160653],[2174.01305314 2724.14519783],[2198.09290952 3119.31931465]
DJI_20250529102055_0256_D:[3293.37225748 2509.11092297],[3291.44733509 2797.44238379],[2644.8250224 2754.0414555],[2645.06141943 2465.0887906 ]
DJI_20250529101827_0182_D:[1335.14760577 1919.99315562],[1335.7476643  1641.54087367],[1950.80564186 1678.93416051],[1950.98825306 1960.25065237]
DJI_20250529101829_0183_D:[1322.78468077 2251.43687419],[1321.48846931 1973.11064036],[1936.20011484 2014.11184511],[1937.33115305 2295.19354274]
DJI_20250529101825_0181_D:[1364.68874057 1591.90287391],[1367.31517834 1315.50250423],[1980.2148898 1349.6455457],[1979.32131019 1629.01367608]
DJI_20250529102057_0257_D:[3267.64849803 2931.55744538],[3264.40350928 3214.38002659],[2623.10739093 3171.96766569],[2623.31025738 2888.27537223]
DJI_20250529101831_0184_D:[1311.59082803 2582.60665487],[1308.12503353 2305.75166176],[1922.04568343 2350.22824418],[1924.31315658 2629.68919865]
51
DJI_20250529101837_0187_D:[2033.00670587 2115.65900023],[2032.33701221 1835.20998145],[2658.57935218 1875.49125544],[2659.41382096 2156.7474201 ]
DJI_20250529101835_0186_D:[2032.01425652 1792.54249475],[2032.2338021  1512.62119518],[2658.10005299 1551.91388432],[2658.91647094 1832.8287105 ]
DJI_20250529101839_0188_D:[2028.77864467 2456.88531309],[2026.91695788 2176.6312893 ],[2654.08276667 2217.28553581],[2655.19035836 2498.16955391]
DJI_20250529101833_0185_D:[2008.95482747 1475.21301345],[2010.15422056 1196.84890615],[2635.2360252  1234.92106137],[2635.95406368 1514.50134166]
DJI_20250529101841_0189_D:[1996.22408929 2799.67147633],[1993.25908424 2520.9161265 ],[2620.63958762 2562.38857664],[2621.91796538 2841.67112824]
DJI_20250529101711_0144_D:[3931.07737444 1993.50394138],[3932.97915648 2270.61635767],[3319.10155642 2235.62575515],[3316.82509554 1956.43790182]
DJI_20250529101831_0184_D:[2027.59602885 1146.4301702 ],[2029.79471868  872.04782313],[2651.04023761  909.08586347],[2651.67074352 1184.78539597]
DJI_20250529101709_0143_D:[3947.36672345 1601.79094986],[3952.18212759 1878.72846611],[3337.41680453 1842.12531278],[3333.31778252 1563.30193475]
DJI_20250529101713_0145_D:[3902.58578511 2360.64512871],[3902.08227045 2636.43056129],[3289.26847385 2603.67764933],[3288.34459651 2325.67749387]
DJI_20250529101707_0142_D:[3945.70842152 1246.78471199],[3953.05232776 1521.20376963],[3339.79621522 1482.98141735],[3334.21254552 1206.87529304]
52
DJI_20250529102209_0293_D:[1210.88890986 2059.68274785],[1215.05513238 1641.54981232],[2127.08389319 1716.3099452 ],[2123.38337725 2120.30190532]
DJI_20250529101837_0187_D:[1376.18183009 1876.76219372],[1377.11476172 1598.02150465],[1993.43461359 1634.89376417],[1993.49791188 1916.5256361 ]
DJI_20250529101839_0188_D:[1370.23323968 2217.42396394],[1368.98930216 1937.80844253],[1987.04609259 1977.57283136],[1988.36661836 2259.91502101]
DJI_20250529101835_0186_D:[1376.29382422 1555.35541749],[1379.06594267 1278.20657067],[1994.03181343 1311.67268437],[1993.13944807 1591.90275132]
DJI_20250529101841_0189_D:[1337.25559012 2560.04377201],[1333.92661671 2280.94881114],[1952.4116291  2324.01947262],[1954.87621502 2605.75645035]
DJI_20250529102215_0296_D:[1201.72791626 3359.0418574 ],[1209.3469842  2968.60572805],[2099.39556617 3036.52716093],[2081.61091569 3414.44425861]
DJI_20250529102203_0290_D:[1288.07938549  686.07941871],[1284.14196894  305.1074168 ],[2157.73020573  368.10103723],[2173.92994433  740.76998551]
DJI_20250529101833_0185_D:[1355.13945766 1240.74096101],[1359.89909537  966.30115921],[1972.67636148  996.06509792],[1970.7132683  1273.84025056]
DJI_20250529101843_0190_D:[1313.36159144 2897.4646419 ],[1308.12580188 2621.06019055],[1924.82801511 2668.08394882],[1928.18794382 2946.99134883]
DJI_20250529101831_0184_D:[1378.25025597  916.2288966 ],[1385.03347931  646.88359227],[1993.45563297  673.16026683],[1990.44014949  945.99061532]
53
DJI_20250529101839_0188_D:[2150.35045295 2036.18032794],[2149.58498111 1754.68840939],[2778.36978713 1794.45108953],[2779.57904157 2076.45641409]
DJI_20250529101841_0189_D:[2116.18231808 2381.68859417],[2114.5622972  2099.74299569],[2745.05525517 2140.03277751],[2746.18786632 2422.38974129]
DJI_20250529101837_0187_D:[2156.11397996 1694.30565705],[2156.34983643 1414.52344918],[2782.84120185 1454.08921594],[2783.96570217 1734.56007009]
DJI_20250529101843_0190_D:[2088.34525725 2724.59561678],[2086.12483019 2444.37688963],[2715.81662918 2485.86733721],[2716.56714263 2766.34261335]
DJI_20250529101835_0186_D:[2156.29123158 1371.54001489],[2157.24752714 1094.08719559],[2782.08456962 1132.80198539],[2783.36170804 1411.12791262]
DJI_20250529101707_0142_D:[3836.70825353 1659.28821686],[3841.39275413 1937.28033715],[3223.04150639 1901.84965266],[3218.93482558 1622.30211278]
DJI_20250529101709_0143_D:[3834.33943891 2018.75204122],[3836.67264209 2297.17496893],[3218.33782938 2263.22223888],[3215.53536913 1983.02865451]
DJI_20250529101705_0141_D:[3840.49752093 1310.8035191 ],[3847.33479329 1586.84308796],[3229.8245313  1549.71130306],[3224.61698706 1272.29073289]
DJI_20250529101711_0144_D:[3813.86712592 2411.35761905],[3813.51821666 2687.70749569],[3197.7330309  2655.16414742],[3196.51806454 2376.84125702]
DJI_20250529101833_0185_D:[2134.41418658 1056.10153131],[2136.22773396  782.00954481],[2759.04215605  819.57457423],[2760.35021661 1094.76730318]
54
DJI_20250529101841_0189_D:[1635.10851327 2131.83344062],[1634.30422011 1850.34328484],[2260.11329598 1889.55191487],[2261.26364207 2173.02340854]
DJI_20250529101839_0188_D:[1670.95053476 1787.32803406],[1671.67788893 1507.36454931],[2295.34921907 1544.24527555],[2295.89257799 1826.27375295]
DJI_20250529101843_0190_D:[1607.59305901 2474.93255429],[1605.45305838 2194.02381504],[2231.13965627 2236.30518865],[2232.63841536 2519.04262291]
DJI_20250529102209_0293_D:[1672.39911995 1430.40872635],[1680.58705406 1023.80996456],[2558.58273442 1122.30277197],[2554.51373775 1513.9172409 ]
DJI_20250529101837_0187_D:[1679.23576633 1447.18073182],[1681.66079547 1170.04870708],[2302.19283544 1204.88700431],[2301.95108298 1484.24485053]
DJI_20250529102215_0296_D:[1661.06388854 2764.93378381],[1678.8479031  2364.63058251],[2552.42422658 2448.51425143],[2529.36524952 2833.04946039]
DJI_20250529101845_0191_D:[1597.07046515 2807.7566461 ],[1593.29148043 2528.9494572 ],[2217.91142819 2573.41536969],[2220.09281311 2853.89452336]
DJI_20250529101835_0186_D:[1681.32096438 1127.14028161],[1685.15436401  853.44790061],[2303.0843097   885.63560627],[2302.32132261 1161.74679853]
DJI_20250529102217_0297_D:[1633.32717099 3426.04253227],[1649.24278136 3031.06413824],[2529.13819067 3099.56542158],[2505.75702686 3479.37990459]
DJI_20250529101707_0142_D:[4306.17102245 1902.5947959 ],[4309.40961394 2179.30699494],[3703.34846359 2146.40627693],[3699.82532551 1866.54573254]
55
DJI_20250529101841_0189_D:[2125.72019975 1916.28666147],[2125.21522423 1632.07605784],[2760.38205889 1671.72492442],[2761.77659904 1956.58538324]
DJI_20250529101843_0190_D:[2096.71321559 2264.4140313 ],[2095.67330458 1979.71803975],[2731.682564  2020.7859617],[2732.60435694 2305.97701412]
DJI_20250529101839_0188_D:[2161.53142839 1569.23887598],[2161.79500493 1287.65203479],[2793.65734194 1326.65139069],[2795.22206142 1608.98675942]
DJI_20250529101845_0191_D:[2083.76996289 2602.81059189],[2081.8467167  2319.21780828],[2717.59540997 2360.85082892],[2718.42772478 2644.77808726]
DJI_20250529101705_0141_D:[3844.69093475 1765.52864415],[3848.9930402  2046.32991761],[3224.92470343 2011.50188329],[3220.92192109 1729.06563895]
DJI_20250529101837_0187_D:[2168.952205  1227.9856976],[2170.19276135  950.25851345],[2798.1832916   988.81034953],[2799.694813   1267.46342111]
DJI_20250529101707_0142_D:[3837.30357558 2119.65432262],[3839.41566164 2400.09392674],[3216.26534728 2367.27521697],[3213.37191085 2085.01064441]
DJI_20250529101847_0192_D:[2088.19371985 2952.14725475],[2085.27532101 2671.05758982],[2720.51566306 2713.0480055 ],[2721.24301748 2994.26410093]
DJI_20250529101703_0140_D:[3851.18547605 1399.06614623],[3857.66085595 1677.87508245],[3235.15543086 1641.12698274],[3230.06149365 1360.86673937]
DJI_20250529101709_0143_D:[3831.02413341 2482.25169507],[3830.73900957 2760.74027755],[3209.39178485 2729.77854219],[3207.81079079 2449.23059432]
56
DJI_20250529102741_0459_D:[3015.16281371 1480.59614332],[3020.382716   2173.85429556],[1482.30964218 2081.22356175],[1476.56439372 1394.60980221]
DJI_20250529102743_0460_D:[2960.60253664 2387.40454934],[2963.46727522 3069.2260425 ],[1442.33418113 2969.63687072],[1425.64235825 2293.00403399]
DJI_20250529102739_0458_D:[3005.78543371  531.61633799],[3014.86032313 1201.321929  ],[1500.32475534 1120.26798865],[1506.41616037  460.63875721]
DJI_20250529102745_0461_D:[2879.07441235 3283.66067441],[2880.51055819 3928.97320159],[1399.47844387 3818.9331509 ],[1370.93471957 3178.61744686]
DJI_20250529102915_0506_D:[3039.33579263 1833.90910507],[3032.4320127  1569.36927482],[3618.95474306 1597.84920218],[3626.65502368 1860.95417809]
DJI_20250529102913_0505_D:[3053.57171523 1493.42726331],[3046.25582256 1231.24622317],[3630.26983776 1261.88257973],[3639.19589492 1522.74144184]
DJI_20250529102911_0504_D:[3055.86902252 1180.68762162],[3048.24350874  921.57269473],[3630.00033954  954.07421691],[3639.97770241 1212.01311427]
DJI_20250529102909_0503_D:[3047.652654    879.13834419],[3039.82058845  624.53857139],[3617.7821426   658.83718027],[3628.73180217  912.37835233]
DJI_20250529102907_0502_D:[3029.89469808  576.84144238],[3021.99024469  328.61872436],[3594.15374524  364.51841128],[3605.98506283  611.8017657 ]
DJI_20250529102905_0501_D:[3042.0689501   284.55624463],[3033.78471487   43.1878769 ],[3600.4018233    81.34931299],[3613.46468742  321.72133977]
57
DJI_20250529102743_0460_D:[3962.71795847 1895.47105591],[3962.62181444 2599.3754808 ],[2386.73447489 2515.03489177],[2379.49112998 1799.87420661]
DJI_20250529102741_0459_D:[4009.35002063  980.28902355],[4021.68500731 1680.78272708],[2441.9308504  1580.71627315],[2437.19208003  870.31427673]
DJI_20250529102915_0506_D:[2669.17722209 2029.56141344],[2662.84454096 1760.93422457],[3262.03810727 1788.01671504],[3268.79751293 2056.0568577 ]
DJI_20250529102917_0507_D:[3038.15865144 2876.42391171],[3028.76112531 2154.53092441],[4600.01318941 2235.42494118],[4602.97591252 2939.25364784]
DJI_20250529102745_0461_D:[3873.05670004 2821.69938371],[3861.77099736 3501.55222934],[2312.15010087 3430.18549289],[2301.72152656 2738.38137304]
DJI_20250529102913_0505_D:[2684.5524231  1683.50508616],[2678.32252269 1416.46101137],[3275.61779186 1444.58153951],[3283.12335751 1711.14892497]
DJI_20250529102919_0508_D:[3064.47649343 3850.71421891],[3059.17809943 3159.62940211],[4606.17499717 3209.6340657 ],[4581.30952923 3872.21234584]
DJI_20250529102911_0504_D:[2687.78437881 1365.02259971],[2681.7002949  1100.42145835],[3277.09787126 1129.38900934],[3285.22000303 1393.67110427]
DJI_20250529102909_0503_D:[2681.35321661 1056.72353323],[2675.52225287  796.04846151],[3267.45374917  825.80392028],[3276.10017685 1086.29746948]
DJI_20250529102907_0502_D:[2666.49508582  746.41782073],[2661.0686351   491.56581855],[3247.38993783  521.88700935],[3256.43707812  776.71569069]
58
DJI_20250529102743_0460_D:[2709.64884954 1199.33865461],[2716.51683815 1944.70063333],[1077.35010436 1849.16148889],[1078.73674592 1120.70245998]
DJI_20250529102745_0461_D:[2624.51007597 2179.21324581],[2631.14051944 2917.44269766],[1016.29608887 2801.29259069],[1001.37769873 2078.86125633]
DJI_20250529102741_0459_D:[2767.2746957   255.86644304],[2775.23860489  975.8090488 ],[1141.67869732  899.24269054],[1160.33842466  199.50227849]
DJI_20250529102747_0462_D:[2585.29698891 3186.96382008],[2591.69537039 3891.01028643],[1010.97834918 3750.30316727],[ 976.62123828 3060.91584701]
DJI_20250529102915_0506_D:[3158.07740229 2278.45362765],[3151.79130104 2005.89740554],[3753.19301667 2032.59264619],[3759.08167903 2303.08895137]
DJI_20250529102913_0505_D:[3173.31638306 1927.55986511],[3166.42324436 1655.54363966],[3766.5575882 1685.1064401],[3773.94456127 1955.18355423]
DJI_20250529102911_0504_D:[3175.93695772 1603.84772533],[3168.54459273 1333.34086039],[3767.57952997 1365.49213049],[3776.27035601 1634.22897077]
DJI_20250529102909_0503_D:[3167.50369616 1289.09631444],[3159.70147231 1021.6667717 ],[3756.03292627 1056.27405144],[3765.96227283 1322.08894269]
DJI_20250529102907_0502_D:[3148.64284589  970.65909219],[3140.56040391  708.23922718],[3732.15627051  745.10254466],[3743.23457961 1006.08608909]
DJI_20250529102905_0501_D:[3161.15541293  662.23676936],[3152.55649146  405.26231667],[3739.53687001  444.82070921],[3752.00257784  700.36100459]
59
DJI_20250529102913_0505_D:[2417.49446323 2119.96731997],[2411.16016935 1837.92359677],[3041.70050461 1866.2673817 ],[3048.27794357 2148.31906496]
DJI_20250529102911_0504_D:[2420.35192011 1784.30043689],[2414.54020911 1503.14972199],[3044.19245224 1531.76787171],[3051.1402404 1813.1092164]
DJI_20250529102915_0506_D:[2401.80416401 2482.94865619],[2394.92677325 2201.27996652],[3025.97992754 2229.28772473],[3032.10517252 2510.8395952 ]
DJI_20250529102745_0461_D:[4787.885317   1688.22308959],[4792.03086599 2473.19354078],[3055.78825944 2385.66282461],[3048.35277354 1568.88194425]
DJI_20250529102743_0460_D:[4848.19744809  681.01812744],[4883.8211217  1448.58635266],[3152.79879699 1316.75962969],[3139.0472359   516.22225746]
DJI_20250529102747_0462_D:[4746.71346735 2759.81040398],[4717.25622733 3519.60944693],[3006.69620732 3478.46735567],[3005.3663878 2680.6127966]
DJI_20250529102909_0503_D:[2414.03084673 1456.52626805],[2408.84747546 1177.972673  ],[3035.86095173 1206.78236431],[3043.09140978 1485.68876596]
DJI_20250529102907_0502_D:[2399.69477958 1123.67841101],[2395.30303067  849.85722063],[3017.21840222  878.63019529],[3024.59399767 1152.99595789]
DJI_20250529102905_0501_D:[2416.8655773   800.92493268],[2413.01840947  532.18449607],[3030.96478085  561.24939011],[3038.70187046  830.60198074]
DJI_20250529102903_0500_D:[2435.5238456   478.78333591],[2432.23886463  216.14829585],[3046.56332586  245.52308989],[3054.72579497  508.87464349]
60
DJI_20250529102747_0462_D:[2919.70916902 2076.0456512 ],[2924.5163726  2890.61810978],[1133.30404908 2765.60795569],[1122.54313818 1966.06628502]
DJI_20250529102745_0461_D:[2958.89843278  972.90401302],[2968.89325009 1781.23763513],[1171.75307165 1679.44847479],[1179.91152129  889.25965661]
DJI_20250529102749_0463_D:[2943.31184775 3150.28016567],[2943.70592852 3925.93166273],[1186.99062679 3787.45904577],[1154.07334528 3022.08087368]
DJI_20250529102911_0504_D:[3083.91779708 2021.40876515],[3077.33755845 1739.48458882],[3700.58362241 1769.73876049],[3707.38317589 2049.80906309]
DJI_20250529102913_0505_D:[3080.73589573 2356.16533003],[3074.57678185 2074.44603973],[3697.72320682 2101.99385738],[3703.21052898 2381.67665545]
DJI_20250529102909_0503_D:[3076.05963043 1693.17134003],[3069.13311062 1412.76471305],[3690.76316774 1445.56361845],[3698.82623811 1724.29466154]
DJI_20250529102915_0506_D:[3064.18403174 2717.24938558],[3058.5216778  2437.03806539],[3681.51079033 2461.68037714],[3685.50482046 2739.72730085]
DJI_20250529102907_0502_D:[3057.56242323 1358.12387743],[3050.41580267 1081.32230816],[3668.24284827 1116.47647642],[3677.48376371 1391.82682332]
DJI_20250529102905_0501_D:[3071.81174063 1033.01162792],[3064.26991963  760.30784446],[3678.51811257  798.02233687],[3689.07629688 1069.33805282]
DJI_20250529102903_0500_D:[3088.03576405  707.92786423],[3080.04776839  440.21018548],[3691.16839594  480.69232182],[3703.1780612   747.06429909]