1
DJI_20250311102656_0430_D:[2464.1365971  2114.05476642],[2482.91912912 1835.50850704],[3101.31949327 1919.4039472 ],[3082.93398107 2197.72758995]
DJI_20250311102654_0429_D:[2473.41745362 1796.36248073],[2492.25355126 1518.23965076],[3110.85405204 1602.02240091],[3093.20128595 1880.15086051]
DJI_20250311102658_0431_D:[2425.9037135  2469.73652822],[2444.58948973 2191.3556313 ],[3063.6625026  2275.36285408],[3044.46018683 2553.30785292]
DJI_20250311102426_0355_D:[3528.24881007 1892.21581263],[3514.19332434 2167.61768567],[2902.68418271 2093.9919439 ],[2917.07987857 1817.39266008]
DJI_20250311102652_0428_D:[2522.6750078  1475.23252149],[2541.46690661 1199.04715584],[3158.59711465 1282.86474363],[3141.84043026 1559.17443924]
DJI_20250311102428_0356_D:[3504.17656887 2198.94525467],[3489.10122072 2474.16979104],[2877.58348395 2402.32432748],[2892.19839568 2125.70548865]
DJI_20250311102424_0354_D:[3573.30858487 1548.44857136],[3560.73538206 1822.37134686],[2950.93790508 1747.41562221],[2964.74850317 1472.46474589]
DJI_20250311102812_0468_D:[2225.38711588 1917.18524817],[2207.207321   2199.92130437],[1586.86501135 2115.63271501],[1605.28446396 1835.15283464]
DJI_20250311102700_0432_D:[2380.34084838 2800.6814899 ],[2398.8638874 2525.112001 ],[3014.91497749 2609.10735589],[2994.98661289 2884.03866804]
DJI_20250311102810_0467_D:[2251.82094494 1563.34021906],[2233.10170298 1845.01917026],[1613.39843614 1763.66715469],[1633.3464156  1484.48518041]
2
DJI_20250311102812_0468_D:[2989.45347177 1774.85203591],[2971.7981874  2057.87103937],[2342.33921903 1974.58935452],[2360.76484402 1691.89161427]
DJI_20250311102814_0469_D:[2978.61349005 2111.30965037],[2960.30152977 2395.38602146],[2328.79269116 2311.6192861 ],[2346.94919711 2027.56919397]
DJI_20250311102810_0467_D:[3013.45933812 1421.61085272],[2996.49015881 1702.74629587],[2368.43699131 1619.97501808],[2387.14240766 1339.40526398]
DJI_20250311102816_0470_D:[2935.9422879  2435.76843929],[2917.24129919 2718.66914369],[2286.58897363 2635.05168613],[2304.24018989 2351.95868772]
DJI_20250311102654_0429_D:[1723.83039126 1934.89287742],[1743.37735609 1657.73029576],[2357.74990471 1739.44460427],[2338.89239331 2018.4668417 ]
DJI_20250311102656_0430_D:[1716.28162568 2250.09469591],[1734.77248021 1973.15873414],[2348.59122642 2057.10047979],[2329.98763069 2335.66218426]
DJI_20250311103040_0542_D:[2986.47361814 2187.48025252],[3004.75224085 1899.19571659],[3639.86847923 1984.01186459],[3621.80619485 2270.72631627]
DJI_20250311102652_0428_D:[1772.2932544  1615.03050092],[1792.91286439 1338.9870248 ],[2407.11850604 1418.55322719],[2388.05149756 1696.59619992]
DJI_20250311103039_0541_D:[3017.52929449 1859.05837713],[3035.19731308 1572.1375195 ],[3668.04240237 1658.4497943 ],[3651.55390168 1944.05089688]
DJI_20250311102808_0466_D:[3041.45226921 1092.62214288],[3025.17447508 1370.36606342],[2399.76252892 1288.13025269],[2418.69379545 1011.17152861]
3
DJI_20250311102428_0356_D:[3293.17667869 1730.83484044],[3279.54222408 2006.51545096],[2665.67940918 1932.39830707],[2680.07008438 1656.27567701]
DJI_20250311102430_0357_D:[3257.99898616 2063.41299179],[3243.39082312 2339.50263671],[2629.14308712 2265.95277511],[2643.66312154 1989.24541469]
DJI_20250311102654_0429_D:[2680.52046878 2273.62386167],[2699.07440541 1994.57963331],[3317.00812618 2077.94157434],[3298.42080842 2356.02151908]
DJI_20250311102652_0428_D:[2729.91076546 1952.02573715],[2748.27175915 1673.03594875],[3365.89053748 1757.34547534],[3348.34521016 2035.49639555]
DJI_20250311102426_0355_D:[3316.27478888 1425.64989826],[3303.44834653 1699.72188236],[2690.85896271 1624.8344806 ],[2705.22267293 1350.4889053 ]
DJI_20250311102432_0358_D:[3237.39742458 2385.26166007],[3221.79337096 2660.11286417],[2608.8700861  2587.14412908],[2623.54956566 2311.43600052]
DJI_20250311102650_0427_D:[2783.96414777 1654.87694015],[2802.0267244  1377.90114423],[3416.72759862 1463.05846259],[3400.28801813 1739.32104236]
DJI_20250311102656_0430_D:[2670.63139985 2589.46072478],[2689.337417   2311.81768388],[3305.72897262 2394.18713752],[3286.19266068 2670.61766778]
DJI_20250311102424_0354_D:[3360.30350028 1086.50335944],[3348.77531694 1357.10119811],[2739.20680366 1281.93421251],[2753.16194668 1011.20941788]
DJI_20250311102434_0359_D:[3204.42828933 2706.82211386],[3187.92804473 2979.67150282],[2575.90486132 2907.42360117],[2590.60657657 2633.48702642]
4
DJI_20250311102652_0428_D:[2246.43216729 2128.54440001],[2265.14340006 1849.43973995],[2885.52169409 1932.99727909],[2867.08570851 2212.37095331]
DJI_20250311102650_0427_D:[2301.41507434 1830.86962603],[2320.52737393 1552.94965289],[2939.03335848 1636.14213477],[2920.9972687  1914.45810341]
DJI_20250311102654_0429_D:[2198.24965243 2448.9109339 ],[2216.42297247 2170.64403269],[2836.00264302 2254.5724677 ],[2817.25855315 2532.98432078]
DJI_20250311102816_0470_D:[2447.71002461 1912.29974803],[2429.4611248  2196.21337408],[1802.85333739 2111.8164061 ],[1821.39550049 1829.51638105]
DJI_20250311102814_0469_D:[2490.68194366 1589.18011219],[2472.26287994 1872.15836062],[1846.09889467 1789.60856917],[1865.69089668 1508.44506978]
DJI_20250311102648_0426_D:[2349.31096212 1497.56839564],[2368.69441228 1222.23502804],[2984.42590984 1304.77232692],[2967.00974473 1580.71221859]
DJI_20250311102818_0471_D:[2397.78899995 2258.24551405],[2380.14555661 2541.03240383],[1755.6777489 2455.4245218],[1772.64593624 2174.08993347]
DJI_20250311102656_0430_D:[2190.38891646 2762.45627788],[2208.06320118 2486.36757033],[2825.60697084 2570.55932651],[2806.56473434 2846.5559436 ]
DJI_20250311102812_0468_D:[2503.92678629 1258.3810888 ],[2485.51878297 1538.08633322],[1863.1517163  1458.20685137],[1883.64602692 1180.59884002]
DJI_20250311102430_0357_D:[3726.59015827 1882.91448152],[3712.92291037 2157.51405875],[3104.99903705 2084.46344094],[3119.08266799 1808.14258378]
5
DJI_20250311102816_0470_D:[3014.41245091 1779.27333523],[2996.64412804 2063.44608043],[2364.53052424 1979.70253611],[2383.05686062 1695.73257624]
DJI_20250311102818_0471_D:[2963.9300274  2125.45423629],[2945.84274048 2409.28527896],[2314.82409926 2326.08235641],[2332.7117759  2042.27981098]
DJI_20250311102814_0469_D:[3055.68566648 1456.69288288],[3038.58854768 1739.23977424],[2407.68698161 1655.72856343],[2426.41657419 1373.58944912]
DJI_20250311102650_0427_D:[1747.48995986 1960.02045087],[1766.96504626 1682.47601643],[2382.36094148 1764.54206004],[2363.52812789 2043.83332963]
DJI_20250311102820_0472_D:[2931.30661971 2448.22211037],[2912.93356067 2730.40467071],[2283.70056014 2647.62045544],[2300.96437389 2365.25470073]
DJI_20250311102652_0428_D:[1692.78785656 2256.8422533 ],[1711.04792174 1978.80196768],[2327.28484139 2062.69112145],[2308.84114343 2342.36568571]
DJI_20250311103036_0540_D:[2972.21032145 2174.36504054],[2990.60641837 1886.43544656],[3625.2102422  1971.59198523],[3607.10034278 2258.0405641 ]
DJI_20250311102648_0426_D:[1796.15089268 1626.88680778],[1816.77693817 1351.24708473],[2430.17458331 1431.0343856 ],[2411.09968003 1708.63414533]
DJI_20250311103034_0539_D:[2988.22815256 1821.80065468],[3005.78845764 1535.68316675],[3637.60631577 1621.73726104],[3621.34711472 1906.66357268]
DJI_20250311102812_0468_D:[3064.47450308 1127.39297187],[3048.23527162 1405.99902636],[2421.50072016 1323.52768332],[2440.2826456  1045.61167079]
6
DJI_20250311103034_0539_D:[2373.28478386 1978.35617679],[2391.9752537  1691.76969947],[3029.4078457  1775.97721757],[3011.4713819  2062.95238591]
DJI_20250311103036_0540_D:[2355.47113717 2330.52986169],[2374.00656975 2042.97494266],[3013.6634262  2128.21942767],[2994.89135255 2415.88479436]
DJI_20250311103033_0538_D:[2403.24016644 1644.8113481 ],[2421.95764215 1359.9701167 ],[3057.63835188 1443.08007392],[3040.60125439 1728.51335864]
DJI_20250311103039_0541_D:[2322.01131492 2678.81694402],[2339.91415172 2392.56603757],[2979.31399355 2477.68990088],[2960.16237347 2763.7940202 ]
DJI_20250311102818_0471_D:[3566.66182892 1970.07275543],[3549.19961592 2252.50912004],[2922.92992084 2170.92599111],[2940.69349695 1886.99954511]
DJI_20250311103203_0583_D:[2229.76537789 1591.42857634],[2210.40726144 1914.82170615],[1500.38220568 1825.63643852],[1521.26651505 1505.62009844]
DJI_20250311102816_0470_D:[3615.77045598 1626.84472758],[3599.64538528 1908.71442412],[2973.45654527 1824.72061074],[2990.86331312 1541.52820371]
DJI_20250311103205_0584_D:[2192.31434398 2001.47352141],[2173.77609031 2325.82727048],[1463.53020008 2232.72935835],[1482.09236663 1911.44042375]
DJI_20250311102820_0472_D:[3534.29850331 2291.3061628 ],[3515.61274877 2572.89484973],[2890.31847171 2493.47656254],[2908.38377138 2210.17164303]
DJI_20250311103030_0537_D:[2448.78497054 1296.34454393],[2467.5284597  1014.03623933],[3102.1439472  1096.44119129],[3086.08584599 1379.51577501]
7
DJI_20250311103205_0584_D:[2743.00020844 1823.23231407],[2724.5123269  2148.20308088],[2003.67146634 2057.09411309],[2022.95879111 1733.40549515]
DJI_20250311103207_0585_D:[2702.66765046 2213.7817298 ],[2684.27780321 2538.94358742],[1962.88712408 2447.05776321],[1980.63363921 2122.90803511]
DJI_20250311103203_0583_D:[2778.81929606 1413.94704377],[2760.69425068 1736.70590176],[2041.31204882 1647.2370519 ],[2061.68997216 1326.09090855]
DJI_20250311103034_0539_D:[1888.07660066 2131.93889589],[1906.74293589 1846.23717311],[2541.15077184 1930.1467321 ],[2522.7234947  2217.44319043]
DJI_20250311103033_0538_D:[1917.99323921 1799.72905227],[1937.44957557 1514.97647376],[2570.8689142  1596.37075248],[2552.58345276 1882.9239828 ]
DJI_20250311103036_0540_D:[1869.96451128 2482.15036597],[1887.66012259 2196.3145172 ],[2523.68641853 2282.74066486],[2505.22395366 2569.9142259 ]
DJI_20250311103030_0537_D:[1962.74757164 1451.88134724],[1983.05538042 1168.79072567],[2616.40006057 1247.93240948],[2598.26027218 1533.02801775]
DJI_20250311103209_0586_D:[2655.02744618 2606.48674352],[2636.65239595 2929.74230525],[1915.94369867 2836.56351662],[1932.22553758 2514.05164987]
DJI_20250311103201_0582_D:[2810.18733606 1036.98140194],[2792.94945299 1354.43234897],[2078.76641407 1267.80339613],[2099.59312327  952.26810093]
DJI_20250311103039_0541_D:[1838.62152465 2827.53746653],[1854.82824904 2543.90092529],[2489.78868036 2631.71134461],[2471.78285136 2916.45939714]
8
DJI_20250311103207_0585_D:[3244.0099056  2036.06601185],[3225.72387528 2361.12745425],[2502.47754047 2271.70428204],[2520.84638747 1945.91125751]
DJI_20250311103205_0584_D:[3281.9298213  1647.80283653],[3264.69838702 1971.4491119 ],[2543.29252353 1880.68419408],[2562.04117638 1556.60217917]
DJI_20250311103417_0650_D:[2853.91503792 1998.04980252],[2873.54886095 1673.70214379],[3590.29870322 1768.26830786],[3571.48890284 2091.27153386]
DJI_20250311103209_0586_D:[3197.95396465 2428.34767413],[3178.53150697 2752.7293752 ],[2454.65454576 2664.22743831],[2472.73998616 2338.78452054]
DJI_20250311103419_0651_D:[2825.15251362 2409.05397692],[2845.19637793 2083.1195599 ],[3566.09621334 2176.06499674],[3545.40151669 2500.25322429]
DJI_20250311103203_0583_D:[3314.4265886  1241.76817685],[3298.72856167 1561.95448975],[2579.92918975 1470.63754965],[2598.60597744 1150.33522218]
DJI_20250311103415_0649_D:[2901.69210776 1627.09907194],[2920.77200505 1306.13911872],[3632.15596385 1402.13328952],[3615.2794123  1721.96504982]
DJI_20250311103421_0652_D:[2780.25776095 2775.78152417],[2800.50723512 2450.99144939],[3522.9958601  2542.15486804],[3500.67782631 2864.84444549]
DJI_20250311103211_0587_D:[3158.53043729 2801.53751278],[3138.32665821 3120.8576885 ],[2420.2215677  3034.32608348],[2437.6689148  2713.57914953]
DJI_20250311103033_0538_D:[1449.03816949 1952.30558679],[1468.35975324 1668.96961283],[2092.78924028 1749.72674775],[2074.12057861 2036.06512506]
9
DJI_20250311102822_0473_D:[2873.48606263 1912.38624455],[2855.85736923 2195.01265968],[2228.05930555 2112.35687909],[2246.03217289 1830.19386449]
DJI_20250311102820_0472_D:[2902.93757928 1567.16664694],[2885.66233943 1849.46256997],[2256.91768672 1767.10404385],[2275.46780042 1485.49824463]
DJI_20250311102824_0474_D:[2815.7989863 2245.5962122],[2797.96748056 2527.34721745],[2171.68529459 2444.49001875],[2188.95928086 2163.04501932]
DJI_20250311102646_0425_D:[1868.12168223 2164.909451  ],[1887.00280378 1886.89455799],[2504.10730945 1970.48718743],[2485.41149182 2249.82487287]
DJI_20250311102644_0424_D:[1889.94207545 1831.68920388],[1909.87061383 1555.26850842],[2524.19745564 1636.96324728],[2505.31082946 1914.99571548]
DJI_20250311102818_0471_D:[2934.32420186 1247.52734354],[2917.48914914 1527.71350608],[2289.71011291 1445.82793396],[2308.71392254 1166.53448606]
DJI_20250311102648_0426_D:[1819.91399054 2489.86925442],[1837.51206648 2212.95515417],[2453.40472223 2297.84919209],[2435.0668209  2575.89223871]
DJI_20250311102642_0423_D:[1882.12933767 1500.00174545],[1903.07985346 1225.99063873],[2514.74514114 1305.30896822],[2495.6952716 1581.2601351]
DJI_20250311102826_0475_D:[2811.07439918 2573.96557226],[2793.03161088 2854.56117448],[2166.48000729 2771.59593762],[2183.05581691 2491.02515164]
DJI_20250311103030_0537_D:[3091.7430792  2031.23279638],[3109.21975067 1743.95782661],[3740.67162478 1828.72282653],[3723.91415497 2114.27916909]
10
DJI_20250311103030_0537_D:[2497.5499244  2166.93853483],[2515.72219301 1879.22582974],[3154.80864355 1963.23113059],[3136.89140025 2250.78115136]
DJI_20250311103028_0536_D:[2524.14836984 1832.14165439],[2542.61030151 1545.47210255],[3180.26320024 1629.83670705],[3163.01199896 1916.57241406]
DJI_20250311103033_0538_D:[2452.3200973  2514.58171988],[2470.29398903 2228.36223959],[3107.54519403 2312.18483679],[3088.84532933 2598.04875605]
DJI_20250311102822_0473_D:[3453.22309292 1779.9997604 ],[3436.54287825 2061.2937303 ],[2811.42288792 1979.21320686],[2828.89112262 1696.93373131]
DJI_20250311102824_0474_D:[3396.20230424 2111.79197053],[3378.40268815 2392.96641668],[2753.7223334  2312.41188983],[2771.39913802 2030.09044977]
DJI_20250311103026_0535_D:[2581.35913018 1495.3818846 ],[2599.60495377 1212.00211795],[3232.92622906 1295.9298142 ],[3216.82684512 1579.51459909]
DJI_20250311102820_0472_D:[3481.70445777 1437.04030938],[3466.30991378 1717.25826523],[2840.95660909 1633.69069235],[2858.08978243 1352.69662055]
DJI_20250311102826_0475_D:[3392.93033399 2438.9801295 ],[3374.05386363 2719.62149796],[2748.86742356 2640.70306481],[2766.71047232 2358.59153151]
DJI_20250311103034_0539_D:[2422.72520987 2845.48176991],[2440.54105319 2561.34618806],[3076.77487584 2645.28133655],[3057.27630673 2928.81494937]
DJI_20250311103209_0586_D:[2041.79747709 1797.5154705 ],[2022.98323032 2122.23496801],[1315.70351864 2031.45829742],[1335.2431187  1710.60692123]
11
DJI_20250311102642_0423_D:[2321.46576962 1958.05646399],[2340.57803024 1680.30017578],[2958.21364401 1763.92536419],[2939.87800304 2042.04988778]
DJI_20250311102644_0424_D:[2331.29926263 2292.26803807],[2349.98799266 2014.02005344],[2968.53312347 2097.98013343],[2949.76932603 2376.27596752]
DJI_20250311102640_0422_D:[2339.18431843 1631.06715673],[2358.38034552 1354.89305729],[2974.62588146 1437.39018   ],[2957.05378703 1714.13484277]
DJI_20250311102646_0425_D:[2311.6929173  2626.52716911],[2329.87000306 2348.59831112],[2949.65922012 2432.45732966],[2930.5340672  2710.11906613]
DJI_20250311102824_0474_D:[2363.77037591 1780.44518731],[2345.89020497 2062.11806325],[1725.13720022 1979.95249586],[1743.62665233 1700.20285755]
DJI_20250311102826_0475_D:[2357.61765708 2107.63624553],[2340.12197199 2390.12013576],[1717.56679578 2305.86565124],[1734.78483579 2025.05681857]
DJI_20250311102822_0473_D:[2421.45833133 1448.6494506 ],[2403.27065631 1729.33639317],[1781.94846342 1649.13265479],[1801.65328298 1370.53458633]
DJI_20250311102440_0362_D:[3657.63803333 2044.90214713],[3642.64383267 2320.20323531],[3032.73350866 2246.63293586],[3047.74981154 1969.65079019]
DJI_20250311102638_0421_D:[2395.4305507 1307.8296627],[2414.72506092 1033.95615469],[3029.8953534 1116.1120859],[3013.10846996 1390.64843137]
DJI_20250311102438_0361_D:[3690.66645617 1717.98465226],[3677.31858883 1992.50514062],[3068.51583033 1917.34016617],[3082.749081   1641.31764098]
12
DJI_20250311102256_0310_D:[2042.96922041 2047.40126095],[2058.8249076  1776.10888189],[2662.15807801 1851.23615387],[2646.70014674 2123.4721741 ]
DJI_20250311102440_0362_D:[2631.62822168 1714.78294091],[2616.50978046 1991.60851397],[2002.64011372 1916.0643652 ],[2018.54727167 1640.51730153]
DJI_20250311102442_0363_D:[2607.15640951 2030.30536192],[2592.04628707 2307.85316745],[1977.30933565 2230.98512891],[1992.39925971 1954.55120526]
DJI_20250311102254_0309_D:[2073.87829522 1709.80833735],[2090.49456043 1439.46874697],[2693.20411066 1513.31845523],[2677.83686422 1784.81241611]
DJI_20250311102258_0311_D:[2010.80358821 2364.4043403 ],[2025.81477554 2093.27851483],[2629.34506293 2169.41952544],[2613.91523887 2441.31049522]
DJI_20250311102438_0361_D:[2667.68657336 1388.12538275],[2652.83303092 1663.04816571],[2040.38294325 1589.3308098 ],[2056.85763239 1315.84812827]
DJI_20250311102444_0364_D:[2585.81425945 2366.59676861],[2570.86610734 2643.18772328],[1956.90106842 2565.32872833],[1970.96267996 2289.64730952]
DJI_20250311102300_0312_D:[1987.30394044 2691.51609835],[2001.38167919 2420.91103827],[2606.42078281 2498.17703568],[2591.06998221 2769.36865319]
DJI_20250311102252_0308_D:[2095.56357015 1367.289239  ],[2112.70735838 1100.17683496],[2711.91606344 1171.90511499],[2696.86763139 1440.42050112]
DJI_20250311102436_0360_D:[2686.44667531 1082.70158002],[2671.93515298 1354.80743651],[2061.38180895 1283.09251517],[2078.31698189 1012.63476124]
13
DJI_20250311102442_0363_D:[3107.18823152 1906.35034876],[3092.3332847  2183.76629859],[2475.10838398 2108.06198545],[2490.32160928 1830.56633846]
DJI_20250311102440_0362_D:[3129.82597588 1591.86365263],[3115.64920436 1867.96754733],[2499.89020186 1792.21927277],[2515.23112958 1516.20861126]
DJI_20250311102444_0364_D:[3086.23578926 2242.36025291],[3070.81330937 2519.42452517],[2453.85147826 2444.20158619],[2468.77234502 2166.83449257]
DJI_20250311102640_0422_D:[2869.45354025 2093.94973704],[2887.71168078 1815.38428952],[3502.58858329 1899.16952171],[3484.8359353  2176.50885937]
DJI_20250311102438_0361_D:[3163.29546827 1266.70826822],[3150.10237142 1540.27479524],[2536.48119997 1464.93603164],[2551.67315451 1191.61696952]
DJI_20250311102642_0423_D:[2851.38967786 2421.98330755],[2870.22820688 2143.63054349],[3485.27351553 2226.47920386],[3466.07071678 2503.38018232]
DJI_20250311102638_0421_D:[2926.34310782 1769.18863358],[2944.07774762 1491.19006357],[3558.41321562 1576.47634221],[3542.06888522 1853.325021  ]
DJI_20250311102446_0365_D:[3056.92738323 2585.63180161],[3040.96646246 2861.11154093],[2424.67471746 2786.5594227 ],[2439.19706063 2510.52909854]
DJI_20250311102254_0309_D:[1589.7958066  1830.71643527],[1606.75617636 1561.37210738],[2202.85331319 1633.7816481 ],[2186.78540048 1905.42177103]
DJI_20250311102256_0310_D:[1560.04961957 2166.26645471],[1575.49919143 1896.56956872],[2171.68506959 1971.67900172],[2156.25441804 2243.46198047]
14
DJI_20250311102254_0309_D:[2473.25920986 2161.53392758],[2488.82272832 1888.91423317],[3094.6368406  1964.82968042],[3079.24294585 2237.24283071]
DJI_20250311102252_0308_D:[2493.04874859 1814.98551011],[2508.6409227  1543.72593241],[3112.36009985 1619.27867283],[3097.78458404 1890.57917989]
DJI_20250311102256_0310_D:[2442.56651298 2499.29230688],[2457.84915913 2227.56039946],[3063.02664132 2303.08685189],[3047.05702037 2574.39620619]
DJI_20250311102250_0307_D:[2519.37885013 1496.2487751 ],[2534.9874433  1227.73166464],[3135.30480813 1302.89481313],[3121.47942874 1571.64273552]
DJI_20250311102058_0251_D:[3546.72086844 1881.6341069 ],[3535.23395665 2150.63390526],[2937.88637213 2083.27243177],[2949.81608288 1813.01497628]
DJI_20250311102100_0252_D:[3525.11741115 2195.57114285],[3512.22348908 2464.86403801],[2914.01675871 2398.59900521],[2926.56067087 2127.86125548]
DJI_20250311102056_0250_D:[3576.39066836 1563.42163655],[3566.46433459 1830.68229896],[2971.41159124 1762.54317942],[2982.56073458 1494.16166194]
DJI_20250311102444_0364_D:[2176.44723545 1906.82512238],[2161.27840521 2183.97320577],[1553.74553963 2107.2890886 ],[1569.16878837 1832.48781373]
DJI_20250311102258_0311_D:[2410.49735833 2814.74249058],[2425.38472609 2544.94012776],[3029.60739966 2619.93101286],[3013.19722595 2889.10746075]
DJI_20250311102442_0363_D:[2198.84604447 1571.97412857],[2183.0198113  1848.21193916],[1576.01360052 1774.23487321],[1592.96646187 1500.55157971]
15
DJI_20250311102100_0252_D:[2830.57502781 1916.99319048],[2818.2277309  2188.02121226],[2215.67202696 2118.90672157],[2228.35008391 1848.39621071]
DJI_20250311102058_0251_D:[2853.73868633 1603.12767282],[2841.91125176 1872.87664951],[2240.77814571 1804.90593343],[2253.70277975 1535.82929322]
DJI_20250311102102_0253_D:[2798.03857304 2230.2556553 ],[2785.43832062 2501.14184601],[2182.83690431 2431.43591079],[2194.99173886 2160.92798115]
DJI_20250311101906_0195_D:[1964.84777962 1868.30212469],[1978.42028407 1602.19089145],[2570.72624513 1669.38047715],[2557.99893293 1936.71078621]
DJI_20250311101908_0196_D:[1934.07425041 2179.72643626],[1946.61607513 1913.19599691],[2539.32708054 1981.30486402],[2526.87443739 2248.90302859]
DJI_20250311102056_0250_D:[2886.48933782 1286.31890016],[2875.35893327 1553.40359949],[2276.83995055 1486.85422284],[2289.82680069 1220.56638666]
DJI_20250311101904_0194_D:[1996.96088024 1557.71900156],[2011.42331186 1293.68373536],[2601.40386631 1359.68455859],[2588.53128694 1625.09042437]
DJI_20250311101910_0197_D:[1909.09912193 2500.80803337],[1920.59978595 2235.0528169 ],[2512.93280955 2304.24265129],[2500.73464594 2570.90080741]
DJI_20250311102104_0254_D:[2783.06108402 2551.9600078 ],[2770.43960782 2821.7165446 ],[2167.90206764 2751.98578793],[2179.25151465 2482.4144334 ]
DJI_20250311102252_0308_D:[3191.9655426  2103.33488891],[3206.88491835 1831.55479002],[3802.47359273 1907.45939139],[3787.91578286 2177.27311707]
16
DJI_20250311102218_0291_D:[2683.05782054 2131.4891355 ],[2697.78336371 1859.59151499],[3300.58803798 1933.80799894],[3286.05218911 2204.9500803 ]
DJI_20250311102134_0269_D:[3308.54005524 1983.66716486],[3296.25237562 2256.74695803],[2688.62795274 2188.13921287],[2701.08613792 1914.35508323]
DJI_20250311102132_0268_D:[3335.91243704 1666.0629231 ],[3324.61068153 1938.94032906],[2716.40673321 1869.48657502],[2728.70083057 1596.07530239]
DJI_20250311102216_0290_D:[2724.903209   1808.15533819],[2739.49471943 1537.43301435],[3340.37415668 1612.45330713],[3326.81730416 1882.58034227]
DJI_20250311102220_0292_D:[2652.17737452 2440.85200073],[2667.2170783  2167.52184979],[3274.29176165 2241.76054381],[3258.63071251 2514.14113988]
DJI_20250311102136_0270_D:[3279.29257236 2289.20254751],[3266.14351951 2561.39882971],[2659.65853078 2493.72718774],[2672.19553544 2220.64625352]
DJI_20250311102130_0267_D:[3349.32860277 1357.60726352],[3338.9767     1628.88261569],[2731.44737807 1558.65014526],[2743.59681948 1287.01563667]
DJI_20250311102214_0289_D:[2748.78181919 1487.60091272],[2763.13900535 1219.32503177],[3361.34378622 1294.92410516],[3348.84466824 1562.77819413]
DJI_20250311102222_0293_D:[2603.26186243 2773.64136964],[2618.38079746 2501.08219317],[3227.15030664 2574.89119431],[3210.52887944 2846.333336  ]
DJI_20250311102138_0271_D:[3261.14820592 2635.41742734],[3246.99327263 2905.73987354],[2641.67843419 2839.11205418],[2654.34355316 2567.6486964 ]
17
DJI_20250311102520_0382_D:[3034.4106414  1891.22335639],[3018.64256535 2170.12236801],[2398.20334245 2092.2624139 ],[2414.32039606 1813.30780482]
DJI_20250311102518_0381_D:[3074.23084949 1572.67509682],[3059.2168297  1850.48011118],[2439.64043027 1772.79869306],[2455.84755769 1495.07938638]
DJI_20250311102522_0383_D:[2997.46546701 2198.64537962],[2981.0421216  2477.10031258],[2361.25211286 2399.08054269],[2377.18476746 2120.42869639]
DJI_20250311102602_0403_D:[2922.46556743 2094.01223758],[2939.45015933 1816.24871963],[3551.65230055 1897.23375068],[3535.15391418 2173.51659689]
DJI_20250311102516_0380_D:[3088.80329393 1241.61149086],[3074.63228225 1517.26559191],[2456.09923752 1439.88665334],[2472.36489561 1164.53986288]
DJI_20250311102524_0384_D:[2972.59018072 2535.86371842],[2955.66284482 2811.91512796],[2338.67152397 2734.20744334],[2354.19586726 2457.76271346]
DJI_20250311102600_0402_D:[2934.75666361 1793.66339251],[2951.34152199 1516.41333269],[3563.81178076 1598.93121493],[3548.53885597 1874.96651942]
DJI_20250311102604_0404_D:[2889.85796011 2407.56443622],[2906.94268042 2130.66597068],[3517.99776952 2209.16295679],[3500.53636216 2484.35390507]
DJI_20250311102216_0290_D:[1631.44981271 1875.13826529],[1647.4426508 1606.0673108],[2243.38755086 1677.4629913 ],[2228.15020834 1948.63064371]
DJI_20250311102218_0291_D:[1589.32601205 2196.24331972],[1603.84852428 1926.55040707],[2200.64664784 2000.32790763],[2186.01788632 2271.96967112]
18
DJI_20250311102136_0270_D:[3139.11050575 1852.79405003],[3127.00345592 2125.97478606],[2518.68668008 2056.73917786],[2531.29154514 1783.37691457]
DJI_20250311102138_0271_D:[3122.32150635 2199.97437832],[3109.37832298 2473.1840257 ],[2500.84787503 2404.06926584],[2513.44500125 2130.46001182]
DJI_20250311102134_0269_D:[3167.1582396  1547.54993199],[3155.79943262 1819.94867199],[2547.52434043 1750.51315744],[2560.1539911  1478.09516827]
DJI_20250311102216_0290_D:[2861.29067411 2243.97160936],[2876.07639795 1972.26509655],[3476.57058241 2046.13489286],[3461.73887482 2316.55677611]
DJI_20250311102214_0289_D:[2885.24875382 1921.78080206],[2899.68843585 1650.79030051],[3498.76915936 1725.99639744],[3485.11541045 1995.8953458 ]
DJI_20250311102140_0272_D:[3058.49062174 2529.97040955],[3044.91012829 2801.9774075 ],[2436.83436743 2732.94585533],[2449.23213366 2460.43231611]
DJI_20250311102132_0268_D:[3193.3020515  1232.00959015],[3182.81722716 1502.45917066],[2575.20075429 1432.92186213],[2587.78152941 1162.61360215]
DJI_20250311102218_0291_D:[2819.31812327 2566.89006577],[2834.32671007 2295.78144572],[3435.50031517 2368.10658694],[3419.58161551 2637.74299741]
DJI_20250311102212_0288_D:[2896.33325467 1598.27416916],[2910.20326935 1327.34048969],[3511.50753305 1403.61872543],[3499.29837799 1673.66371019]
DJI_20250311101832_0178_D:[1629.83283279 2246.97378559],[1642.43667472 1979.97049917],[2233.87868485 2049.64250971],[2221.11509243 2318.52549452]
19
DJI_20250311102214_0289_D:[2017.87081092 2010.7914154 ],[2033.19450089 1740.00926031],[2635.44366103 1813.51242565],[2620.59589151 2085.2916148 ]
DJI_20250311102522_0383_D:[2620.6143488  1726.29352737],[2604.47181781 2005.25230667],[1985.97463647 1927.07941982],[2002.81484682 1649.30955696]
DJI_20250311102524_0384_D:[2596.95158105 2065.06050212],[2580.780425   2343.59790802],[1963.76891879 2264.13973064],[1979.7325994  1986.60620169]
DJI_20250311102216_0290_D:[1993.68478561 2332.32651188],[2008.13714274 2061.36316764],[2611.20258051 2136.00553126],[2596.40066425 2407.78799497]
DJI_20250311102212_0288_D:[2024.47079207 1688.82363858],[2040.48528219 1417.63078347],[2645.23197712 1489.63381027],[2630.55354035 1762.08107236]
DJI_20250311102520_0382_D:[2657.40071945 1420.33424272],[2641.50176028 1697.94937922],[2023.41350422 1621.32048096],[2040.85065169 1345.03573779]
DJI_20250311102526_0385_D:[2567.95819033 2385.69339799],[2551.79459625 2662.63240327],[1936.9053597  2581.94369334],[1952.03498443 2305.84016584]
DJI_20250311102218_0291_D:[1953.07146502 2653.83676901],[1966.45917625 2384.08145701],[2569.27248778 2459.68484104],[2554.6703856  2730.11042671]
DJI_20250311102210_0287_D:[2033.36843604 1345.51400107],[2049.87093566 1076.33560056],[2654.05698441 1145.83155615],[2639.7904715  1416.53526723]
DJI_20250311102518_0381_D:[2697.89262606 1105.62141603],[2682.34024583 1380.31624385],[2066.17309517 1305.30268759],[2084.11745694 1032.09275366]
20
DJI_20250311102212_0288_D:[2456.67266216 1956.54011711],[2471.58460394 1683.44579844],[3078.88579444 1757.73804462],[3064.67800041 2030.78280156]
DJI_20250311102214_0289_D:[2447.73266605 2278.17565993],[2462.54745743 2006.57300311],[3066.44204477 2080.78056223],[3051.4854708  2352.10052785]
DJI_20250311102210_0287_D:[2465.88118276 1610.98685019],[2480.65660305 1338.75632782],[3088.34534711 1412.26666704],[3075.15551241 1684.68803335]
DJI_20250311102216_0290_D:[2423.80595275 2599.69579012],[2438.29988803 2328.91501184],[3042.37879633 2402.77083786],[3026.91045277 2673.07216353]
DJI_20250311102138_0271_D:[3555.60688798 1838.11666229],[3543.91392428 2110.52877369],[2938.86644026 2041.46011458],[2951.15333241 1767.81072521]
DJI_20250311102140_0272_D:[3494.360479   2166.95327874],[3481.30691276 2439.80331885],[2875.04202455 2371.97061631],[2887.85681372 2097.77819763]
DJI_20250311102136_0270_D:[3569.54115071 1493.8842336 ],[3559.35234694 1764.67036861],[2955.67320516 1694.40214243],[2967.31204997 1422.58408116]
DJI_20250311102524_0384_D:[2156.89407413 1789.8048891 ],[2140.44421302 2067.6176538 ],[1531.53874657 1989.27788332],[1548.43576986 1713.85639859]
DJI_20250311102208_0286_D:[2513.71782139 1287.85440375],[2528.13023827 1019.61092144],[3130.90162052 1092.08325455],[3118.86655109 1360.63377763]
DJI_20250311102142_0273_D:[3446.32087632 2489.27565778],[3431.91212715 2761.57625369],[2824.70084375 2694.72903255],[2838.00128734 2420.91656779]
21
DJI_20250311102526_0385_D:[3055.57006698 2009.91049014],[3039.2477623  2288.22261052],[2420.25406041 2209.74440038],[2436.60077284 1931.30627703]
DJI_20250311102524_0384_D:[3084.39092967 1688.70265332],[3068.79371214 1966.99042087],[2449.0456928  1888.58388567],[2465.48420142 1610.34382399]
DJI_20250311102528_0386_D:[3037.9986567  2345.10244914],[3021.32090555 2622.96131673],[2402.04295778 2545.2296864 ],[2417.87553225 2267.0172089 ]
DJI_20250311102522_0383_D:[3107.19956892 1351.3815053 ],[3092.42819356 1628.31761547],[2472.67524601 1549.97702928],[2489.19807717 1273.26792477]
DJI_20250311102558_0401_D:[2861.14186887 2269.13191691],[2878.23773698 1990.85421673],[3492.50790748 2070.80458385],[3475.4715683  2347.66033907]
DJI_20250311102556_0400_D:[2880.94892976 1919.99702916],[2897.63554625 1643.00969678],[3509.49650503 1724.32622769],[3493.75352661 2000.14667105]
DJI_20250311102554_0399_D:[2912.39266194 1603.26307885],[2928.72932086 1329.77729242],[3534.97262933 1412.24225011],[3520.36268632 1684.76132951]
DJI_20250311102600_0402_D:[2820.00265244 2641.76933926],[2837.6200191  2363.74544406],[3453.61518296 2442.34517839],[3435.03115951 2718.66862354]
DJI_20250311102212_0288_D:[1553.39537533 2058.78128033],[1568.65953686 1787.54281211],[2168.24306055 1860.35086653],[2153.31641599 2133.77054101]
DJI_20250311102530_0387_D:[3009.8475517  2677.27822335],[2992.37081745 2952.64253396],[2375.24748857 2874.80048946],[2390.98328312 2598.84661804]
22
DJI_20250311102526_0385_D:[2663.05138235 1742.82667266],[2646.75491743 2021.26450193],[2029.2132853  1942.66660498],[2046.17725402 1665.34899018]
DJI_20250311102528_0386_D:[2644.61117011 2078.09239269],[2628.47825291 2357.14647966],[2009.92422508 2277.78773914],[2025.86637698 1999.64764029]
DJI_20250311102210_0287_D:[1940.72676871 1975.70778217],[1955.82659227 1702.0789941 ],[2564.26013175 1774.75433818],[2549.7736965  2049.62621432]
DJI_20250311102212_0288_D:[1933.3294015  2319.18940779],[1947.75440934 2046.33735543],[2554.69543163 2121.09667969],[2539.99898297 2394.94046768]
DJI_20250311102524_0384_D:[2691.73486217 1422.35860781],[2675.68761481 1699.7914079 ],[2057.95282439 1622.65254806],[2075.48957265 1346.52068241]
DJI_20250311102208_0286_D:[1991.11251218 1649.98112075],[2006.65122351 1378.75212607],[2611.72630817 1449.04451996],[2597.60252977 1721.63252816]
DJI_20250311102530_0387_D:[2617.50046343 2411.32440058],[2601.09262125 2688.99151256],[1983.99559698 2607.99968036],[1999.32969011 2331.04321567]
DJI_20250311102214_0289_D:[1928.99263486 2635.98850518],[1942.53727677 2366.19181616],[2545.0105257  2442.03679747],[2530.34618366 2712.58126141]
DJI_20250311102206_0285_D:[2006.86097212 1337.98811894],[2022.85241099 1070.08415645],[2624.12473819 1137.88912298],[2610.32309079 1407.36717181]
DJI_20250311102522_0383_D:[2714.9258084  1086.87026007],[2699.16728815 1361.87584353],[2082.07488723 1286.28380879],[2100.24756675 1012.78552065]
23
DJI_20250311102142_0273_D:[3271.73544075 1853.51203345],[3259.33989967 2127.81577183],[2648.71029767 2057.48847062],[2661.66562669 1782.67600854]
DJI_20250311102210_0287_D:[2638.27575843 2248.63643617],[2652.67103881 1974.1411849 ],[3261.66861453 2047.67509034],[3247.2568957  2321.42047106]
DJI_20250311102208_0286_D:[2685.83516191 1920.21636199],[2699.80318534 1647.23028691],[3305.53619472 1720.61876118],[3292.35535689 1992.99355362]
DJI_20250311102144_0274_D:[3246.40396923 2217.20410874],[3232.9909709  2491.49849997],[2622.21421177 2421.89670688],[2635.2766025  2146.86784384]
DJI_20250311102140_0272_D:[3317.76024321 1533.87455347],[3306.59722612 1806.1091845 ],[2698.70133889 1735.77107117],[2711.25085994 1463.14401028]
DJI_20250311102206_0285_D:[2698.3379564  1604.91112486],[2711.89521173 1334.26827058],[3314.60731074 1407.44797877],[3302.60576089 1677.68504911]
DJI_20250311102212_0288_D:[2627.90178481 2591.93382146],[2642.61067517 2319.31201553],[3249.16584239 2392.40374943],[3233.55906033 2664.0174364 ]
DJI_20250311102146_0275_D:[3205.72582416 2541.97212425],[3191.51225373 2814.31525171],[2582.72875895 2745.62813973],[2595.73523065 2472.3732892 ]
DJI_20250311102138_0271_D:[3376.96806819 1209.6711978 ],[3367.11478545 1478.92438275],[2762.0612882  1408.19198183],[2774.11924533 1138.61341033]
DJI_20250311102204_0284_D:[2715.60024095 1282.71696058],[2728.77306297 1015.77478871],[3327.26180927 1088.8117068 ],[3316.42963429 1355.52190398]
24
DJI_20250311102530_0387_D:[2651.42794642 1980.20798467],[2634.98838683 2258.85804911],[2017.48022226 2179.19439186],[2033.99350175 1901.5194971 ]
DJI_20250311102528_0386_D:[2677.90311432 1647.71620648],[2661.87089781 1925.91350113],[2044.26909152 1848.16434983],[2061.23909612 1571.1467713 ]
DJI_20250311102208_0286_D:[1961.26298888 2071.31633861],[1975.70406853 1798.82835315],[2581.60365622 1871.01454856],[2567.50353064 2144.60069212]
DJI_20250311102206_0285_D:[1976.21413287 1756.81642228],[1991.19068849 1486.00355312],[2594.49403454 1556.01481483],[2580.6295718  1828.12746483]
DJI_20250311102210_0287_D:[1911.83034468 2398.00714713],[1925.66205461 2124.83667729],[2533.66186549 2199.24602773],[2519.35455958 2473.40689937]
DJI_20250311102532_0388_D:[2612.14207715 2299.90710904],[2595.78361252 2578.16219386],[1978.33560565 2497.50706478],[1993.930495   2220.07553193]
DJI_20250311102526_0385_D:[2696.38966493 1316.24387224],[2680.30893888 1592.03135682],[2065.03625021 1515.33076124],[2082.90194831 1240.93663112]
DJI_20250311102204_0284_D:[1997.10322554 1434.29531815],[2012.66000776 1166.47429281],[2612.34199838 1234.30201763],[2598.67939578 1503.61175723]
DJI_20250311102212_0288_D:[1905.64561311 2737.33220835],[1918.7001177  2466.79422236],[2523.85131467 2542.92267851],[2509.43202957 2814.2083156 ]
DJI_20250311102534_0389_D:[2586.77110996 2637.17701075],[2570.49590599 2913.47416386],[1954.2274969  2831.80830272],[1968.82587775 2556.12683081]
25
DJI_20250311102530_0387_D:[2984.9894703  1783.74100072],[2968.89221215 2062.17470506],[2349.50383985 1983.24181726],[2366.23298905 1705.08073449]
DJI_20250311102532_0388_D:[2946.55817747 2102.89170776],[2930.03770507 2381.81143821],[2309.86062868 2302.74139772],[2326.18791212 2023.9313728 ]
DJI_20250311102528_0386_D:[3010.29204302 1452.05961003],[2995.11214812 1729.1458427 ],[2376.36145445 1651.27711965],[2393.03468778 1374.66697204]
DJI_20250311102534_0389_D:[2921.4150026  2440.86108974],[2904.44731957 2718.76181501],[2284.68124966 2639.58232688],[2300.56287201 2361.56374572]
DJI_20250311102206_0285_D:[1655.48516925 1951.31359488],[1670.18566867 1680.75361503],[2269.68885766 1750.79314508],[2255.5797105  2023.32507037]
DJI_20250311102552_0398_D:[3015.71259596 2158.17773956],[3032.64489609 1883.9163495 ],[3636.04138675 1963.77674042],[3619.36152883 2236.38267585]
DJI_20250311102208_0286_D:[1640.39537463 2264.83239331],[1654.0957098  1993.40408753],[2255.60777491 2066.39645624],[2241.70602628 2339.60821111]
DJI_20250311102526_0385_D:[3026.78713165 1123.51168166],[3012.05627879 1397.29877542],[2396.31788966 1319.6264275 ],[2413.39169757 1046.52545491]
DJI_20250311102550_0397_D:[3038.74182475 1816.22487774],[3055.17469965 1541.95205468],[3659.63172065 1623.94629161],[3644.27634344 1896.81085407]
DJI_20250311102554_0399_D:[2934.06869891 2487.80549896],[2951.53957473 2212.59449457],[3558.85157015 2290.948881  ],[3540.79792614 2564.36541377]
26
DJI_20250311102532_0388_D:[2620.34104112 1854.87930035],[2603.91464353 2134.17348712],[1985.23170104 2054.83480619],[2002.06787485 1776.71399604]
DJI_20250311102206_0285_D:[1970.59789273 2190.40245019],[1984.43710339 1918.18245004],[2589.91294881 1990.25601646],[2576.0933766  2263.45640541]
DJI_20250311102204_0284_D:[1990.42277497 1864.98433485],[2004.91361971 1594.0445866 ],[2608.00466058 1664.27958204],[2594.32154747 1936.37735566]
DJI_20250311102530_0387_D:[2659.66875582 1536.59901774],[2643.28172143 1814.49005723],[2025.85478069 1736.44183572],[2043.47516238 1459.880478  ]
DJI_20250311102534_0389_D:[2594.94598311 2193.01063379],[2578.50199772 2472.30751977],[1959.56143426 2391.56677965],[1975.530222 2113.236106]
DJI_20250311102208_0286_D:[1956.62885381 2505.72817618],[1969.85451944 2233.5297982 ],[2576.69760814 2307.41137028],[2562.70177861 2580.39309714]
DJI_20250311102202_0283_D:[1999.65083411 1540.53039789],[2015.1206116  1270.51594658],[2618.41622944 1339.70961825],[2604.52852183 1611.12404303]
DJI_20250311102528_0386_D:[2685.42676046 1206.97974021],[2669.54293858 1482.54495945],[2053.39688196 1406.79958356],[2071.38528696 1132.77899714]
DJI_20250311102536_0390_D:[2567.65943012 2522.61215919],[2551.47111698 2801.18746352],[1931.75277952 2719.58314301],[1946.58493485 2441.76943305]
DJI_20250311102210_0287_D:[1908.36314915 2831.51738489],[1920.80608627 2560.4678075 ],[2528.45907843 2636.35146593],[2514.38953385 2908.07768426]
27
DJI_20250311102148_0276_D:[3217.54460052 2012.25937611],[3204.84209751 2287.18619182],[2592.9419152  2217.32438037],[2605.80706353 1941.91829552]
DJI_20250311102146_0275_D:[3213.15702304 1685.44439424],[3201.01549585 1959.55487651],[2589.937628   1888.60693043],[2603.09184586 1614.26618489]
DJI_20250311102204_0284_D:[2706.78186429 2129.99995837],[2720.39648129 1857.56669997],[3324.27675668 1929.43330078],[3310.86321464 2201.02788142]
DJI_20250311102202_0283_D:[2717.1604795  1805.03944254],[2730.8579827 1532.5456152],[3335.77695438 1605.82052304],[3323.0501493  1877.68659548]
DJI_20250311102150_0277_D:[3152.92496795 2358.62196591],[3139.09697332 2633.48958122],[2526.1249598  2563.38889225],[2539.20130671 2287.9031295 ]
DJI_20250311102206_0285_D:[2688.71096528 2457.22911358],[2702.5826832  2184.44393228],[3308.24454796 2255.77558594],[3293.77308732 2527.51091899]
DJI_20250311102144_0274_D:[3250.9959158  1361.54993888],[3239.85014356 1634.02658655],[2629.39922696 1562.77088059],[2642.40061713 1290.20411005]
DJI_20250311102200_0282_D:[2732.98861856 1470.86622548],[2748.453851   1199.02289575],[3354.54881035 1277.48336255],[3340.89827173 1548.92194286]
DJI_20250311102208_0286_D:[2675.22665372 2773.42726261],[2689.39853999 2501.62541588],[3295.65121927 2572.37755279],[3280.07002331 2842.87435198]
DJI_20250311102152_0278_D:[3123.03440853 2670.17896902],[3108.64004698 2942.3850605 ],[2498.42121378 2873.32089653],[2511.21083024 2600.29149974]
28
DJI_20250311102534_0389_D:[2912.84000241 1809.39136969],[2896.59269422 2089.09839696],[2274.74107906 2009.81044057],[2291.57091373 1730.55766789]
DJI_20250311102536_0390_D:[2886.67598653 2137.99886561],[2870.1642319  2418.66773336],[2246.22915094 2339.16154033],[2262.47730343 2058.72502772]
DJI_20250311102532_0388_D:[2936.93056085 1473.09781052],[2921.22816977 1751.10277424],[2300.95202868 1672.5740071 ],[2318.10916452 1395.23701731]
DJI_20250311102538_0391_D:[2865.69987846 2455.76853934],[2848.58671178 2735.99545992],[2223.80604312 2655.56246248],[2239.81053404 2375.35544783]
DJI_20250311102202_0283_D:[1694.88040093 1915.93088754],[1709.64009734 1644.70814611],[2311.10893754 1714.87979214],[2296.95294272 1987.98486289]
DJI_20250311102204_0284_D:[1688.08200825 2239.07756047],[1701.4324167  1968.42860586],[2301.70287541 2040.19140193],[2288.17931354 2312.49001368]
DJI_20250311102530_0387_D:[2974.39927804 1158.71152749],[2959.26168952 1433.69097644],[2341.60396681 1355.79945687],[2359.020142  1081.6461486]
DJI_20250311102548_0396_D:[3081.66540038 2106.6271267 ],[3098.77697537 1828.9261993 ],[3709.03820475 1910.16867281],[3692.19344694 2186.1026516 ]
DJI_20250311102200_0282_D:[1705.29526842 1576.9074923 ],[1723.25746139 1305.83842298],[2326.07729748 1377.96204515],[2309.54664932 1651.20999418]
DJI_20250311102546_0395_D:[3078.71852629 1799.82254835],[3096.50742227 1520.76542287],[3710.95858525 1606.81174516],[3694.23599744 1884.37722469]
29
DJI_20250311102202_0283_D:[2371.78522461 2190.07539275],[2385.68943118 1916.46555389],[2994.4180525  1988.93344308],[2980.48673647 2262.48779122]
DJI_20250311102200_0282_D:[2383.10534029 1854.35182214],[2399.31128065 1579.76973772],[3010.40885364 1656.73579825],[2994.98696374 1931.50331218]
DJI_20250311102204_0284_D:[2363.10235144 2513.61270771],[2376.44684037 2241.58592973],[2983.07293712 2313.31480884],[2968.93883974 2585.06193487]
DJI_20250311102158_0281_D:[2636.52135679 1494.20413849],[2777.20115031 1257.13776218],[3288.3358925  1607.11948601],[3148.72967977 1845.26094399]
DJI_20250311102150_0277_D:[3498.24785384 1969.45172508],[3485.47297926 2244.78410858],[2873.86549564 2174.62756191],[2886.91521674 1898.08848304]
DJI_20250311102148_0276_D:[3558.97630465 1625.4307357 ],[3547.98067831 1898.98104712],[2939.15063839 1828.19099493],[2951.33351936 1553.56111621]
DJI_20250311102152_0278_D:[3469.00708911 2282.28676207],[3455.11369297 2556.62664702],[2844.93329841 2488.20011407],[2858.25026768 2212.45802803]
DJI_20250311102156_0280_D:[3275.18866558 1545.80270752],[3547.94790264 1563.53033757],[3472.08700849 2174.70833995],[3198.14354244 2158.59359155]
DJI_20250311102536_0390_D:[2187.13881929 1850.94194444],[2170.52284985 2131.45681618],[1555.34173784 2051.70470826],[1572.34417676 1773.53516637]
DJI_20250311102534_0389_D:[2217.10464393 1524.31031855],[2199.84880296 1802.79860133],[1587.32156801 1725.71768445],[1605.82382916 1449.77364686]
30
DJI_20250311102536_0390_D:[3125.7390301 1729.0091414],[3109.97873653 2009.92560053],[2484.47991889 1930.63763284],[2501.09437582 1649.67085024]
DJI_20250311102538_0391_D:[3106.77803466 2045.98398236],[3090.03133763 2328.17043168],[2462.39912559 2248.29785731],[2479.1754971 1965.849713 ]
DJI_20250311102540_0392_D:[3055.72207117 1926.95516269],[3274.01064917 2104.709231  ],[2844.34547682 2566.71613982],[2625.41467266 2389.22861916]
DJI_20250311102534_0389_D:[3149.96688576 1403.62109171],[3134.87666499 1681.84494326],[2512.75655567 1602.43661136],[2529.54001723 1324.38311981]
DJI_20250311102546_0395_D:[2837.72679554 2206.52644727],[2856.42927957 1925.65054432],[3477.20692992 2009.81940586],[3458.42803285 2289.48504784]
DJI_20250311102542_0393_D:[2950.21922692 2039.26714447],[3231.02890065 2053.02555624],[3156.72361641 2677.83693517],[2876.21163937 2664.85594443]
DJI_20250311102544_0394_D:[2883.66964388 1906.63324422],[2950.73974863 1633.09443281],[3548.01027336 1825.5804358 ],[3481.80213191 2098.31941179]
DJI_20250311102548_0396_D:[2843.8177556  2511.29754202],[2861.51219823 2233.31844081],[3477.02611164 2312.88256769],[3458.48771595 2589.34307583]
DJI_20250311102532_0388_D:[3171.79848749 1071.61998741],[3157.68436783 1346.32415358],[2538.4990314  1267.30878485],[2555.19381738  992.98225703]
DJI_20250311102200_0282_D:[1473.31640133 1974.19554005],[1489.82899723 1701.66066853],[2091.16760397 1776.3927727 ],[2075.01814104 2051.38716611]
31
DJI_20250311101838_0181_D:[2151.90790748 2004.69969435],[2165.2363666  1735.89055883],[2763.70210984 1804.88498206],[2750.92078818 2074.44773993]
DJI_20250311101840_0182_D:[2154.60602505 2308.06874266],[2166.96752268 2039.36979777],[2765.47196348 2108.28708293],[2752.90744641 2377.49804026]
DJI_20250311102128_0266_D:[2580.79861498 1822.82822163],[2568.17147023 2096.76910248],[1961.03946137 2026.88762134],[1974.22657282 1754.195013  ]
DJI_20250311101836_0180_D:[2207.7340723  1678.29012282],[2221.48375413 1410.72441535],[2818.87475934 1478.72081949],[2806.45594832 1747.12276393]
DJI_20250311102126_0265_D:[2618.46993683 1510.73458325],[2605.85637972 1783.35543059],[1999.53177784 1714.8520875 ],[2013.52788861 1443.6223733 ]
DJI_20250311102130_0267_D:[2551.5620996  2150.29231265],[2539.08833493 2424.26718216],[1932.01991431 2353.16594309],[1944.2091401  2080.28338831]
DJI_20250311101842_0183_D:[2152.2076267  2613.17565018],[2163.64618795 2346.43901511],[2759.76278799 2415.01160759],[2747.37232745 2682.02831155]
DJI_20250311101834_0179_D:[2271.6153401  1371.40540176],[2285.69625068 1107.35995328],[2878.61239043 1174.49215932],[2866.59753058 1439.47049441]
DJI_20250311102132_0268_D:[2536.65130824 2460.99553044],[2524.39478003 2733.31571828],[1919.11581294 2661.32257172],[1930.27706153 2389.91586363]
DJI_20250311102124_0264_D:[2654.88186052 1191.93021427],[2642.48147152 1461.55834718],[2038.6659447  1394.80847214],[2053.28838323 1126.72412237]
32
DJI_20250311102126_0265_D:[3263.77834708 1783.55173309],[3251.95469135 2056.5214736 ],[2643.97167953 1987.09665761],[2656.53069004 1713.68412343]
DJI_20250311102128_0266_D:[3227.47659306 2096.09179441],[3214.80290066 2369.41930369],[2606.36921501 2300.65755486],[2618.94952645 2026.73312854]
DJI_20250311102224_0294_D:[2728.86056905 2018.89144798],[2743.99536838 1745.23423352],[3350.43471645 1821.12427435],[3335.76827755 2094.02149725]
DJI_20250311102226_0295_D:[2702.48727084 2333.04517856],[2717.88578186 2060.66888086],[3321.92445613 2135.79042211],[3306.21428397 2407.24882687]
DJI_20250311102124_0264_D:[3297.1475332  1462.73783038],[3286.38978247 1733.69373837],[2680.52986553 1663.93156006],[2692.86613553 1392.68359648]
DJI_20250311102222_0293_D:[2767.87083046 1705.22559136],[2782.69622696 1432.28804814],[3388.75537035 1508.91853872],[3375.1982081  1781.22101678]
DJI_20250311102130_0267_D:[3198.66793152 2422.78176001],[3185.27546108 2695.1110609 ],[2577.40795241 2627.31756849],[2589.85002618 2354.20231042]
DJI_20250311102228_0296_D:[2694.83538929 2637.37935627],[2710.25104645 2367.95269292],[3309.76648453 2441.62504108],[3293.26921916 2709.91708486]
DJI_20250311102122_0263_D:[3305.14159116 1151.45432741],[3295.47165812 1419.05378188],[2692.89698829 1349.3836674 ],[2704.91982686 1081.67451389]
DJI_20250311101840_0182_D:[1528.92601832 2038.75394601],[1542.07609712 1772.5254385 ],[2130.30596987 1839.38751229],[2117.55353483 2107.88370372]
33
DJI_20250311101842_0183_D:[2233.82988929 2206.78678654],[2246.0795013  1938.79511777],[2842.78538746 2006.65083655],[2830.59032365 2275.0148022 ]
DJI_20250311101840_0182_D:[2237.83413506 1898.95492375],[2250.86827814 1630.55370219],[2848.84867243 1698.58114292],[2836.61635477 1967.58692288]
DJI_20250311102126_0265_D:[2533.55788703 1926.27045415],[2520.91132592 2200.19937365],[1914.48128396 2129.80537952],[1927.45285864 1857.17383478]
DJI_20250311102124_0264_D:[2570.50586901 1603.33501427],[2557.86434816 1875.99576654],[1952.61021375 1807.32810513],[1966.42294633 1536.1084965 ]
DJI_20250311101838_0181_D:[2236.54922973 1595.6996546 ],[2250.42278251 1328.73538558],[2847.25286294 1396.64864152],[2834.9322111  1664.46146105]
DJI_20250311101844_0184_D:[2199.86618647 2525.33258441],[2211.26148942 2258.46328626],[2806.94252309 2326.05547275],[2794.82929073 2593.14103314]
DJI_20250311102128_0266_D:[2495.84119715 2239.94984116],[2483.39091303 2513.50249406],[1877.4730457  2441.74809991],[1889.41132954 2169.35815979]
DJI_20250311102122_0263_D:[2583.48050793 1289.35238909],[2570.97372246 1559.30320858],[1968.54987799 1492.72837699],[1983.00134976 1224.40952866]
DJI_20250311101836_0180_D:[2292.86619823 1271.4161974 ],[2306.93555075 1007.36436689],[2901.4012078  1074.33955046],[2889.67858997 1339.32526284]
DJI_20250311101740_0152_D:[3743.43127489 1856.63016573],[3733.93434627 2120.86589999],[3148.54039525 2057.84949178],[3158.55060957 1792.07966818]
34
DJI_20250311102124_0264_D:[3321.06822465 1891.40022303],[3309.11417247 2163.80334159],[2702.90633328 2094.96490786],[2715.35138345 1821.89666549]
DJI_20250311102226_0295_D:[2684.73694813 1902.42802672],[2699.99537832 1630.64036455],[3303.12783301 1706.6851818 ],[3288.63789781 1977.95196328]
DJI_20250311102228_0296_D:[2677.4133925  2210.74531685],[2692.71083799 1940.26932169],[3292.54565167 2015.30637398],[3277.24085455 2285.06096078]
DJI_20250311102122_0263_D:[3330.54886385 1575.60793397],[3319.66806506 1846.33010636],[2715.5153861 1777.1514319],[2727.66500244 1505.96404575]
DJI_20250311102126_0265_D:[3286.20530352 2214.55608184],[3273.23332532 2487.1796828 ],[2666.22532137 2419.06827874],[2678.83248339 2145.60707294]
DJI_20250311102230_0297_D:[2648.83618197 2539.46417838],[2664.25140891 2267.72557441],[3268.45541481 2342.37622866],[3252.21684752 2613.16559173]
DJI_20250311102224_0294_D:[2710.50970236 1586.95841204],[2725.4499807 1315.5626838],[3329.75947498 1392.01955929],[3316.38058567 1663.039216  ]
DJI_20250311102128_0266_D:[3248.63500656 2526.84402606],[3234.85694292 2798.04744492],[2628.70408905 2730.99388448],[2641.2686496  2458.77468243]
DJI_20250311102120_0262_D:[3346.5695975  1261.30875951],[3336.60410887 1530.30417318],[2732.77094665 1460.23779349],[2744.80719797 1190.94804274]
DJI_20250311101842_0183_D:[1507.43179905 1924.75616396],[1520.80530377 1660.0598878 ],[2105.55948014 1724.95293409],[2092.87123118 1992.0193922 ]
35
DJI_20250311101844_0184_D:[2262.12981807 2119.16991029],[2274.19216017 1852.08440813],[2868.82192688 1918.95959659],[2857.03465293 2186.39917449]
DJI_20250311101842_0183_D:[2297.367084   1799.84802775],[2310.11218691 1533.23975418],[2904.57866975 1600.2701707 ],[2892.87159    1867.38729361]
DJI_20250311101846_0185_D:[2229.46350958 2447.08170276],[2240.96255729 2180.53678855],[2835.36282393 2247.70806749],[2823.34104059 2514.42648353]
DJI_20250311102122_0263_D:[2519.65852181 1700.90185284],[2507.13506777 1972.78409237],[1904.71410793 1904.22071774],[1918.13591743 1633.81176579]
DJI_20250311102124_0264_D:[2506.34651108 2017.96684269],[2493.81707417 2290.94694073],[1889.76519263 2220.44531644],[1902.41352412 1948.75866481]
DJI_20250311101840_0182_D:[2302.60781438 1492.29289209],[2316.02759803 1226.82540541],[2910.63622277 1293.7997556 ],[2899.00961559 1560.00932545]
DJI_20250311102120_0262_D:[2537.05722097 1384.55700356],[2524.34680934 1655.34522781],[1921.73836376 1588.1755517 ],[1936.13995591 1319.05975017]
DJI_20250311102126_0265_D:[2469.42842026 2341.73764585],[2457.07854583 2614.24274785],[1853.19512463 2542.09641559],[1864.80085543 2270.74958434]
DJI_20250311101848_0186_D:[2203.27131542 2755.5866525 ],[2214.25433298 2491.17127957],[2806.70530783 2558.65564971],[2794.42694844 2823.06727099]
DJI_20250311101738_0151_D:[3707.16004945 1960.42808562],[3697.25697745 2224.0589656 ],[3113.07297035 2161.99090798],[3123.22157945 1896.85446854]
36
DJI_20250311102854_0489_D:[3196.85240324 2032.59753491],[3178.80797372 2315.84626609],[2549.12998797 2232.56931563],[2567.42144416 1948.97184552]
DJI_20250311102852_0488_D:[3227.04724241 1711.59136377],[3209.7238324  1993.80763659],[2581.37032093 1909.89666077],[2599.8154129  1627.53879524]
DJI_20250311103000_0522_D:[2816.26215889 2210.7983209 ],[2834.76280233 1924.78069301],[3467.15375579 2009.363846  ],[3448.69498203 2294.22724621]
DJI_20250311102958_0521_D:[2816.37843996 1876.3266971 ],[2834.652577   1591.53962062],[3465.13391097 1677.23993089],[3447.85278286 1961.19600597]
DJI_20250311102856_0490_D:[3172.79058555 2372.35134264],[3153.87036762 2654.9689754 ],[2524.4526702 2572.1930793],[2542.68619525 2288.96094554]
DJI_20250311102850_0487_D:[3263.03537032 1380.5610177 ],[3246.81350888 1660.439328  ],[2620.49588609 1576.51440503],[2638.74255305 1296.68180511]
DJI_20250311103002_0523_D:[2780.76475251 2538.65105549],[2799.15086306 2253.42047168],[3431.63508499 2335.93119286],[3412.33824284 2619.77634939]
DJI_20250311102956_0520_D:[2840.16390969 1534.73391042],[2858.02312095 1252.34970436],[3485.94880206 1338.85193286],[3470.05914712 1620.62416332]
DJI_20250311102614_0409_D:[1555.43638764 1989.86536404],[1573.43220983 1714.51934189],[2182.08227728 1792.99309908],[2164.55855175 2070.53622813]
DJI_20250311102612_0408_D:[1595.11264998 1650.78420653],[1614.32851451 1378.23284749],[2218.73042437 1453.07191611],[2200.89575177 1728.01574929]
37
DJI_20250311102958_0521_D:[2227.21552675 2037.53781282],[2246.16894534 1752.16115128],[2880.88007382 1836.69482757],[2862.37660823 2122.71019434]
DJI_20250311103000_0522_D:[2226.29236893 2372.3897754 ],[2244.57650895 2086.55703664],[2880.93273504 2171.67377366],[2862.15423131 2457.83188224]
DJI_20250311102956_0520_D:[2252.0633951  1695.02301707],[2271.54254362 1411.18794987],[2904.48114963 1494.74137887],[2886.41438016 1779.4484782 ]
DJI_20250311103241_0602_D:[2394.37940189 1937.57102792],[2376.28776993 2265.54614195],[1653.83557096 2174.122449  ],[1672.23278653 1848.56187837]
DJI_20250311103239_0601_D:[2427.78906102 1552.58202791],[2409.41688293 1879.43838928],[1687.37817579 1791.07810957],[1707.46500944 1466.97997272]
DJI_20250311103002_0523_D:[2192.47633061 2699.67897945],[2209.7099963  2415.51629323],[2845.26626493 2500.26701793],[2826.58959494 2784.54065441]
DJI_20250311102954_0519_D:[2290.80325919 1361.32322638],[2310.83172214 1078.38842775],[2945.68447349 1161.61041386],[2928.05030066 1445.60628773]
DJI_20250311103243_0603_D:[2348.24345507 2316.71950148],[2330.87150991 2642.53724603],[1612.28144048 2549.11617091],[1628.5763228  2225.44848023]
DJI_20250311103237_0600_D:[2442.47708872 1170.49297234],[2423.49311094 1493.20109172],[1705.75375849 1407.63505191],[1727.84915193 1088.13391836]
DJI_20250311102854_0489_D:[3774.41761908 1872.77454674],[3757.62852589 2154.53606851],[3134.54761849 2072.01652408],[3152.09660008 1788.43213472]
38
DJI_20250311102856_0490_D:[3168.15600423 1930.35955204],[3150.23490119 2214.24539585],[2519.04153607 2130.42188416],[2537.48857403 1846.36161737]
DJI_20250311102854_0489_D:[3190.86204873 1591.59398757],[3173.88254669 1874.14107397],[2543.87300919 1790.3312796 ],[2562.29482548 1507.8506553 ]
DJI_20250311102859_0491_D:[3132.72338274 2272.25683257],[3113.94515203 2555.8071311 ],[2483.01114092 2472.26900249],[2501.36277487 2188.2997435 ]
DJI_20250311102956_0520_D:[2845.85362256 1978.77321363],[2864.22069867 1693.30155074],[3495.31512286 1778.948278  ],[3477.68637224 2063.39616034]
DJI_20250311102958_0521_D:[2821.56695177 2322.01044044],[2840.26741628 2036.1453658 ],[3472.41191563 2120.52209247],[3453.46564934 2405.11326904]
DJI_20250311102852_0488_D:[3220.00119369 1274.00806869],[3203.83266405 1553.6745263 ],[2576.49895126 1469.64977459],[2594.97976429 1190.24025762]
DJI_20250311102954_0519_D:[2887.55311862 1645.35842156],[2905.61465009 1359.67025374],[3538.90611868 1447.18557423],[3522.56332207 1731.98603838]
DJI_20250311102612_0408_D:[1598.16724586 2078.21987292],[1615.54532661 1803.48210835],[2223.31019197 1882.13895693],[2206.17915395 2158.8861919 ]
DJI_20250311102900_0492_D:[3083.36642622 2593.69085389],[3064.31189542 2875.30739685],[2434.93882239 2793.13308907],[2452.63654262 2510.87173123]
DJI_20250311102610_0407_D:[1614.1778817  1748.58948871],[1633.02265693 1473.77556357],[2242.0732448  1549.99577219],[2224.37252132 1827.06825634]
39
DJI_20250311103243_0603_D:[2805.77534759 1845.84779823],[2788.08434289 2172.82001916],[2062.03137029 2083.0922677 ],[2080.47621938 1757.10915112]
DJI_20250311103241_0602_D:[2852.82891007 1466.98718493],[2835.44435704 1793.3294491 ],[2107.87244727 1704.17615921],[2127.35807448 1379.11302106]
DJI_20250311103245_0604_D:[2754.6508     2222.42936561],[2736.74479468 2548.58963398],[2012.38122782 2458.08799318],[2029.66547358 2132.68796343]
DJI_20250311102956_0520_D:[1850.4562677  2101.41121115],[1869.3953338  1817.13246606],[2500.39984872 1901.28550758],[2481.6838395  2187.16915117]
DJI_20250311102954_0519_D:[1885.40869551 1769.9111787 ],[1905.61755797 1484.5676791 ],[2540.21968977 1567.43149121],[2521.19002709 1854.58431163]
DJI_20250311102958_0521_D:[1827.07955237 2442.41506475],[1844.76675358 2158.55333378],[2476.01019612 2244.59186039],[2457.56776189 2529.83321624]
DJI_20250311103239_0601_D:[2884.09572898 1086.91519097],[2867.44218112 1409.32358109],[2142.46784447 1321.8847724 ],[2162.61218193 1001.11547651]
DJI_20250311103247_0605_D:[2713.73179636 2614.33658398],[2695.83267767 2938.25596406],[1972.74492252 2847.08984914],[1988.54039656 2523.65625327]
DJI_20250311102952_0518_D:[1922.10750551 1430.3886292 ],[1943.24261332 1148.24626766],[2574.31420052 1228.58427328],[2555.35125931 1512.76519295]
DJI_20250311103000_0522_D:[1827.64599191 2774.35693079],[1843.97466465 2491.95733435],[2475.63802472 2579.37791361],[2457.57681132 2862.86109211]
40
DJI_20250311102954_0519_D:[2349.8072052 2068.6536061],[2368.88453122 1780.96571292],[3008.40228747 1866.57654141],[2989.75738479 2154.49378067]
DJI_20250311102952_0518_D:[2384.38422861 1725.68252796],[2403.71806783 1439.93896748],[3040.43323554 1524.85734936],[3022.52090569 1811.05515527]
DJI_20250311102956_0520_D:[2311.91295315 2399.24840884],[2330.36242735 2113.82280354],[2965.68124055 2198.97192244],[2946.72456765 2484.4507964 ]
DJI_20250311103245_0604_D:[2220.42914163 1888.38261811],[2202.43349094 2214.60517619],[1487.26634594 2124.04012723],[1505.73089676 1800.88886108]
DJI_20250311102950_0517_D:[2432.99139131 1394.69451731],[2452.29987017 1112.95815809],[3083.78155727 1196.84292559],[3066.83139501 1479.20107663]
DJI_20250311102958_0521_D:[2288.46318098 2740.26877171],[2306.32298495 2456.51388921],[2941.07140234 2541.70880828],[2921.71656998 2825.26290904]
DJI_20250311103243_0603_D:[2271.92560561 1513.10292813],[2253.23563062 1838.44825198],[1537.0786625  1751.18127112],[1557.64306234 1429.1453674 ]
DJI_20250311102859_0491_D:[3657.17202867 1854.47182241],[3640.10229771 2136.97454414],[3014.05077318 2053.70867387],[3031.91242285 1769.72235251]
DJI_20250311102900_0492_D:[3609.38871866 2174.42145831],[3591.12475056 2456.95177868],[2964.90489423 2376.29315823],[2983.0279544  2092.05980905]
DJI_20250311103247_0605_D:[2178.52136329 2280.08300625],[2161.51460344 2605.91429884],[1446.76617799 2511.95498294],[1462.75354613 2188.97054158]
41
DJI_20250311103005_0524_D:[2279.98135191 2198.80367162],[2298.39408775 1913.35438329],[2933.30132965 1997.70835179],[2914.85881439 2283.5116571 ]
DJI_20250311103002_0523_D:[2349.71987718 1846.1188481 ],[2368.32428821 1561.12521259],[3002.73390599 1644.49801549],[2985.08074331 1929.96301339]
DJI_20250311103006_0525_D:[2265.26099259 2526.34663308],[2283.02768937 2241.59199124],[2918.0441426  2326.06687276],[2899.34149065 2610.92023472]
DJI_20250311103000_0522_D:[2386.17531474 1518.04514218],[2405.36504074 1235.18401111],[3037.72194092 1318.63522918],[3020.41389551 1602.16945866]
DJI_20250311103235_0599_D:[2317.93037212 1755.46031598],[2299.06969023 2081.04756522],[1583.41178447 1990.1552206 ],[1603.16091773 1667.51011102]
DJI_20250311103237_0600_D:[2268.61329388 2143.95737631],[2250.68586406 2469.92059938],[1534.84304446 2376.3295903 ],[1552.2609556  2053.06896746]
DJI_20250311103233_0598_D:[2361.61118362 1389.24029138],[2342.47312991 1712.4400672 ],[1628.50799426 1625.21595553],[1649.87769344 1305.24272785]
DJI_20250311102850_0487_D:[3686.91566569 2062.21594047],[3669.04167689 2343.41587571],[3046.67617915 2261.97218721],[3064.77082406 1979.02361465]
DJI_20250311102849_0486_D:[3712.98449331 1739.48754606],[3696.67866888 2019.57645668],[3075.94779599 1936.23342177],[3093.36628267 1654.62075336]
DJI_20250311103008_0526_D:[2226.42585106 2865.57342053],[2243.23772633 2582.79034871],[2877.92400785 2666.98191271],[2859.21788806 2949.64865397]
42
DJI_20250311102849_0486_D:[2941.04609005 1854.85833038],[2923.06061845 2136.81694362],[2296.49883919 2053.09579353],[2315.15850021 1771.61777502]
DJI_20250311102850_0487_D:[2911.5612952  2179.97522883],[2893.15560786 2462.39815458],[2265.65377492 2378.23494279],[2283.87385569 2096.09386783]
DJI_20250311102846_0485_D:[2962.23393088 1503.22438123],[2944.89101428 1782.40165489],[2322.25125245 1699.76909371],[2341.13273528 1421.28158802]
DJI_20250311102620_0412_D:[1800.82827033 2154.60499515],[1818.9296774  1877.61077542],[2433.49669307 1959.49288082],[2415.48464571 2237.93842453]
DJI_20250311102618_0411_D:[1787.93277527 1835.50236156],[1807.08986282 1557.97623944],[2423.285242   1637.89709719],[2405.05998963 1917.17876288]
DJI_20250311102852_0488_D:[2872.49219886 2514.36706018],[2853.70825059 2795.51729273],[2226.98123642 2710.9862218 ],[2244.65119099 2429.90915523]
DJI_20250311102622_0413_D:[1796.23955834 2493.38740984],[1813.08666986 2217.45385261],[2426.90053971 2300.92668098],[2409.23178493 2578.02285058]
DJI_20250311102844_0484_D:[2999.99600911 1171.68590751],[2983.49485483 1448.23092537],[2362.33686088 1366.68544145],[2381.23445618 1091.00147555]
DJI_20250311102616_0410_D:[1834.4031694  1517.50507578],[1854.1894788  1242.36032259],[2467.93797033 1319.40817711],[2449.93446432 1596.45554364]
DJI_20250311103005_0524_D:[3068.55752966 2079.97084677],[3086.55604145 1794.89675392],[3713.34352462 1879.62838014],[3695.76214031 2162.98307838]
43
DJI_20250311103006_0525_D:[2366.00441399 2093.16563837],[2384.41456006 1807.60691497],[3019.33326751 1891.59109236],[3001.20009996 2177.37698084]
DJI_20250311103005_0524_D:[2381.61270994 1764.99932043],[2400.44941488 1480.62047592],[3033.88862106 1564.33988219],[3016.22500464 1849.19169013]
DJI_20250311103008_0526_D:[2325.75496316 2434.91599117],[2343.49740288 2149.33304717],[2979.55700312 2233.10103464],[2961.16404655 2518.70849237]
DJI_20250311103002_0523_D:[2451.49431732 1413.43081874],[2470.19064857 1131.56520285],[3101.50618067 1214.38151662],[3084.97365838 1496.82843703]
DJI_20250311103233_0598_D:[2249.14514614 1882.02618896],[2230.60770445 2207.11081837],[1517.80167016 2115.49822203],[1536.75266362 1793.4756375 ]
DJI_20250311102846_0485_D:[3633.46151804 1812.50708544],[3616.66916829 2091.73343644],[2997.57619386 2009.20710593],[3015.1995303  1728.59250741]
DJI_20250311103010_0527_D:[2286.45117715 2752.80351286],[2303.38854715 2468.97102629],[2938.6814374  2552.28803444],[2920.19809472 2835.95395202]
DJI_20250311103231_0597_D:[2260.12045274 1524.09280249],[2241.01975674 1847.80920858],[1529.32324347 1759.86740173],[1550.18747002 1439.57931823]
DJI_20250311102849_0486_D:[3616.17474652 2165.6372743 ],[3597.7804695  2446.40664339],[2975.6019694  2365.44404232],[2993.90898861 2083.01502529]
DJI_20250311103235_0599_D:[2205.83966867 2250.85596073],[2187.95937484 2575.56066657],[1475.6335827  2480.31736721],[1492.54670769 2158.43394054]
44
DJI_20250311102846_0485_D:[2907.33411064 1917.60406546],[2889.3007774  2198.80636388],[2264.69180273 2115.31568794],[2283.16496842 1834.58895195]
DJI_20250311102844_0484_D:[2946.4438266  1581.96704868],[2929.06802337 1862.29069913],[2304.65511281 1779.72491654],[2323.32741859 1500.05205615]
DJI_20250311102849_0486_D:[2885.0075696  2273.59046188],[2866.47729716 2555.74694798],[2239.26716564 2471.39015844],[2257.33940777 2189.48759175]
DJI_20250311102622_0413_D:[1849.05630061 2084.20365894],[1867.40320825 1807.06049119],[2482.5834012  1888.66591746],[2464.51326448 2167.17632175]
DJI_20250311102620_0412_D:[1855.5080811  1743.55513111],[1874.97385913 1467.1824132 ],[2489.57190578 1546.83457049],[2471.29257299 1824.88062217]
DJI_20250311102842_0483_D:[2982.12423558 1261.30622021],[2965.45957961 1539.95884167],[2341.03915915 1458.17640604],[2359.86147451 1180.34113415]
DJI_20250311102624_0414_D:[1805.22575874 2398.86005953],[1822.70466507 2121.98355633],[2437.9868861  2205.67156291],[2419.94350564 2483.73060141]
DJI_20250311102850_0487_D:[2854.84156901 2599.57719047],[2836.05057198 2880.38028529],[2209.2365771  2795.79998064],[2226.67197282 2515.03723725]
DJI_20250311102618_0411_D:[1844.20613559 1423.37043554],[1864.66433683 1148.1966476 ],[2479.63718173 1225.48650744],[2461.23287567 1502.66390181]
DJI_20250311103006_0525_D:[3111.29254916 1984.65389971],[3128.94395338 1699.25634999],[3756.02176904 1784.46201473],[3739.06980667 2068.10843442]
45
DJI_20250311103008_0526_D:[2488.48185389 1998.17093806],[2506.64755977 1712.11396424],[3142.35289853 1795.74723158],[3124.76793744 2081.78622165]
DJI_20250311103010_0527_D:[2447.85565805 2318.52169556],[2465.57067375 2032.32795407],[3101.96177384 2115.37108438],[3083.94758265 2401.36673512]
DJI_20250311103006_0525_D:[2529.42497475 1656.72857954],[2547.89594231 1372.66086488],[3180.94893202 1456.65649193],[3163.98119565 1740.89748613]
DJI_20250311102844_0484_D:[3515.79664043 1904.33086124],[3498.54707559 2184.42855887],[2876.91303138 2102.47522894],[2894.68883889 1821.21335813]
DJI_20250311103012_0528_D:[2424.60377835 2640.9485438 ],[2441.86694284 2356.02943268],[3077.69119655 2438.49811532],[3059.24503998 2722.97311016]
DJI_20250311102846_0485_D:[3476.59598633 2239.8768388 ],[3457.93966598 2519.62909801],[2836.66947612 2438.86015934],[2854.96928376 2157.74303255]
DJI_20250311102842_0483_D:[3551.75166233 1583.14139314],[3535.95266049 1862.73503143],[2913.81517052 1779.56632689],[2931.01404909 1498.9658555 ]
DJI_20250311103005_0524_D:[2545.24604283 1330.59281291],[2563.84164917 1049.60920979],[3194.01188271 1133.40467611],[3177.82889631 1414.79744184]
DJI_20250311103229_0596_D:[2113.43242029 1641.57303357],[2094.17504718 1966.09334314],[1385.03598071 1876.82777074],[1405.61471091 1556.13639731]
DJI_20250311103231_0597_D:[2077.51612019 2020.5388588 ],[2059.39366357 2345.16343515],[1351.55859456 2252.10315108],[1369.57378426 1931.02920999]
46
DJI_20250311102238_0301_D:[2643.57953969 2147.81066575],[2659.11376467 1874.85276189],[3264.75361526 1950.94167396],[3249.40933793 2223.35733285]
DJI_20250311102114_0259_D:[3291.92486231 1966.39943559],[3280.04284971 2239.38096038],[2672.5317922  2171.48440712],[2684.6538881  1897.82229397]
DJI_20250311102112_0258_D:[3294.87316916 1623.58033332],[3284.0642129  1895.24673537],[2678.0737147  1826.82886345],[2689.99875271 1554.73380403]
DJI_20250311102236_0300_D:[2695.39218372 1834.40485507],[2710.76440025 1561.22231491],[3317.3146699  1637.98010301],[3302.93350728 1910.69417771]
DJI_20250311102240_0302_D:[2644.72147403 2454.57490771],[2660.22047443 2182.14120714],[3265.61522324 2257.43531833],[3249.52422142 2529.09664479]
DJI_20250311102116_0260_D:[3262.82308293 2285.78811896],[3249.8711218  2557.99641744],[2643.34058347 2490.59032169],[2655.71808922 2217.52726968]
DJI_20250311102234_0299_D:[2731.98753052 1518.60160634],[2747.14381335 1247.30819517],[3351.88894369 1324.68436265],[3338.52773007 1595.63098291]
DJI_20250311102110_0257_D:[3327.54185926 1291.89909348],[3317.82150476 1560.23312424],[2715.7716389  1491.32328047],[2727.48272001 1222.72009221]
DJI_20250311102118_0261_D:[3217.58312823 2591.11963094],[3203.78584064 2861.49534496],[2598.72907246 2794.73359013],[2611.15918807 2523.35471574]
DJI_20250311102242_0303_D:[2626.29803161 2798.46887329],[2641.79170379 2527.87499381],[3246.35921141 2602.26179906],[3229.37694781 2871.82779534]
47
DJI_20250311101852_0188_D:[2065.83584903 2134.96702525],[2078.42556708 1868.33977453],[2671.79030555 1936.22206958],[2659.40877505 2203.59166557]
DJI_20250311102114_0259_D:[2707.53560001 1699.62734962],[2695.48593585 1973.05907581],[2087.72012795 1904.62383222],[2100.65459799 1632.18771391]
DJI_20250311102116_0260_D:[2678.81753043 2019.29967091],[2666.4461293  2292.92752649],[2059.16595615 2223.05889696],[2071.61630334 1950.26966444]
DJI_20250311101850_0187_D:[2090.1795159  1827.59647558],[2103.07102492 1562.32594952],[2694.2122066  1628.33658391],[2682.2635512  1894.50976939]
DJI_20250311101854_0189_D:[2045.22678087 2448.49973138],[2057.10897639 2182.09945177],[2651.02463667 2250.99629675],[2638.56922355 2517.96194051]
DJI_20250311102112_0258_D:[2712.63961329 1358.18684644],[2700.83656825 1629.19907844],[2095.58927492 1562.38197858],[2109.14400046 1292.60615367]
DJI_20250311102118_0261_D:[2634.31549865 2325.88626013],[2621.81202774 2598.60936258],[2015.76799598 2527.54649798],[2027.57067707 2255.54977239]
DJI_20250311101848_0186_D:[2129.49786795 1514.70629013],[2142.81198966 1251.3365994 ],[2732.34036334 1315.89974844],[2720.73122558 1580.32955486]
DJI_20250311101856_0190_D:[2014.91853112 2768.8127658 ],[2026.02763914 2503.87935332],[2619.65494114 2573.80984284],[2607.1707825  2839.15948603]
DJI_20250311102120_0262_D:[2611.14071929 2656.64107231],[2598.7509513  2926.71571874],[1995.55653461 2855.01648639],[2006.4027377  2585.49382962]
48
DJI_20250311102234_0299_D:[2648.84989667 1939.17465741],[2664.35882031 1665.4234566 ],[3271.97449745 1742.05557497],[3257.17699747 2015.34475413]
DJI_20250311102236_0300_D:[2612.12976049 2255.70647313],[2627.64828968 1981.74229265],[3235.783254   2057.73780299],[3220.1789873  2331.10263413]
DJI_20250311102116_0260_D:[3339.87182676 1865.7280874 ],[3328.11164737 2138.25734662],[2721.61828434 2069.7189909 ],[2733.88051455 1796.46983616]
DJI_20250311102118_0261_D:[3296.17425729 2171.58617823],[3283.38178581 2443.95443265],[2677.09619207 2376.00567338],[2689.61559293 2102.79003387]
DJI_20250311102114_0259_D:[3367.06144157 1547.50441878],[3356.54456874 1819.0974852 ],[2750.35254937 1750.15631088],[2762.18084042 1477.99710255]
DJI_20250311102238_0301_D:[2560.59288912 2566.54440695],[2576.04086761 2294.47558499],[3181.95190242 2369.85276188],[3165.62229489 2641.23192212]
DJI_20250311102232_0298_D:[2700.69084055 1608.05798118],[2715.88167282 1336.40663815],[3320.70582071 1413.27190976],[3307.07381874 1684.58037816]
DJI_20250311102120_0262_D:[3271.56485989 2502.28908063],[3257.93781558 2772.76074448],[2653.79788153 2706.11914791],[2666.31631959 2434.59573794]
DJI_20250311102112_0258_D:[3367.91330318 1209.26984144],[3358.61335858 1477.72311168],[2755.27175441 1408.45442024],[2766.75661995 1139.66769719]
DJI_20250311102240_0302_D:[2562.06841149 2870.33596094],[2577.34428255 2600.43892327],[3181.81708345 2674.83280852],[3164.85905126 2943.78651228]
49
DJI_20250311101848_0186_D:[2106.84511259 1937.97089517],[2119.36113908 1672.29631655],[2711.01658086 1738.43530109],[2699.18582635 2004.91710055]
DJI_20250311102118_0261_D:[2657.01419559 1889.86499202],[2644.5203152  2163.25283025],[2037.94731088 2093.4635961 ],[2050.84915902 1821.06132654]
DJI_20250311101850_0187_D:[2068.36793636 2251.60562179],[2080.34332886 1985.6757615 ],[2672.39561548 2053.01966337],[2660.34414389 2319.60575396]
DJI_20250311102116_0260_D:[2701.11066541 1584.14975178],[2688.88291612 1856.77014202],[2082.3148267  1788.34552292],[2095.71742329 1516.82597342]
DJI_20250311102120_0262_D:[2633.79366083 2222.31255266],[2621.31168485 2494.88013423],[2016.24959704 2424.18641827],[2028.31961902 2152.42953993]
DJI_20250311101846_0185_D:[2134.30588551 1626.60067526],[2147.31692049 1361.96480203],[2738.61180992 1426.87895328],[2727.04990771 1692.5004344 ]
DJI_20250311101852_0188_D:[2044.65081839 2558.9041712 ],[2056.21579991 2293.22731729],[2649.31444371 2362.1940865 ],[2636.92145092 2628.36828961]
DJI_20250311102114_0259_D:[2729.16152992 1267.18766506],[2717.3614922 1537.8770505],[2111.59212639 1471.12762654],[2125.3738217  1201.70207909]
DJI_20250311102122_0263_D:[2616.70890743 2538.66339133],[2604.39713145 2809.02878901],[2001.9481731  2737.91161111],[2013.04630006 2468.17227931]
DJI_20250311101844_0184_D:[2168.76366736 1300.75699443],[2182.31265227 1038.89249677],[2771.43384276 1102.55504047],[2760.13606476 1365.59340572]
50
DJI_20250311102232_0298_D:[2666.24870875 2013.42436496],[2681.65372795 1739.70099078],[3288.81850345 1816.00254531],[3273.94098058 2089.15193599]
DJI_20250311102118_0261_D:[3325.43861154 1767.56111237],[3313.81566929 2039.91967096],[2707.3005585  1970.76812801],[2719.68102422 1697.80031551]
DJI_20250311102234_0299_D:[2614.09865019 2345.64703962],[2629.65405824 2071.51735295],[3238.34209895 2147.43998869],[3222.46190147 2420.85892824]
DJI_20250311102120_0262_D:[3302.15510963 2099.03842605],[3289.60562689 2371.19019056],[2683.99807072 2303.08562143],[2696.48196737 2030.14310216]
DJI_20250311102230_0297_D:[2706.80885613 1697.79338422],[2721.96380745 1427.05653403],[3323.9109997  1503.45414119],[3310.05854978 1773.78549691]
DJI_20250311102116_0260_D:[3367.43031659 1463.34411406],[3356.97272295 1734.30032899],[2751.4090287  1664.71009325],[2763.39717787 1393.2537633 ]
DJI_20250311102122_0263_D:[3283.52024901 2415.01984431],[3270.23123816 2685.54091806],[2666.77157792 2618.88885795],[2679.19333089 2347.37002234]
DJI_20250311102236_0300_D:[2577.53705601 2660.58269328],[2592.96314387 2387.85370762],[3200.97678473 2462.96518829],[3184.41700687 2734.82710416]
DJI_20250311102228_0296_D:[2734.67139245 1376.67168324],[2749.47700852 1110.50097821],[3344.64833656 1186.7127271 ],[3331.91334401 1452.65852836]
DJI_20250311102114_0259_D:[3392.60006324 1148.48424502],[3383.50799221 1416.86120845],[2779.45510787 1347.05659958],[2790.8971545  1078.31642712]
51
DJI_20250311101856_0190_D:[2094.62863589 1974.7451283 ],[2107.69997206 1708.025818  ],[2701.4637775  1775.83743965],[2688.97914191 2043.33677666]
DJI_20250311102110_0257_D:[2669.68434153 1832.37128998],[2657.62879241 2104.39394837],[2053.79044777 2035.93306873],[2066.43525481 1764.90706031]
DJI_20250311101858_0191_D:[2062.98206621 2298.30137608],[2075.49477947 2031.45550929],[2669.66180217 2100.56732161],[2656.93402186 2368.04042146]
DJI_20250311102112_0258_D:[2631.68588548 2170.61410475],[2619.63711498 2443.47753446],[2014.05417465 2373.86062446],[2025.80244436 2101.84208816]
DJI_20250311102108_0256_D:[2716.69300984 1483.9309237 ],[2704.6913108  1754.16610234],[2102.40371702 1686.70874026],[2115.85617132 1417.60277518]
DJI_20250311101854_0189_D:[2126.89878341 1653.31801182],[2140.45231983 1388.32037621],[2732.16601505 1454.77289173],[2719.9680765  1720.70664632]
DJI_20250311101900_0192_D:[2037.38542167 2602.36631961],[2049.2447571  2337.55662248],[2640.7492263  2407.52492359],[2627.93979058 2672.82696108]
DJI_20250311102114_0259_D:[2625.92057915 2515.53705807],[2613.81386342 2787.26229038],[2008.35027164 2716.59164472],[2019.25434729 2445.47440317]
DJI_20250311102106_0255_D:[2744.87692621 1150.52578103],[2733.14391197 1417.83759455],[2133.11233275 1351.81000983],[2147.10549188 1085.81531736]
DJI_20250311101852_0188_D:[2149.27572551 1342.28410045],[2163.30734216 1080.17796558],[2752.1593681  1145.19458749],[2740.25617365 1408.42561084]
52
DJI_20250311102242_0303_D:[2669.01042611 1989.67481979],[2684.46273015 1717.24743646],[3289.08648287 1793.45203677],[3274.22098036 2065.45143213]
DJI_20250311102244_0304_D:[2659.28850945 2299.56357372],[2674.75056228 2027.30775629],[3279.02152188 2102.80160055],[3263.33305162 2374.37654702]
DJI_20250311102108_0256_D:[3344.03219144 1746.25005774],[3332.82956897 2016.70087149],[2730.47430352 1948.42509593],[2742.51290967 1677.34969748]
DJI_20250311102110_0257_D:[3299.28874741 2094.90346264],[3287.16946633 2366.16058653],[2683.50941079 2299.06184101],[2695.58947502 2027.03000649]
DJI_20250311102240_0302_D:[2687.25434991 1643.95999957],[2702.52297027 1373.21149379],[3305.37399217 1449.65625956],[3291.5623056  1720.18294462]
DJI_20250311102106_0255_D:[3369.75450872 1411.32529924],[3359.63543067 1679.82289001],[2758.96967199 1610.82276723],[2770.74008865 1341.87919853]
DJI_20250311102246_0305_D:[2644.52859929 2595.97557053],[2659.92826918 2325.34687947],[3262.31062753 2399.77331234],[3245.93546737 2669.47989796]
DJI_20250311102112_0258_D:[3263.61126657 2432.88092091],[3250.59083093 2703.92096324],[2645.65420356 2637.88078616],[2657.72331679 2365.86271283]
DJI_20250311102238_0301_D:[2686.11239169 1338.8278112 ],[2701.30564284 1070.66625475],[3302.08556904 1147.27562387],[3289.1324302  1415.41588495]
DJI_20250311101858_0191_D:[1454.77612683 2037.80207182],[1468.08268825 1773.42550998],[2051.33398945 1840.40483109],[2038.38272412 2107.10771628]
53
DJI_20250311101858_0191_D:[2200.89905238 1903.84075245],[2214.14253877 1637.26519321],[2807.90043048 1705.4771469 ],[2795.40410637 1972.6288636 ]
DJI_20250311101900_0192_D:[2173.8768551  2210.80779351],[2186.71342481 1944.76652553],[2778.95533811 2013.71063902],[2766.13532197 2280.19020524]
DJI_20250311102108_0256_D:[2577.41683515 1884.15784207],[2565.16831907 2155.69187213],[1963.41478165 2086.77675824],[1976.11025185 1816.42568155]
DJI_20250311102106_0255_D:[2606.34041862 1546.98476978],[2594.10008762 1817.25484676],[1993.36107468 1749.87248734],[2006.85766697 1480.9656436 ]
DJI_20250311101856_0190_D:[2233.20199431 1580.62947847],[2246.73633062 1315.79423152],[2838.84636268 1382.82286013],[2826.8560387  1648.39084794]
DJI_20250311101902_0193_D:[2165.42754482 2528.9736645 ],[2177.62888964 2263.97638158],[2769.04548225 2333.30269066],[2756.10167003 2598.55348433]
DJI_20250311102110_0257_D:[2530.13205471 2234.680552  ],[2518.13820256 2506.22685528],[1916.25322976 2436.10885007],[1927.81520489 2165.62203791]
DJI_20250311102104_0254_D:[2631.03249745 1239.02038033],[2618.77242353 1507.24972818],[2019.12042833 1441.14795236],[2033.39096955 1174.451662  ]
DJI_20250311101854_0189_D:[2265.68586692 1261.95904501],[2279.45073154 1000.4216221 ],[2868.31257349 1066.20109622],[2856.86408562 1328.63177361]
DJI_20250311101904_0194_D:[2143.28711905 2846.95119905],[2154.80048753 2583.08579254],[2747.16697367 2652.92748342],[2734.10659274 2916.86512545]
54
DJI_20250311102106_0255_D:[3058.29461753 1809.18930487],[3046.52589413 2080.22253324],[2442.87393219 2011.90001064],[2455.27756111 1740.9221163 ]
DJI_20250311102108_0256_D:[3030.27662288 2147.40687494],[3017.92751489 2418.69442021],[2413.88373883 2350.45346335],[2426.05423129 2079.03039651]
DJI_20250311102104_0254_D:[3081.99696845 1499.68114573],[3070.73760342 1769.59078312],[2467.61624366 1701.07972829],[2480.26017344 1431.38390539]
DJI_20250311101900_0192_D:[1735.14029561 1951.47131712],[1748.81321361 1687.0244692 ],[2335.54047221 1754.17680981],[2322.46920587 2020.31210809]
DJI_20250311102110_0257_D:[2983.67880833 2497.69932057],[2970.97319459 2767.93848071],[2367.20143356 2700.14219602],[2378.83725456 2429.61300668]
DJI_20250311101902_0193_D:[1726.85199801 2269.13496849],[1739.33708176 2004.78935357],[2325.95100649 2073.81699611],[2313.30026606 2339.66757494]
DJI_20250311102246_0305_D:[2966.09596505 2198.20092391],[2981.3836911  1926.65029193],[3580.42183311 2001.95815571],[3565.18968665 2272.11546274]
DJI_20250311102244_0304_D:[2981.6054983  1899.86543018],[2996.50341266 1628.19526774],[3596.33911064 1705.0764787 ],[3582.2587263 1975.5730758]
DJI_20250311102102_0253_D:[3094.80008996 1184.97677623],[3084.07984445 1451.76109433],[2484.04943375 1383.26555714],[2496.94024898 1116.87617429]
DJI_20250311101858_0191_D:[1761.14248254 1645.63251429],[1775.75473129 1381.55218413],[2363.48243976 1446.55053988],[2350.22262902 1712.47920933]
55
DJI_20250311101902_0193_D:[2200.97796438 2092.37005835],[2213.98519454 1826.75163039],[2805.21823255 1895.32026987],[2792.52129657 2161.41904071]
DJI_20250311101900_0192_D:[2210.45632069 1773.0448134 ],[2224.00367092 1508.07833702],[2814.82090283 1576.0038234 ],[2802.33667734 1841.63616895]
DJI_20250311102104_0254_D:[2595.34401451 1681.72569705],[2582.99768948 1952.67404952],[1981.75980234 1884.44772599],[1995.00647599 1614.78753682]
DJI_20250311102106_0255_D:[2570.70376175 1992.45818218],[2558.49246572 2263.7589973 ],[1957.4105896  2194.47274498],[1969.77019497 1924.30160439]
DJI_20250311101904_0194_D:[2177.78264203 2411.6234211 ],[2190.24453644 2145.36325115],[2783.71028977 2214.69226264],[2770.78786555 2481.25772993]
DJI_20250311102102_0253_D:[2611.13018345 1364.20239476],[2598.65661231 1632.81806413],[1999.88815819 1565.87439004],[2014.04842106 1298.73049458]
DJI_20250311101858_0191_D:[2238.14354833 1465.73304417],[2251.98593999 1201.88823289],[2843.09212625 1268.8889149 ],[2831.05660845 1533.54390381]
DJI_20250311102108_0256_D:[2541.7932157  2331.06258578],[2529.70450288 2601.78559531],[1928.96764011 2531.20614032],[1940.37834737 2261.43969202]
DJI_20250311101906_0195_D:[2148.63753956 2722.01577232],[2160.27000451 2456.91750861],[2753.78904524 2526.33350915],[2740.93213114 2791.5887535 ]
DJI_20250311102100_0252_D:[2643.61472992 1057.95059802],[2631.31628388 1323.41919322],[2034.9039089  1258.14300918],[2049.6577749   994.29406374]
56
DJI_20250311102834_0479_D:[2894.67090393 1716.35254618],[2877.37230344 1997.80327139],[2251.46891083 1915.73191677],[2269.67607963 1634.8806544 ]
DJI_20250311102836_0480_D:[2862.36340635 2048.17804947],[2844.73944586 2329.60919193],[2219.66146423 2247.22186315],[2237.32828647 1966.18590721]
DJI_20250311102632_0418_D:[1887.39428867 2012.55954869],[1906.31297533 1736.26642284],[2519.79774101 1818.07571916],[2501.40257575 2095.72869253]
DJI_20250311102832_0478_D:[2894.73710888 1391.21633978],[2878.03132501 1671.42527857],[2252.17125138 1590.46766553],[2270.66352019 1311.13641683]
DJI_20250311102838_0481_D:[2821.94553819 2378.21244847],[2804.06630148 2658.86927549],[2179.43315409 2576.10897151],[2196.4568255  2295.66269941]
DJI_20250311102634_0419_D:[1862.6018662  2344.67439385],[1880.34929435 2067.3297318 ],[2496.58184656 2150.60489639],[2478.4983065  2429.10443933]
DJI_20250311102630_0417_D:[1904.19853405 1675.12743656],[1924.1464623 1401.2737321],[2533.85138522 1481.23776731],[2515.26408341 1756.67455278]
DJI_20250311102636_0420_D:[1808.7240787  2663.72743108],[1825.39215825 2387.03127567],[2442.3936157  2472.09566058],[2424.52899436 2749.81468286]
DJI_20250311102830_0477_D:[2921.23014401 1066.09733871],[2904.68934653 1343.28814214],[2280.72109849 1262.46117886],[2299.91500664  986.36976188]
DJI_20250311102628_0416_D:[1908.02471193 1346.87757398],[1928.92119319 1075.3382547 ],[2537.13768572 1153.16461159],[2518.46389752 1426.56536609]
57
DJI_20250311102836_0480_D:[3271.01806244 1875.96115517],[3253.95558325 2156.95758922],[2629.09426586 2075.31008637],[2646.7174393  1793.77046581]
DJI_20250311103016_0530_D:[2750.0971857  2037.32226573],[2767.40632202 1752.74309789],[3397.71072319 1835.19190452],[3381.00038166 2119.00533221]
DJI_20250311102838_0481_D:[3231.68310389 2205.40609813],[3213.71947505 2486.47223923],[2588.45830678 2405.58929032],[2606.08698392 2123.7825392 ]
DJI_20250311102834_0479_D:[3302.52011459 1545.33463368],[3286.41009743 1825.52863577],[2661.45783523 1743.07347767],[2679.00319097 1462.53560309]
DJI_20250311103018_0531_D:[2737.79962135 2376.72771627],[2755.34271232 2090.72808293],[3389.03381709 2172.51130514],[3371.16891775 2457.44051095]
DJI_20250311103014_0529_D:[2782.86136146 1699.4183887 ],[2799.83914096 1416.26925242],[3428.66149168 1499.36272307],[3413.19211914 1781.96281416]
DJI_20250311102840_0482_D:[3200.48645119 2516.91520023],[3181.6988534  2796.27767896],[2558.03677687 2716.18890638],[2575.62491938 2435.8802433 ]
DJI_20250311102832_0478_D:[3301.26458647 1221.8530695 ],[3286.35665531 1500.00844297],[2661.86832946 1417.58576529],[2679.10322394 1139.34940688]
DJI_20250311103020_0532_D:[2675.90245193 2717.72491611],[2693.68755009 2432.47937262],[3328.73790001 2513.71087765],[3309.66194165 2797.69623213]
DJI_20250311103012_0528_D:[2806.05321636 1369.24243462],[2822.80699484 1088.27366744],[3450.54623095 1172.30138895],[3436.20813408 1452.91972675]
58
DJI_20250311102838_0481_D:[2750.58053759 1906.4539976 ],[2732.97866046 2188.80489374],[2106.59529896 2106.19120042],[2124.59597707 1824.6639665 ]
DJI_20250311102836_0480_D:[2790.78169909 1577.05238596],[2773.45107495 1858.17235715],[2148.04324604 1776.55480601],[2166.6580394 1496.4371541]
DJI_20250311102630_0417_D:[1969.44534381 2137.08489919],[1988.07319022 1860.70620645],[2602.0867393  1943.49757656],[2583.63891988 2220.88271202]
DJI_20250311102628_0416_D:[1971.74041243 1806.5152195 ],[1991.25666778 1530.50994434],[2605.23540757 1611.92177384],[2586.74899222 1889.18638527]
DJI_20250311102840_0482_D:[2720.09077306 2219.40666338],[2702.28165118 2501.18381004],[2076.88762526 2417.66368594],[2094.24462242 2136.53432466]
DJI_20250311102632_0418_D:[1954.70796576 2477.0456892 ],[1972.30511909 2200.15953505],[2588.7247747  2284.11773913],[2570.44576658 2561.79167354]
DJI_20250311102834_0479_D:[2822.67260742 1247.04116525],[2805.67517821 1526.20314119],[2180.84631191 1445.5653639 ],[2200.00478158 1167.61697605]
DJI_20250311102626_0415_D:[2035.24788695 1478.51306195],[2055.38011969 1204.3187836 ],[2668.44369508 1284.23609303],[2650.21349878 1559.80702561]
DJI_20250311102842_0483_D:[2696.68156742 2536.80032362],[2678.66977321 2816.51242549],[2055.58767149 2732.08813928],[2072.28241413 2452.82801004]
DJI_20250311102634_0419_D:[1932.07355612 2809.27542697],[1948.46087533 2533.34371308],[2566.22431973 2618.11205322],[2548.25278879 2894.62129353]
59
DJI_20250311103014_0529_D:[2473.75819464 2130.25742161],[2491.29261209 1845.03033001],[3125.09438824 1927.20549555],[3107.84205955 2212.34997687]
DJI_20250311103012_0528_D:[2496.634381   1798.58394155],[2514.46490743 1513.64572417],[3148.64503136 1596.15441491],[3131.97724889 1881.23686703]
DJI_20250311103016_0530_D:[2440.99093537 2468.28743236],[2458.31040029 2183.55207986],[3092.10702592 2265.66537869],[3074.16120384 2550.08016537]
DJI_20250311102838_0481_D:[3535.04965788 1780.71220252],[3518.664526  2061.4433909],[2895.27388413 1979.65801585],[2912.51426206 1697.74486528]
DJI_20250311102840_0482_D:[3505.65431393 2092.26752209],[3487.93045314 2373.1245078 ],[2864.67670568 2292.67170391],[2882.39200686 2010.44454542]
DJI_20250311103010_0527_D:[2520.93406815 1476.05073948],[2538.95267951 1193.36361987],[3171.12407691 1275.84759872],[3155.14196454 1558.89554195]
DJI_20250311103018_0531_D:[2427.87813216 2807.77957609],[2444.90886564 2523.59617455],[3080.77874876 2605.53192995],[3062.16570888 2889.07884371]
DJI_20250311102836_0480_D:[3571.46527197 1454.22691318],[3556.54514787 1732.97377988],[2935.11567421 1649.83407027],[2951.79588766 1370.08263304]
DJI_20250311102842_0483_D:[3481.55397834 2409.42115692],[3462.48918599 2688.89170204],[2840.83784757 2609.83965522],[2859.01962983 2328.77144221]
DJI_20250311103225_0594_D:[2101.50218899 1827.16712558],[2082.53271622 2151.93912754],[1373.8019426  2060.34199144],[1393.44422122 1739.23042183]
60
DJI_20250311102840_0482_D:[2866.76675646 1800.11050477],[2849.29076473 2081.69883119],[2223.61747429 1999.37335904],[2241.78585057 1718.40700252]
DJI_20250311102842_0483_D:[2843.83074679 2118.01012124],[2825.874147   2399.30462465],[2201.17426644 2316.14806385],[2218.98029693 2035.28255188]
DJI_20250311102838_0481_D:[2896.49283843 1488.89346435],[2879.51306567 1769.32545584],[2254.18654    1687.81220458],[2272.69829219 1408.17775383]
DJI_20250311102626_0415_D:[1889.50240867 1889.60143583],[1908.79571975 1613.44345896],[2522.33883695 1694.81754843],[2503.84535464 1972.35380777]
DJI_20250311102628_0416_D:[1827.59673977 2217.20263185],[1845.91695254 1941.03508598],[2458.90287856 2024.08771947],[2440.51192113 2301.53151673]
DJI_20250311102844_0484_D:[2806.57297485 2439.41343179],[2788.3125369  2718.79004148],[2166.2883039  2635.11467686],[2183.54115533 2355.99446595]
DJI_20250311102624_0414_D:[1946.25166063 1553.50038952],[1966.25303704 1279.14361171],[2578.46176863 1358.433246  ],[2560.14433133 1634.34145991]
DJI_20250311102630_0417_D:[1827.15669833 2545.26722374],[1844.33565165 2270.4742891 ],[2456.11196821 2354.89875573],[2438.00615162 2630.72820065]
DJI_20250311102836_0480_D:[2935.38981118 1164.12170594],[2919.00147172 1441.51367977],[2296.05182459 1360.88725902],[2314.85353729 1084.47236064]
DJI_20250311103012_0528_D:[3146.78905118 2094.42005392],[3163.9031074  1809.19631259],[3789.72660095 1892.14820155],[3773.04597666 2175.43114422]