1
DJI_20250301092902_0357_D:[3269.57072557 1923.31274308],[3262.64279323 2198.30982063],[2649.77011632 2141.16084267],[2656.88708722 1865.55271964]
DJI_20250301092900_0356_D:[3283.83614048 1599.62711936],[3277.80904241 1873.4355941 ],[2666.28199    1815.62182244],[2673.33598266 1541.37253655]
DJI_20250301093130_0431_D:[2747.58340925 2161.29706117],[2756.29560877 1882.74729105],[3374.38978306 1944.54854934],[3365.72895145 2222.18079717]
DJI_20250301093128_0430_D:[2780.18727096 1818.48172133],[2788.60556225 1540.95185107],[3405.1379806 1603.5401484],[3397.68783859 1880.34921127]
DJI_20250301092904_0358_D:[3266.95200542 2255.33087648],[3259.15206194 2530.21663152],[2645.80841107 2474.0669677 ],[2652.91827039 2198.33851865]
DJI_20250301093132_0432_D:[2724.78274082 2485.6500545 ],[2733.61860652 2207.83016461],[3351.4657283  2268.49092812],[3341.80260548 2545.18508327]
DJI_20250301092858_0355_D:[3304.89281642 1279.88204239],[3299.75856089 1551.62636717],[2689.573131   1493.02495348],[2696.57364874 1220.98527499]
DJI_20250301093126_0429_D:[2792.28842426 1498.93861197],[2800.49308973 1223.65335867],[3414.89049209 1286.93380699],[3408.51403983 1561.71586227]
DJI_20250301092906_0359_D:[3249.17343149 2593.68436856],[3240.56424534 2866.49121793],[2628.77066838 2811.86331655],[2635.74831427 2537.97769452]
DJI_20250301093134_0433_D:[2693.8851268  2805.58441452],[2702.71837174 2529.85860369],[3319.44574265 2589.15221504],[3308.89786488 2863.55981501]
2
DJI_20250301093128_0430_D:[2036.13494629 1982.49627099],[2045.34893228 1705.28920512],[2663.04072222 1765.82603056],[2654.36360166 2044.19398135]
DJI_20250301093251_0471_D:[2658.22114478 2015.13897291],[2649.2504589  2296.29304814],[2025.20465095 2232.64884951],[2034.24363755 1952.56259401]
DJI_20250301093248_0470_D:[2679.2988517  1634.86218494],[2670.29905082 1915.46240738],[2046.31664534 1853.04165867],[2056.40625661 1573.73024445]
DJI_20250301093130_0431_D:[2003.49636543 2323.97040822],[2011.86212633 2046.5718703 ],[2630.31581221 2108.64618887],[2621.57399221 2387.01522079]
DJI_20250301093126_0429_D:[2049.42188195 1663.08900107],[2059.46882611 1387.40798114],[2675.4173725  1446.47396769],[2666.75790157 1723.53733717]
DJI_20250301093252_0472_D:[2659.70836287 2357.30963566],[2651.0577809  2636.83228483],[2029.04767178 2573.07439854],[2036.82369734 2294.36202862]
DJI_20250301093246_0469_D:[2693.94582594 1276.95269363],[2685.08151468 1555.5076242 ],[2062.00640454 1494.70660438],[2072.92785388 1217.66152818]
DJI_20250301093132_0432_D:[1982.71736827 2646.08502919],[1990.118182   2370.19346492],[2607.69981485 2433.33070142],[2599.04569346 2709.99360465]
DJI_20250301093124_0428_D:[2052.44754259 1325.80384523],[2063.35917183 1052.77800966],[2677.28697102 1109.97798041],[2668.67573976 1384.63010009]
DJI_20250301093254_0473_D:[2637.58849002 2691.58676469],[2628.38577613 2968.31112776],[2009.07274417 2902.48491021],[2016.46338677 2626.35540144]
3
DJI_20250301092904_0358_D:[3043.98041872 1793.57661433],[3037.23943162 2069.28571851],[2422.41923139 2011.66269515],[2429.71050299 1736.0253686 ]
DJI_20250301092906_0359_D:[3027.2579324  2133.05163587],[3020.0128027  2408.77465207],[2405.16399955 2351.5118439 ],[2412.03888943 2075.64466845]
DJI_20250301092902_0357_D:[3046.18028171 1463.61169116],[3040.00281341 1737.46584819],[2427.17674864 1679.9741327 ],[2434.76271598 1406.40388681]
DJI_20250301092908_0360_D:[3005.52236446 2430.61071629],[2997.86969182 2705.20430513],[2383.69339979 2648.3115638 ],[2390.17242496 2373.41272147]
DJI_20250301093126_0429_D:[3014.99893717 1965.48474   ],[3023.30247555 1687.77999324],[3636.5802526  1750.55594507],[3628.84036301 2026.83128352]
DJI_20250301093128_0430_D:[3002.64247163 2285.79238174],[3011.42416642 2007.7732706 ],[3625.34699606 2068.74539538],[3616.2599958  2345.09966581]
DJI_20250301092742_0317_D:[1627.81073256 1928.60561821],[1636.2542448  1658.58280467],[2235.25973298 1714.27498262],[2227.44012225 1986.29518339]
DJI_20250301092900_0356_D:[3060.26812088 1144.02112591],[3054.72602965 1414.82144079],[2444.59100251 1357.66723938],[2452.36689468 1087.30798761]
DJI_20250301092744_0318_D:[1599.7345366  2251.26193432],[1606.95285173 1980.29082954],[2208.01432415 2038.91794446],[2200.56681814 2311.76173764]
DJI_20250301093124_0428_D:[3016.86136793 1626.02050015],[3024.61692271 1349.67202747],[3637.13300542 1414.08481256],[3630.8660187  1689.23466344]
4
DJI_20250301093126_0429_D:[2540.78924248 2157.5535491 ],[2549.55902052 1879.54227594],[3168.33763392 1941.2299973 ],[3159.62651642 2218.95414804]
DJI_20250301093124_0428_D:[2542.63122164 1817.82136359],[2551.56196994 1540.29307046],[3170.09880739 1602.22200564],[3162.13573517 1879.70391371]
DJI_20250301093128_0430_D:[2528.56659654 2477.49503464],[2537.13700216 2199.99045898],[3156.05496565 2261.17656311],[3146.68401898 2538.15945468]
DJI_20250301092906_0359_D:[3492.8471364  1939.62032098],[3486.07275403 2214.43705092],[2874.68375612 2158.1528363 ],[2881.57001724 1882.07875688]
DJI_20250301093122_0427_D:[2560.1279174  1486.66496399],[2569.11929586 1211.44235357],[3185.34699901 1273.34571035],[3178.21683731 1548.68273771]
DJI_20250301092904_0358_D:[3507.92940722 1602.54862159],[3502.38929087 1876.45955696],[2891.65989054 1818.45144977],[2898.23635776 1543.50135239]
DJI_20250301092908_0360_D:[3472.10464646 2235.96925739],[3464.28232226 2510.45891806],[2852.88885606 2455.76882822],[2860.01882943 2179.85332159]
DJI_20250301093130_0431_D:[2496.13652584 2817.28551196],[2504.49941299 2541.74245714],[3122.7292997  2602.43390452],[3112.6387752 2877.2421639]
DJI_20250301093252_0472_D:[2163.35177471 1858.06801049],[2154.48259694 2137.57458543],[1541.21925775 2075.08065112],[1550.56569313 1798.08341102]
DJI_20250301092902_0357_D:[3507.14626826 1276.09881126],[3502.83988256 1547.32293639],[2894.58469446 1488.12581269],[2900.79134941 1216.07615763]
5
DJI_20250301093252_0472_D:[2715.65063153 1708.21398854],[2707.13910441 1988.56194129],[2083.69474454 1926.9124996 ],[2093.10128105 1647.68809817]
DJI_20250301093254_0473_D:[2695.03966082 2044.34057258],[2685.79672298 2324.80460966],[2062.89112865 2260.70971296],[2072.11056069 1981.16376432]
DJI_20250301093124_0428_D:[1994.05552619 1965.77504658],[2003.45532278 1688.38854775],[2621.39331    1749.01048304],[2612.57048012 2027.7206076 ]
DJI_20250301093126_0429_D:[1993.18624758 2304.47193894],[2001.6073248  2027.27948616],[2619.47134226 2089.32339891],[2610.71862723 2367.59496762]
DJI_20250301093122_0427_D:[2012.16124988 1634.61531106],[2022.43968482 1358.81230594],[2638.73828763 1417.755805  ],[2629.93092798 1695.04683407]
DJI_20250301093251_0471_D:[2714.76188007 1367.05033795],[2706.04315691 1646.08872461],[2082.72580404 1585.02643713],[2093.27877908 1307.36552569]
DJI_20250301093256_0474_D:[2680.65984642 2381.47222839],[2671.68452635 2660.238915  ],[2050.89588051 2596.10428447],[2058.91080475 2318.02539133]
DJI_20250301093128_0430_D:[1982.05913126 2622.95951313],[1989.49397028 2346.92994552],[2607.13203901 2410.04087638],[2598.50235571 2686.92336148]
DJI_20250301093120_0426_D:[2040.2499115  1315.22852303],[2051.10940902 1042.74443872],[2663.89198573 1099.67446747],[2655.34161355 1373.75466541]
DJI_20250301093248_0470_D:[2735.50317666  993.24926448],[2726.94380436 1268.5207965 ],[2106.05805949 1209.05944654],[2117.47048956  935.38550379]
6
DJI_20250301093254_0473_D:[3288.09866024 1873.31441542],[3279.33202582 2153.09278388],[2656.00546304 2090.3987985 ],[2665.2093402  1810.04687922]
DJI_20250301093509_0540_D:[2654.25607223 2037.01501425],[2665.09597394 1759.22253035],[3281.95295872 1825.89747791],[3271.49709811 2103.03803511]
DJI_20250301093511_0541_D:[2633.38080594 2351.63261686],[2644.12599845 2074.04175756],[3261.16637565 2139.69411278],[3249.97579507 2416.46408291]
DJI_20250301093252_0472_D:[3307.10669339 1537.50433759],[3299.97634681 1816.34248642],[2676.75735989 1754.30319432],[2685.2437765  1475.09700589]
DJI_20250301093256_0474_D:[3272.93846468 2209.36770909],[3263.51787409 2488.26857159],[2641.75902258 2427.32273819],[2650.67574671 2147.6153934 ]
DJI_20250301093507_0539_D:[2671.43356427 1711.91729352],[2682.37861238 1435.26959303],[3298.01062997 1503.00953966],[3288.30842423 1779.17703748]
DJI_20250301093513_0542_D:[2609.69080314 2684.85068689],[2620.42840889 2408.50162047],[3237.42822254 2473.32674136],[3225.34479202 2748.64813687]
DJI_20250301093251_0471_D:[3305.01884031 1199.40087161],[3298.59698534 1476.11645395],[2675.87522872 1412.84578916],[2684.60264653 1136.00504078]
DJI_20250301093505_0538_D:[2697.47665399 1388.44136975],[2708.23470143 1114.36245219],[3321.37815666 1182.64583339],[3312.70265168 1456.38009546]
DJI_20250301093258_0475_D:[3254.10898385 2558.81307964],[3243.54283486 2835.74283197],[2623.42133123 2775.60238349],[2632.50849283 2497.62494053]
7
DJI_20250301093509_0540_D:[2186.43353331 2197.60283081],[2197.28000722 1920.08687397],[2815.58832784 1986.397935  ],[2804.68584707 2264.3894078 ]
DJI_20250301093507_0539_D:[2203.29241642 1872.50998876],[2214.91959227 1595.38858946],[2832.65911308 1661.4284265 ],[2821.83232355 1939.19837665]
DJI_20250301093643_0587_D:[2461.40637491 1884.01811123],[2451.04739661 2161.78816686],[1836.59872888 2096.04139824],[1847.305619  1819.7965551]
DJI_20250301093511_0541_D:[2166.6261279  2511.21390018],[2176.72083306 2234.63096204],[2794.55673157 2301.21225352],[2783.57723428 2578.10401161]
DJI_20250301093505_0538_D:[2230.08196055 1548.37608128],[2242.19018605 1273.06476448],[2858.21963616 1338.2921733 ],[2847.74765453 1614.3935719 ]
DJI_20250301093641_0586_D:[2466.37612372 1560.21129333],[2455.90064086 1837.74678213],[1840.5810072  1773.93670901],[1852.25592126 1498.14739185]
DJI_20250301093645_0588_D:[2416.57980577 2219.98050932],[2406.49566742 2497.17389731],[1793.10926161 2429.67184872],[1802.66489171 2153.8581155 ]
DJI_20250301093639_0585_D:[2475.18228897 1237.41143215],[2464.66965308 1512.526691  ],[1851.26049261 1451.1381181 ],[1863.83462352 1177.98066524]
DJI_20250301093256_0474_D:[3736.5057244  2043.84735462],[3727.59306487 2321.66159425],[3112.06018124 2261.89626105],[3120.89174987 1982.10273964]
DJI_20250301093254_0473_D:[3751.2070792 1710.1750185],[3743.69633074 1988.08239062],[3127.15099194 1925.16688664],[3135.53774696 1645.50966706]
8
DJI_20250301093643_0587_D:[2920.49023952 1724.00358969],[2910.54738517 2001.63568507],[2291.95909844 1936.57776229],[2302.6912195  1659.36795402]
DJI_20250301093645_0588_D:[2876.0086609  2059.96804659],[2865.64208995 2337.80401327],[2247.2551247  2272.35941845],[2257.54112013 1994.7924541 ]
DJI_20250301093641_0586_D:[2925.26536549 1400.54218765],[2915.85233199 1677.23124337],[2296.81054767 1612.82378942],[2307.86432165 1336.77224148]
DJI_20250301093647_0589_D:[2859.89719753 2400.84825418],[2849.20799534 2676.94944871],[2233.0011295  2611.50221961],[2242.7010492  2335.43816343]
DJI_20250301093507_0539_D:[1747.53393854 2031.06665304],[1759.07371277 1754.76142538],[2372.59901177 1820.24898236],[2361.41653968 2098.31197817]
DJI_20250301093505_0538_D:[1773.99517916 1707.82945552],[1786.67888797 1432.58342851],[2399.25566919 1495.93082135],[2387.77146255 1773.0773126 ]
DJI_20250301093509_0540_D:[1731.97128699 2354.61264857],[1742.05930731 2078.66138211],[2355.50926799 2145.73641125],[2344.91629769 2423.27491228]
DJI_20250301093853_0652_D:[3038.60193022 2176.77686221],[3050.82888218 1900.83593094],[3657.86451008 1969.97476975],[3645.57281421 2243.95777573]
DJI_20250301093639_0585_D:[2931.73245126 1079.38643493],[2922.93706332 1352.93426537],[2306.28351666 1289.65491799],[2317.57867767 1016.955093  ]
DJI_20250301093851_0651_D:[3079.25851142 1852.23156386],[3090.92528684 1578.00952697],[3694.25280867 1649.37189129],[3683.41394493 1921.80185155]
9
DJI_20250301093120_0426_D:[2092.10327713 2172.34671397],[2100.80699234 1895.39647415],[2718.06956726 1956.66991856],[2709.37318592 2234.45909535]
DJI_20250301093118_0425_D:[2102.78543025 1855.34300016],[2112.25066911 1579.59889013],[2727.26116989 1639.72997586],[2718.66057229 1916.48109585]
DJI_20250301093258_0475_D:[2609.08648977 1863.40480303],[2599.97585151 2142.92821218],[1979.89620759 2079.77263438],[1989.44651786 1801.49034296]
DJI_20250301093256_0474_D:[2626.77112072 1514.87976531],[2617.8756058 1793.2032997],[1998.48142261 1732.07669237],[2008.76170261 1455.20083217]
DJI_20250301093300_0476_D:[2576.09197222 2199.03532311],[2567.11062379 2477.96046281],[1948.06664624 2413.66825418],[1956.55958028 2135.7943781 ]
DJI_20250301093122_0427_D:[2066.20536122 2494.53195444],[2074.25917767 2217.80742105],[2692.49034153 2280.50486872],[2683.59377225 2557.95472202]
DJI_20250301093116_0424_D:[2142.10132476 1536.79432447],[2152.18516208 1263.05601379],[2765.24945862 1322.06122866],[2756.90454671 1596.89940604]
DJI_20250301093254_0473_D:[2641.87430557 1180.97252734],[2632.72969145 1457.11397488],[2014.11389622 1396.99664425],[2025.57064295 1122.5307241 ]
DJI_20250301093303_0477_D:[2555.85765287 2537.10095663],[2546.87976177 2814.02892554],[1929.54529282 2748.37529839],[1937.06907483 2472.27262248]
DJI_20250301093124_0428_D:[2050.87596369 2822.66656813],[2058.01349697 2548.10995297],[2675.13538621 2611.70527236],[2666.24876689 2886.81371428]
10
DJI_20250301093258_0475_D:[3180.15184762 1714.96331306],[3171.78826232 1993.84801268],[2549.68315179 1931.20517448],[2558.88772738 1652.12788938]
DJI_20250301093300_0476_D:[3147.64919609 2049.89890388],[3138.52096838 2328.92733823],[2516.73651368 2266.88110176],[2525.7769508  1987.46505968]
DJI_20250301093505_0538_D:[2764.75775271 2227.80847629],[2775.82710641 1950.1468604 ],[3391.15645935 2016.71040412],[3379.92196717 2293.21779461]
DJI_20250301093503_0537_D:[2788.14349057 1903.29574366],[2799.13160309 1626.31689816],[3412.98192425 1694.34552952],[3402.69886639 1970.33816979]
DJI_20250301093256_0474_D:[3195.64747482 1367.70806679],[3188.39493273 1644.64358418],[2567.55649161 1582.23502844],[2576.59666203 1305.31583763]
DJI_20250301093303_0477_D:[3127.24080721 2388.49886162],[3117.20213134 2666.26093233],[2496.59049076 2604.6076797 ],[2505.5800853  2326.21727374]
DJI_20250301093507_0539_D:[2738.40632785 2551.69850047],[2749.61460135 2274.91361905],[3364.95314246 2340.19826122],[3352.73572243 2615.67411333]
DJI_20250301093501_0536_D:[2828.19195288 1578.33782565],[2838.77888178 1303.34541922],[3450.11427023 1372.40151729],[3441.10305996 1646.52324496]
DJI_20250301093118_0425_D:[1545.0565313  2002.99181012],[1554.50762331 1728.86115117],[2161.13781127 1788.12227004],[2152.1567348  2064.66073474]
DJI_20250301093116_0424_D:[1583.86703805 1686.12541624],[1594.79365927 1413.22385214],[2200.53782449 1469.7074895 ],[2190.96451181 1745.10992014]
11
DJI_20250301093116_0424_D:[2597.47361992 1977.13470096],[2606.22144772 1700.5188579 ],[3221.45269893 1762.23822361],[3213.27024381 2038.43400018]
DJI_20250301093118_0425_D:[2559.01522223 2297.16226229],[2567.70896452 2020.28481527],[3183.97780979 2081.5571618 ],[3174.96926956 2357.91366803]
DJI_20250301093115_0423_D:[2608.84122692 1662.3374822 ],[2617.51942324 1386.97937204],[3231.72179    1448.89377519],[3224.47504129 1724.01089293]
DJI_20250301092914_0363_D:[3440.68091568 1763.76502477],[3434.42272935 2037.85377432],[2823.86747084 1980.47177694],[2830.75772915 1705.37567973]
DJI_20250301092916_0364_D:[3415.4885522  2093.94700019],[3408.22292048 2368.13929097],[2797.70003561 2312.42795063],[2804.73717963 2037.06226888]
DJI_20250301093120_0426_D:[2549.62734629 2614.40326783],[2558.15983838 2338.10406881],[3175.3851319  2398.80520038],[3165.66279505 2674.39171276]
DJI_20250301092912_0362_D:[3463.21567969 1428.59041232],[3458.18747934 1701.73249262],[2847.32719037 1643.01062861],[2853.85507308 1369.00925362]
DJI_20250301092918_0365_D:[3396.43334231 2411.15494885],[3387.95015573 2684.60907322],[2777.29859739 2630.04482921],[2784.65466733 2355.24292664]
DJI_20250301093112_0422_D:[2618.89063998 1306.70468873],[2627.75412804 1034.63090046],[3238.92183892 1097.23167372],[3232.45081152 1369.25110189]
DJI_20250301093300_0476_D:[2117.25292289 1753.49072968],[2107.75169493 2031.73523105],[1497.70164705 1969.40745324],[1507.90633931 1693.76698631]
12
DJI_20250301092730_0311_D:[2254.92661686 1933.03030135],[2262.84041228 1661.8282683 ],[2867.49623211 1719.52605373],[2860.12858847 1991.03322106]
DJI_20250301092732_0312_D:[2239.35580293 2243.54979965],[2246.8803377 1971.8351379],[2852.75234033 2030.13354025],[2844.9939081  2302.00488625]
DJI_20250301092728_0310_D:[2287.37564275 1604.51754869],[2295.60987664 1334.80259947],[2898.82771297 1391.83890539],[2891.97340525 1661.98448392]
DJI_20250301092734_0313_D:[2210.92854078 2562.09500188],[2217.90092115 2291.35970005],[2823.59893743 2350.00376737],[2815.5727222  2620.77025552]
DJI_20250301092916_0364_D:[2384.6244118  1796.20274358],[2377.42226874 2071.18438526],[1769.46306797 2013.58375484],[1777.26701649 1740.34485515]
DJI_20250301092918_0365_D:[2363.67909725 2113.37926409],[2356.73855377 2388.76404866],[1748.13913528 2328.95730996],[1754.800267  2055.1840443]
DJI_20250301092914_0363_D:[2411.45925489 1465.78983679],[2403.85200102 1739.54745212],[1796.36626807 1683.73356086],[1805.42536101 1411.87257764]
DJI_20250301092726_0309_D:[2316.26536595 1286.65745428],[2324.76845093 1019.83348336],[2925.44188709 1076.1195993 ],[2919.17199672 1343.52452549]
DJI_20250301092530_0251_D:[3703.04338977 1810.92083373],[3700.71017651 2078.00006928],[3107.92205133 2031.19012238],[3110.5761919  1762.33363688]
DJI_20250301092532_0252_D:[3688.67450731 2099.8910074 ],[3684.91430915 2366.5548676 ],[3093.04388681 2321.62853501],[3096.37556556 2053.05922565]
13
DJI_20250301092918_0365_D:[2856.66311054 1976.22992577],[2849.54851192 2252.18046819],[2235.09944463 2194.14367103],[2242.28635005 1918.5977911 ]
DJI_20250301092916_0364_D:[2876.00565838 1659.19835718],[2869.35680767 1934.08667494],[2256.23949501 1876.852168  ],[2263.83636491 1602.51236902]
DJI_20250301092920_0366_D:[2838.59571385 2312.25263879],[2830.91870888 2587.25894702],[2217.43143172 2528.32453409],[2224.2470812  2253.54102842]
DJI_20250301092914_0363_D:[2901.53932516 1329.84032369],[2895.19270763 1602.86005447],[2283.17837806 1545.95593268],[2291.32057854 1273.63958808]
DJI_20250301092730_0311_D:[1772.83179613 2066.78461937],[1780.65406705 1796.45665982],[2381.64264272 1853.56773012],[2374.03604089 2125.35685125]
DJI_20250301092728_0310_D:[1804.92007123 1739.45104016],[1813.77052808 1469.96080157],[2414.06073093 1524.98714188],[2406.26693074 1796.06485747]
DJI_20250301092732_0312_D:[1757.62237878 2375.64155604],[1764.39976056 2105.39652513],[2366.07068849 2164.44309179],[2358.7195562  2436.00884544]
DJI_20250301092726_0309_D:[1834.43667118 1421.85791213],[1844.27384392 1154.62896377],[2442.66373689 1207.52409526],[2434.74211847 1476.49648886]
DJI_20250301092922_0367_D:[2831.64484397 2660.83414793],[2823.65809861 2933.51828451],[2211.62519222 2874.43725298],[2217.77650446 2601.7524493 ]
DJI_20250301093115_0423_D:[3151.24165634 2103.51844881],[3159.54656084 1826.81546751],[3767.49064727 1888.60126273],[3759.42288994 2163.29281857]
14
DJI_20250301092534_0253_D:[3266.33947308 1980.29996394],[3263.12442652 2248.28659609],[2665.37698475 2201.29555171],[2668.53338646 1932.5648939 ]
DJI_20250301092728_0310_D:[2699.81410849 2042.7226901 ],[2707.23259896 1770.76139679],[3310.88240501 1829.06849343],[3303.70979825 2100.11226539]
DJI_20250301092532_0252_D:[3279.52305788 1674.07615743],[3277.15903157 1942.23313669],[2678.28041589 1894.34665432],[2681.35839863 1625.58866651]
DJI_20250301092730_0311_D:[2667.45313042 2372.08661481],[2675.05109035 2100.38526831],[3279.08395013 2157.84279105],[3270.89287228 2428.49733744]
DJI_20250301092726_0309_D:[2727.94032386 1721.95591825],[2735.10735724 1451.11400322],[3337.38181527 1510.189686  ],[3331.31576535 1780.26307524]
DJI_20250301092536_0254_D:[3267.47225767 2299.4288721 ],[3263.2625717 2566.4390639],[2666.686287   2520.21968216],[2670.05138979 2252.26777847]
DJI_20250301092530_0251_D:[3292.42400212 1384.78958276],[3290.99727095 1651.81009405],[2692.27853829 1603.39081671],[2695.16234381 1335.88996795]
DJI_20250301092732_0312_D:[2652.01091904 2682.03639424],[2659.71130017 2411.49406676],[3263.80250347 2468.0606112 ],[3254.71418948 2737.39173887]
DJI_20250301092724_0308_D:[2764.23702502 1393.86735952],[2771.10643903 1125.87313731],[3370.20929877 1185.75866858],[3365.30120871 1453.12704946]
DJI_20250301092538_0255_D:[3260.00270553 2607.16489641],[3254.97420531 2872.31635911],[2659.67708432 2827.31167908],[2663.07677566 2561.03600333]
15
DJI_20250301092340_0196_D:[2130.5258598  1958.83878612],[2134.47253502 1692.35058988],[2729.17217495 1739.91885208],[2725.77854819 2007.07348893]
DJI_20250301092342_0197_D:[2117.03676059 2269.1351351 ],[2120.19013724 2002.9485469 ],[2714.41749096 2050.93309062],[2711.02693878 2317.63434147]
DJI_20250301092534_0253_D:[2566.34888796 1727.06095489],[2563.12798762 1995.71938916],[1965.93644716 1947.9989723 ],[1969.81142142 1680.49829528]
DJI_20250301092536_0254_D:[2567.95840893 2046.74380068],[2564.6598508  2315.43522747],[1967.67057004 2266.19277084],[1970.84168459 1998.47253096]
DJI_20250301092338_0195_D:[2137.7747199  1648.64899555],[2142.34880685 1383.31496438],[2736.14509309 1429.91067608],[2732.92500519 1696.08328879]
DJI_20250301092532_0252_D:[2579.15133339 1420.6043542 ],[2575.89086865 1688.50141761],[1978.21835557 1642.04079453],[1982.90725772 1375.45187609]
DJI_20250301092344_0198_D:[2105.70980867 2571.51840506],[2107.98982396 2306.71723731],[2701.05505923 2354.78658817],[2697.79913572 2619.96624625]
DJI_20250301092538_0255_D:[2560.98255959 2356.23683857],[2557.77228473 2624.05346281],[1961.27698669 2573.79390035],[1963.58665521 2306.79249033]
DJI_20250301092336_0194_D:[2160.34666956 1334.82511041],[2165.49107116 1072.11056633],[2757.03222876 1117.68039041],[2754.03532826 1381.36296371]
DJI_20250301092530_0251_D:[2593.05775254 1132.40311519],[2589.87899584 1398.28643188],[1992.91064116 1353.33239776],[1998.26474456 1088.88914756]
16
DJI_20250301092608_0270_D:[3077.38582212 1752.91749233],[3072.88951246 2022.13478999],[2472.00366682 1970.39466372],[2477.06246366 1701.03252924]
DJI_20250301092610_0271_D:[3054.14762303 2080.69198328],[3049.16951933 2349.69785441],[2449.00110652 2298.60875038],[2453.70024074 2029.3215387 ]
DJI_20250301092606_0269_D:[3087.26162327 1432.99917526],[3083.44863786 1700.81798481],[2483.50222873 1649.06632835],[2488.65674693 1381.25184012]
DJI_20250301092612_0272_D:[3043.64538692 2402.8341387 ],[3037.60758192 2670.36729179],[2439.0110221  2618.70571183],[2443.92995778 2350.7125826 ]
DJI_20250301092654_0293_D:[2900.45121027 2222.21873213],[2907.88925768 1952.75836105],[3503.53608959 2009.91090495],[3495.94827382 2277.81812434]
DJI_20250301092652_0292_D:[2929.26292898 1896.21600018],[2936.27990205 1626.74011076],[3532.10556137 1685.64475783],[3525.75846326 1953.74015898]
DJI_20250301092306_0179_D:[1687.00843708 1974.57414933],[1690.86222963 1711.1580305 ],[2276.24397616 1756.24009536],[2273.00791536 2021.38919222]
DJI_20250301092308_0180_D:[1658.15473931 2292.18290701],[1660.93055828 2028.23850743],[2247.53836558 2075.80474263],[2244.61768608 2341.36647025]
DJI_20250301092656_0294_D:[2861.58292168 2515.3401284 ],[2869.36632403 2247.39248777],[3463.48654328 2302.94701191],[3454.80845869 2569.24056466]
DJI_20250301092604_0268_D:[3099.32292752 1112.53926008],[3096.32842493 1377.34549866],[2498.92473572 1325.89460171],[2504.06346562 1061.22907702]
17
DJI_20250301092954_0383_D:[2853.70805689 1815.27350428],[2845.20988501 2091.95018236],[2229.32613825 2030.55853622],[2238.31191383 1754.48518309]
DJI_20250301092956_0384_D:[2833.59886539 2119.87483632],[2824.86729626 2396.48916493],[2209.18449274 2334.63975034],[2217.60931035 2058.48894564]
DJI_20250301092952_0382_D:[2864.23779407 1472.99140555],[2856.03514471 1748.61955111],[2240.44042163 1687.84598762],[2249.99850734 1413.01724335]
DJI_20250301092652_0292_D:[1840.78991081 1991.4587917 ],[1848.79808853 1722.54821808],[2447.14232682 1778.87821926],[2439.60101758 2049.10385028]
DJI_20250301092654_0293_D:[1814.51904531 2315.98984287],[1821.43143207 2047.58984501],[2419.03993176 2105.42450737],[2411.77235052 2374.96012608]
DJI_20250301092650_0291_D:[1852.72783551 1681.27547878],[1861.94053832 1413.86985172],[2458.31237748 1468.79163074],[2450.37526239 1737.72393338]
DJI_20250301092958_0385_D:[2826.81451038 2452.15117942],[2817.68385368 2727.66557014],[2202.42378212 2665.10580952],[2210.37981768 2389.84321291]
DJI_20250301092950_0381_D:[2892.24159499 1146.91522531],[2884.64975349 1419.68960342],[2271.21896064 1360.13420228],[2281.00445031 1088.2788242 ]
DJI_20250301092656_0294_D:[1781.262248   2606.61868169],[1787.12481906 2340.28651992],[2382.1292918  2399.43708897],[2375.15994543 2666.79787661]
DJI_20250301092648_0290_D:[1870.1990619  1362.46056451],[1880.30953017 1097.98655801],[2473.59503699 1150.60896134],[2465.58068986 1416.80813168]
18
DJI_20250301092612_0272_D:[2894.33060069 1976.95963446],[2889.03687821 2246.19870032],[2288.95003903 2193.51037694],[2294.21494011 1924.45602957]
DJI_20250301092610_0271_D:[2903.29452444 1654.83782277],[2898.87561721 1923.78531223],[2298.54005019 1872.42500614],[2303.7642721  1603.83246702]
DJI_20250301092614_0273_D:[2885.13515622 2297.32037941],[2879.63444751 2566.16101735],[2279.22267734 2513.67225587],[2283.85633177 2244.83593751]
DJI_20250301092304_0178_D:[1847.00452855 2079.53287606],[1850.39300152 1815.35195221],[2438.68552166 1861.50016738],[2435.62065305 2126.98423732]
DJI_20250301092608_0270_D:[2926.09949694 1328.67836426],[2922.00147898 1596.07301154],[2322.20977814 1544.75963166],[2327.95255908 1277.85447017]
DJI_20250301092302_0177_D:[1857.37680953 1774.11901279],[1861.79840986 1510.61487456],[2449.48778602 1555.21362878],[2446.1442332  1820.20002569]
DJI_20250301092306_0179_D:[1836.1297909 2391.4945455],[1838.46283676 2127.56306812],[2427.03538887 2175.11924854],[2424.27593612 2440.18753171]
DJI_20250301092300_0176_D:[1883.6571413  1474.17381432],[1889.07366005 1212.90135654],[2474.48835637 1255.8959407 ],[2470.89231198 1518.79141967]
DJI_20250301092650_0291_D:[3085.81622709 2014.10147665],[3092.99931796 1744.74935789],[3685.82599228 1803.60813355],[3679.03108433 2071.14187225]
DJI_20250301092616_0274_D:[2853.42416888 2624.41840765],[2847.57841275 2891.14776861],[2248.70088161 2838.37070429],[2252.8231161  2571.52985581]
19
DJI_20250301092650_0291_D:[2226.48683706 2125.44155179],[2234.20671045 1855.55372115],[2835.7351438  1913.33067539],[2828.15740267 2183.49913854]
DJI_20250301092648_0290_D:[2241.84927627 1802.84369669],[2249.99364251 1534.09315473],[2849.79297736 1591.06750066],[2842.61178734 1860.29580839]
DJI_20250301092652_0292_D:[2216.42894923 2436.67977889],[2223.41426295 2167.06461061],[2825.50195404 2224.75722207],[2817.84451017 2494.43871015]
DJI_20250301092958_0385_D:[2440.74135881 1993.43583576],[2431.99599798 2270.53571105],[1819.39231241 2207.5893406 ],[1828.18765961 1932.09773815]
DJI_20250301092956_0384_D:[2447.96848218 1662.2394957 ],[2439.11442681 1938.52166399],[1827.52075356 1877.90240342],[1837.2781283  1603.42124693]
DJI_20250301092646_0289_D:[2262.63857403 1480.65003621],[2271.10763403 1214.24608209],[2868.44936633 1270.1581548 ],[2861.7484741  1537.22647308]
DJI_20250301092954_0383_D:[2468.81206459 1359.84086757],[2459.74913526 1634.46800683],[1849.08447477 1575.6890792 ],[1859.84112242 1302.99808555]
DJI_20250301093000_0386_D:[2431.23662454 2325.0953916 ],[2422.90962252 2601.82292468],[1809.88992656 2537.32332556],[1817.40348661 2262.02225384]
DJI_20250301092654_0293_D:[2190.1059382  2759.28351432],[2196.44572998 2491.98257288],[2796.52744419 2549.69400015],[2788.69432318 2816.88446912]
DJI_20250301092612_0272_D:[3742.2460883  1859.50683015],[3737.49513331 2126.7226694 ],[3145.34297896 2075.36241868],[3150.2886505  1806.23186834]
20
DJI_20250301092648_0290_D:[2676.24869621 2056.30470611],[2683.72463354 1786.65444754],[3282.55945367 1844.61964216],[3275.39337142 2113.48847281]
DJI_20250301092614_0273_D:[3304.94977681 1928.65071346],[3299.87551577 2197.84019086],[2699.8566499 2146.2160838],[2704.96287132 1876.19212671]
DJI_20250301092612_0272_D:[3312.25193312 1610.56868412],[3307.99116501 1878.61353555],[2709.41837121 1825.79482096],[2714.54321525 1557.1011664 ]
DJI_20250301092650_0291_D:[2661.46820768 2379.28408436],[2669.09230227 2109.50914906],[3268.85562182 2166.75693779],[3260.71531726 2435.54350473]
DJI_20250301092646_0289_D:[2695.97903324 1732.56671995],[2703.22260917 1464.26799885],[3300.3371133  1522.67767727],[3294.21101112 1790.38551369]
DJI_20250301092616_0274_D:[3274.38979321 2256.17720118],[3268.31389868 2524.89543125],[2668.37563631 2474.10119979],[2673.63451566 2204.42851697]
DJI_20250301092610_0271_D:[3318.68103267 1290.73660962],[3315.90428958 1556.93159794],[2718.23671736 1504.42822719],[2722.7131701  1237.74873173]
DJI_20250301092652_0292_D:[2651.38953371 2689.14274464],[2658.8512756  2420.65240093],[3258.29991925 2476.31648026],[3249.50080488 2743.59267946]
DJI_20250301092644_0288_D:[2703.1581955  1406.27844963],[2710.00008929 1140.66653229],[3304.55509056 1198.91522728],[3299.65859129 1464.14668564]
DJI_20250301092618_0275_D:[3237.76622327 2557.74170994],[3230.74342904 2824.19854361],[2633.12330915 2773.97442313],[2638.55290381 2506.46184097]
21
DJI_20250301093000_0386_D:[2906.94630101 1937.1866403 ],[2898.38286717 2215.21918373],[2279.43572366 2153.51746696],[2288.22826954 1875.9151579 ]
DJI_20250301092958_0385_D:[2915.17030329 1606.88654037],[2906.88334527 1883.60648348],[2289.6015343  1822.24354755],[2298.96692106 1546.14652405]
DJI_20250301093002_0387_D:[2876.46272458 2275.46902139],[2867.50418491 2552.18822402],[2250.6943014  2490.16336968],[2258.98336267 2213.68423858]
DJI_20250301092648_0290_D:[1784.64433587 2180.04688539],[1792.14723052 1911.50106477],[2389.27650332 1968.88483479],[2381.79260123 2238.82672651]
DJI_20250301092646_0289_D:[1805.21227339 1857.83872357],[1813.7187287  1590.06776202],[2409.55929901 1645.29184123],[2401.8865832  1914.64110939]
DJI_20250301092956_0384_D:[2920.25393591 1278.27617551],[2912.54176103 1552.51624785],[2297.45641983 1492.29786117],[2307.09277202 1218.87721218]
DJI_20250301092650_0291_D:[1770.20493941 2500.93230873],[1776.59140388 2232.85040093],[2374.29346714 2292.12748995],[2367.08947688 2561.41797552]
DJI_20250301092644_0288_D:[1814.88941305 1532.93375591],[1824.2454995  1267.30719715],[2417.6952508  1319.73773296],[2410.00649112 1587.15623462]
DJI_20250301093004_0388_D:[2837.17482419 2597.1840647 ],[2828.09490067 2871.52621848],[2213.67858829 2809.61263773],[2221.19448174 2535.33874768]
DJI_20250301093030_0401_D:[3108.83118089 1934.66968734],[3117.56393252 1660.20814193],[3721.36894935 1724.59044927],[3713.40680927 1997.2299933 ]
22
DJI_20250301092646_0289_D:[2188.89497752 2103.65915004],[2196.46699957 1834.18136559],[2797.14825538 1891.37858159],[2789.78051348 2161.29909563]
DJI_20250301092644_0288_D:[2197.26575392 1776.00002754],[2205.16385829 1507.66202586],[2804.29854031 1563.46557213],[2797.43634355 1832.46099591]
DJI_20250301092648_0290_D:[2169.04058848 2427.1892982 ],[2176.10660676 2157.90952239],[2777.373088   2215.90453429],[2769.69528499 2485.43825086]
DJI_20250301093000_0386_D:[2508.40519172 1682.04692079],[2499.59982869 1959.63524356],[1884.43251275 1898.59524159],[1894.1464163  1622.67601928]
DJI_20250301093002_0387_D:[2478.6176143 2020.3791135],[2469.95801802 2297.72273136],[1856.23526554 2234.87341648],[1864.90553204 1959.01137158]
DJI_20250301092642_0287_D:[2217.51275412 1459.53707364],[2225.7767325  1194.09489001],[2821.3141344  1248.56293781],[2814.86911778 1514.83743337]
DJI_20250301092958_0385_D:[2518.45220742 1353.7106566 ],[2509.39515995 1628.96222192],[1896.63839336 1569.7193892 ],[1907.44680058 1296.31885416]
DJI_20250301093004_0388_D:[2439.97804675 2343.26926379],[2431.72573061 2619.28218042],[1819.80535908 2555.12839039],[1827.17848871 2280.43615156]
DJI_20250301092650_0291_D:[2154.9136427  2748.23970129],[2161.37626111 2480.42153931],[2762.46038789 2538.93044505],[2754.54577115 2806.80312457]
DJI_20250301092616_0274_D:[3772.41342383 1881.44101079],[3767.53386528 2149.58307059],[3173.73052952 2098.39515727],[3178.70355623 1828.23497662]
23
DJI_20250301092618_0275_D:[3050.02970559 1939.1249619 ],[3044.58460367 2208.67835822],[2443.46043421 2155.85174077],[2448.9113041  1886.12639699]
DJI_20250301092616_0274_D:[3084.44060779 1636.10762521],[3079.7982996 1905.5495876],[2477.97437011 1852.94679992],[2483.39305536 1583.42259841]
DJI_20250301092620_0276_D:[3028.36036206 2268.28175368],[3022.30388696 2536.88499193],[2422.32813585 2484.23628027],[2427.56797036 2215.31884921]
DJI_20250301092614_0273_D:[3113.50914841 1311.36832696],[3109.68636629 1578.70919938],[2509.58482962 1526.16007898],[2515.02076943 1258.843644  ]
DJI_20250301092644_0288_D:[2888.74083375 2025.4998897 ],[2895.6550996  1756.46296535],[3491.05484729 1813.85935782],[3484.51732104 2081.6543664 ]
DJI_20250301092646_0289_D:[2880.76075955 2353.70573268],[2888.29358292 2084.54553968],[3484.28480153 2140.98502566],[3476.29251648 2408.67620824]
DJI_20250301092258_0175_D:[1676.02784784 2135.86725228],[1679.36291999 1872.74638912],[2263.73121534 1919.03430281],[2260.62279477 2183.9423882 ]
DJI_20250301092642_0287_D:[2906.05693972 1707.2187854 ],[2912.45495513 1440.13759279],[3504.98015256 1498.41933901],[3499.75003136 1764.44852983]
DJI_20250301092256_0174_D:[1687.82834976 1821.19894751],[1692.14612461 1558.76875462],[2275.71164389 1602.14439606],[2272.41373669 1866.51061618]
DJI_20250301092622_0277_D:[3008.14108508 2574.51646665],[3001.71495376 2841.08170049],[2403.48399488 2789.02941815],[2408.30653476 2522.01308669]
24
DJI_20250301092644_0288_D:[2178.41851972 2191.96865295],[2185.56460137 1923.03400526],[2785.17081    1979.70979978],[2778.01475703 2249.08066699]
DJI_20250301092642_0287_D:[2198.01066326 1873.57650417],[2205.59880166 1605.88370323],[2802.82862321 1661.47408902],[2796.0204668  1929.78003205]
DJI_20250301093004_0388_D:[2461.88261492 1914.9970298 ],[2453.27614523 2191.74479038],[1841.01318051 2129.80281735],[1849.88519566 1854.60665616]
DJI_20250301092646_0289_D:[2170.62951417 2518.71149781],[2177.38911813 2250.3739253 ],[2777.25593644 2308.13336072],[2769.64997786 2576.690327  ]
DJI_20250301092640_0286_D:[2236.4150634  1560.19279928],[2244.3335018 1294.4349121],[2839.49486876 1348.96797193],[2833.13579107 1615.45775131]
DJI_20250301093002_0387_D:[2500.951123  1592.8350909],[2492.06321631 1869.07385967],[1879.37752441 1808.6527586 ],[1889.40888382 1534.12613607]
DJI_20250301093006_0389_D:[2449.75341412 2240.94676231],[2441.60564875 2517.24855306],[1829.43331462 2454.13247486],[1836.94420998 2179.15123502]
DJI_20250301093000_0386_D:[2530.79408698 1256.9669155 ],[2521.86698832 1531.57620152],[1909.12655254 1473.21925278],[1920.09368282 1200.51036048]
DJI_20250301092638_0285_D:[2262.48602092 1257.78526256],[2270.8276013   994.70273636],[2863.94481339 1048.46752447],[2857.92163726 1312.42604969]
DJI_20250301092648_0290_D:[2151.69578726 2839.28953856],[2157.86260257 2572.87262599],[2757.05294759 2631.16129512],[2749.21353605 2897.6076339 ]
25
DJI_20250301093004_0388_D:[2787.35987947 1710.92526791],[2778.99018266 1987.44551531],[2163.41953137 1926.48581669],[2172.59498723 1650.79875074]
DJI_20250301093006_0389_D:[2775.56376964 2036.30819241],[2767.15424802 2313.28388334],[2151.06532427 2251.98231318],[2159.38483726 1975.60261257]
DJI_20250301092642_0287_D:[1885.60069343 2072.73018855],[1892.95444539 1805.40536687],[2487.94313467 1860.98007709],[2480.88055706 2129.57649794]
DJI_20250301093002_0387_D:[2825.92511833 1389.99094162],[2817.78791584 1665.08266776],[2202.62203173 1604.78336788],[2212.44086422 1330.68481212]
DJI_20250301092640_0286_D:[1923.89070815 1759.69832152],[1932.03226803 1493.46750514],[2525.74578113 1547.17959873],[2518.67833458 1814.79875617]
DJI_20250301093008_0390_D:[2746.45829805 2353.56768564],[2737.89770738 2629.68481305],[2122.341489   2567.77173372],[2129.93447931 2292.08812621]
DJI_20250301092644_0288_D:[1865.93028527 2390.17607223],[1872.38952377 2122.44177776],[2469.12244088 2179.8888899 ],[2462.15557645 2448.72652297]
DJI_20250301092638_0285_D:[1949.87823936 1456.80152287],[1958.871955   1192.44545627],[2551.20857772 1244.61784622],[2544.04639492 1510.5098488 ]
DJI_20250301093000_0386_D:[2854.91861551 1056.08209832],[2847.25719709 1328.60070131],[2232.79901525 1269.46717668],[2243.0411997   998.12277894]
DJI_20250301092646_0289_D:[1859.05796136 2714.36432523],[1864.66160188 2448.08856989],[2461.09497564 2507.41609451],[2454.13762685 2774.5868385 ]
26
DJI_20250301092640_0286_D:[2241.62846695 1986.36170805],[2248.86844252 1718.31874079],[2846.55946353 1774.01059297],[2839.81777546 2042.50111195]
DJI_20250301092642_0287_D:[2203.85618625 2300.84654116],[2210.68831733 2032.55087148],[2809.21788033 2089.06125326],[2802.09784393 2357.68269464]
DJI_20250301092638_0285_D:[2266.94775254 1681.63252126],[2274.66017336 1414.63270563],[2871.50676483 1469.83318457],[2865.04877013 1737.42405456]
DJI_20250301093006_0389_D:[2445.34427802 1799.85710262],[2436.83332627 2076.84693525],[1823.96549039 2015.8777295 ],[1833.01411026 1740.52427062]
DJI_20250301093008_0390_D:[2415.81745499 2116.95973409],[2407.58912153 2394.04367142],[1794.6771337  2331.29664003],[1802.56932054 2055.69688551]
DJI_20250301092644_0288_D:[2185.064311   2619.19305964],[2191.40163194 2351.37785481],[2791.04773834 2408.63975283],[2783.61544211 2676.59842991]
DJI_20250301093004_0388_D:[2458.18167599 1475.52001578],[2449.25149656 1751.04450734],[1837.73064843 1691.67542176],[1848.0908827 1418.0180899]
DJI_20250301092636_0284_D:[2267.81052107 1357.98683288],[2276.39127283 1093.34807408],[2871.44929054 1148.45250984],[2864.94148378 1413.90717061]
DJI_20250301093010_0391_D:[2380.93091367 2422.96779219],[2373.15413331 2698.49135291],[1762.10951283 2634.28057989],[1768.70732393 2360.1303527 ]
DJI_20250301092622_0277_D:[3703.80071415 1975.22125015],[3698.25878973 2242.9853518 ],[3104.50958735 2191.94551837],[3109.91019763 1922.32349234]
27
DJI_20250301092622_0277_D:[2992.86548171 1734.46602582],[2987.7425878  2003.96717007],[2386.45995226 1951.00450795],[2392.11344735 1681.62349319]
DJI_20250301092624_0278_D:[2971.50994327 2050.26695807],[2966.03246963 2319.60163645],[2365.42052485 2266.93338495],[2370.62859192 1997.58105093]
DJI_20250301092620_0276_D:[3011.81130203 1428.45861784],[3007.12222375 1696.70807677],[2406.52225235 1643.6565733 ],[2412.51832116 1375.65370767]
DJI_20250301092626_0279_D:[2958.1462225  2386.70443717],[2952.15620339 2654.37142604],[2353.50381488 2601.80569932],[2358.37436999 2333.94178782]
DJI_20250301092252_0172_D:[1726.15307515 2013.8565025 ],[1729.48601643 1749.78109986],[2316.58488402 1794.42608743],[2313.78182213 2060.22244027]
DJI_20250301092640_0286_D:[2954.85994316 2230.16625452],[2961.76490144 1961.81863084],[3554.88791594 2017.60548184],[3547.83208817 2284.4559542 ]
DJI_20250301092638_0285_D:[2980.31617457 1925.37039493],[2986.81634918 1657.21850472],[3579.52307566 1714.68500811],[3573.63655969 1981.4847495 ]
DJI_20250301092254_0173_D:[1717.97914061 2317.20388142],[1720.26029806 2053.81379129],[2306.1838943  2100.52984664],[2303.69124736 2365.51376656]
DJI_20250301092250_0171_D:[1740.78884133 1719.96603405],[1745.03943396 1456.5279192 ],[2332.08008654 1498.83083932],[2329.10297546 1764.10349963]
DJI_20250301092618_0275_D:[3031.46541378 1103.29233977],[3027.46465955 1369.01476913],[2428.26648388 1316.31979187],[2434.39775293 1050.97836468]
28
DJI_20250301093008_0390_D:[2719.77925586 1728.04210283],[2711.47516815 2005.53168701],[2094.28067472 1944.7679074 ],[2103.28534398 1668.22525279]
DJI_20250301093010_0391_D:[2684.53031724 2034.68095459],[2676.18440901 2312.25019027],[2059.44594161 2250.71666364],[2067.65863021 1973.97849501]
DJI_20250301092638_0285_D:[1975.17822202 2058.83403058],[1982.47699112 1790.90367683],[2579.2978258  1846.47120125],[2572.32166186 2115.48591763]
DJI_20250301093006_0389_D:[2748.54804008 1412.68909838],[2740.46016966 1688.40618964],[2124.68328686 1628.75705791],[2134.33703467 1354.14289778]
DJI_20250301092636_0284_D:[1974.71858166 1733.92363816],[1983.30196996 1466.80341894],[2579.36851564 1521.72457639],[2571.92438838 1790.15527602]
DJI_20250301092640_0286_D:[1951.15569245 2362.7451053 ],[1957.55176024 2095.24938253],[2554.05723248 2151.90738696],[2547.22364306 2420.3437169 ]
DJI_20250301093012_0392_D:[2650.37770982 2348.79155786],[2641.82656862 2625.2407489 ],[2026.31944822 2562.38277524],[2033.88694614 2286.62905793]
DJI_20250301092634_0283_D:[2008.016229   1363.75416652],[2041.1136116 1100.5288506],[2628.4811817  1206.31458661],[2597.15556976 1471.30206554]
DJI_20250301092642_0287_D:[1914.73104361 2674.93430197],[1920.24034045 2408.75232929],[2516.27755403 2466.88640381],[2509.53061489 2733.89218523]
DJI_20250301093004_0388_D:[2760.36594702 1092.23374484],[2752.33968833 1364.80013815],[2139.11135106 1306.17000785],[2149.59294232 1034.94004313]
29
DJI_20250301092636_0284_D:[2650.48440411 1987.03938692],[2657.82131518 1717.69673158],[3256.62357874 1775.35738563],[3249.77010069 2044.1457657 ]
DJI_20250301092626_0279_D:[3285.9782905  1998.18047248],[3280.42799718 2267.23303983],[2680.66017425 2215.1945165 ],[2686.04542316 1945.35781837]
DJI_20250301092624_0278_D:[3298.44884196 1661.40667543],[3293.91472969 1930.44207418],[2693.43841842 1877.54528914],[2698.6630996  1607.90070947]
DJI_20250301092638_0285_D:[2651.10103068 2312.22089376],[2658.06993517 2043.09922785],[3256.5889066  2099.10628504],[3249.27920718 2367.4478274 ]
DJI_20250301092634_0283_D:[2657.84620119 1673.57693921],[2689.1058393  1406.88656761],[3280.19025044 1518.08077324],[3250.21714661 1784.60775237]
DJI_20250301092628_0280_D:[3269.71977154 2292.03375771],[3263.61663843 2560.30773376],[2664.40372685 2509.75460915],[2669.58618113 2240.55626733]
DJI_20250301092622_0277_D:[3318.44731196 1347.61327324],[3314.76263034 1615.20469833],[2714.89769111 1561.26256292],[2720.08177011 1293.1943753 ]
DJI_20250301092640_0286_D:[2625.89421622 2616.23127098],[2632.79402167 2348.43622123],[3230.51518247 2403.45629759],[3222.50779035 2670.31852646]
DJI_20250301092632_0282_D:[3127.7142911  1770.25479862],[3393.17559134 1741.05051344],[3419.58693572 2341.51955361],[3153.98544691 2372.31960569]
DJI_20250301092630_0281_D:[3297.47706494 1779.79221341],[3540.65185609 1889.53447706],[3261.50432275 2421.17999013],[3016.81266736 2312.45092339]
30
DJI_20250301093012_0392_D:[2875.77692804 1938.69226997],[2867.24469533 2216.97982252],[2247.72559492 2155.46039388],[2256.36963047 1877.56121127]
DJI_20250301093010_0391_D:[2909.18987555 1624.23702353],[2901.25362445 1901.91209402],[2281.8993943 1841.2870662],[2290.79559302 1564.1356174 ]
DJI_20250301093014_0393_D:[2897.97721    2106.04632662],[3058.10731111 2332.85295922],[2527.21064313 2655.81618914],[2366.69076852 2429.62774778]
DJI_20250301093008_0390_D:[2943.68205438 1319.2897311 ],[2936.176131   1595.17522051],[2317.77007419 1534.87605061],[2327.07284902 1259.62909177]
DJI_20250301092636_0284_D:[1758.66811038 2130.78982083],[1766.20175205 1862.6219434 ],[2362.10138252 1919.31004967],[2354.71259586 2189.08711777]
DJI_20250301092634_0283_D:[1756.1332222  1738.79125267],[1788.68193708 1472.91816423],[2376.66685316 1580.32857051],[2344.87564919 1848.17261733]
DJI_20250301093016_0394_D:[2950.88116844 2165.42797583],[3227.40725005 2177.07571644],[3156.90520253 2791.23480103],[2881.13917212 2780.61029798]
DJI_20250301092638_0285_D:[1761.53951001 2455.03135783],[1767.46606114 2187.69961518],[2362.99411901 2245.33956251],[2356.38679472 2514.05674004]
DJI_20250301093020_0396_D:[3043.87074198 2147.29253963],[3054.06940061 1870.36708133],[3663.80307423 1935.679092  ],[3653.72785565 2210.77287976]
DJI_20250301093018_0395_D:[3066.68931536 2031.00998683],[3210.33163345 1793.68125857],[3711.8591799 2150.9658067],[3569.74847348 2387.47050453]
31
DJI_20250301092312_0182_D:[2347.2798262  2112.18723507],[2350.61718952 1846.24753809],[2943.71905578 1893.64712568],[2940.63655118 2159.59074254]
DJI_20250301092310_0181_D:[2373.8815491  1801.05616496],[2377.36450836 1536.09165191],[2969.13521842 1583.02447144],[2966.66427433 1848.09166322]
DJI_20250301092314_0183_D:[2324.94415019 2414.75331653],[2328.03951086 2149.40714305],[2920.72866834 2197.1053434 ],[2917.13804181 2462.35547816]
DJI_20250301092308_0180_D:[2402.86362564 1497.95889135],[2406.63883961 1235.14700293],[2996.11089455 1282.06955671],[2994.07306898 1545.09094629]
DJI_20250301092604_0268_D:[2338.56561675 1908.93307312],[2333.85049154 2177.83152631],[1739.39227048 2125.71587539],[1744.29457633 1858.40094722]
DJI_20250301092602_0267_D:[2353.71744176 1581.90070338],[2348.87522634 1850.30621099],[1754.23245996 1800.63632669],[1760.06914762 1533.96233413]
DJI_20250301092216_0154_D:[3561.0418577  1752.94462132],[3561.85530712 2016.85402602],[2973.94800738 1976.75607277],[2973.62489194 1711.58118695]
DJI_20250301092316_0184_D:[2308.31276057 2724.2253217 ],[2311.0705273 2460.730726 ],[2902.35874388 2508.58625857],[2898.33191061 2771.86779606]
DJI_20250301092218_0155_D:[3555.81100215 2066.40596298],[3555.26541804 2331.03201037],[2966.14314882 2292.34649029],[2966.3621188  2026.28795442]
DJI_20250301092606_0269_D:[2323.03846546 2234.7570829 ],[2318.60872909 2503.31666468],[1724.2692532  2449.03095124],[1728.06690207 2181.92719357]
32
DJI_20250301092602_0267_D:[2996.23385272 1830.96306457],[2991.9626706  2099.82961875],[2392.13592302 2049.20406935],[2396.72172754 1780.30653936]
DJI_20250301092600_0266_D:[3025.74604113 1527.52854712],[3022.21726023 1795.62433077],[2422.52806385 1745.42013553],[2427.11596026 1477.38506719]
DJI_20250301092604_0268_D:[2981.18836443 2158.9364768 ],[2976.20169557 2427.34419033],[2377.16745202 2376.3832492 ],[2381.6668838  2107.79424282]
DJI_20250301092558_0265_D:[3049.29200084 1225.18800535],[3046.26713197 1491.36666132],[2447.6197461  1440.98059827],[2452.45687313 1174.99130982]
DJI_20250301092312_0182_D:[1716.4467265  1868.93865866],[1720.98031506 1605.29256403],[2307.47044071 1650.38589551],[2303.85147466 1915.73399341]
DJI_20250301092314_0183_D:[1694.79968002 2169.76225135],[1698.30401176 1905.87132081],[2284.74527977 1953.13102077],[2281.40112493 2218.62464246]
DJI_20250301092606_0269_D:[2966.03882028 2484.79427043],[2960.47770246 2751.90053562],[2362.10809136 2700.88681587],[2366.36069371 2433.45098516]
DJI_20250301092700_0296_D:[2966.60416108 2113.98406234],[2973.96155137 1844.59427332],[3568.4632996  1902.51642286],[3561.22849645 2170.27251892]
DJI_20250301092658_0295_D:[2978.61868464 1775.93478499],[2985.46997963 1508.27351181],[3577.12511271 1567.92877979],[3571.24197756 1834.14736738]
DJI_20250301092702_0297_D:[2940.03087176 2414.34271377],[2947.86866301 2145.17559629],[3543.04411363 2201.51153745],[3534.56942285 2468.92584561]
33
DJI_20250301092314_0183_D:[2393.33416042 2008.49588631],[2396.88056768 1742.91908179],[2989.13326575 1790.61481496],[2986.08252282 2056.15625463]
DJI_20250301092316_0184_D:[2376.08046617 2320.54928357],[2379.41852992 2055.22468698],[2971.47253767 2103.07115207],[2967.86133698 2368.24594879]
DJI_20250301092312_0182_D:[2416.04264812 1705.27293589],[2419.69851372 1440.65406738],[3011.18537252 1488.07717036],[3008.77325348 1752.75905711]
DJI_20250301092318_0185_D:[2355.86820205 2618.65089832],[2358.9970758 2354.2802977],[2950.97495577 2402.37309305],[2946.8343655 2666.483066 ]
DJI_20250301092214_0153_D:[3508.15342531 1837.34457848],[3508.52139611 2101.23533778],[2920.53943096 2061.33482151],[2920.46781628 1796.27616608]
DJI_20250301092600_0266_D:[2312.49764746 1689.1240658 ],[2307.97744705 1958.0041699 ],[1713.37926581 1908.20035617],[1718.61457197 1641.08265112]
DJI_20250301092602_0267_D:[2282.06450248 1992.72883479],[2277.72195566 2261.65220281],[1683.92482729 2209.47870338],[1688.22870989 1942.22661347]
DJI_20250301092216_0154_D:[3499.48290329 2157.92416168],[3498.75686894 2421.95311217],[2910.29069906 2383.78094696],[2910.50856999 2118.42863096]
DJI_20250301092310_0181_D:[2442.68119308 1395.90101763],[2446.34474945 1133.82982751],[3035.30862356 1180.8179579 ],[3033.64326875 1443.04944767]
DJI_20250301092212_0152_D:[3526.24196801 1513.94436719],[3527.77652134 1776.35303912],[2941.40992971 1735.00037802],[2940.94867885 1471.55322362]
34
DJI_20250301092600_0266_D:[3061.07803963 1950.09257857],[3056.84626025 2218.8857227 ],[2457.18130822 2168.99410831],[2461.40628736 1899.92471274]
DJI_20250301092558_0265_D:[3085.34000039 1645.39809622],[3081.60236906 1913.88209349],[2481.80959638 1863.4861784 ],[2486.29213865 1594.85666931]
DJI_20250301092602_0267_D:[3030.42762669 2254.13840229],[3025.47079209 2522.10738817],[2426.81492435 2472.06026899],[2431.01821671 2203.71925979]
DJI_20250301092556_0264_D:[3097.3413252  1338.20691207],[3094.30980689 1605.1690693 ],[2495.29426203 1554.77243204],[2499.83947073 1287.82041299]
DJI_20250301092702_0297_D:[2910.70669208 1989.76931804],[2918.01211717 1720.50193332],[3513.29437891 1779.18168647],[3506.43217733 2047.06215247]
DJI_20250301092704_0298_D:[2879.50920905 2309.24342687],[2887.1426841  2040.09546353],[3482.80020087 2097.04809435],[3474.81788218 2364.71568651]
DJI_20250301092316_0184_D:[1644.41082787 2064.21451902],[1648.4462043 1801.0667123],[2232.60543506 1847.70758689],[2228.98708211 2112.65560171]
DJI_20250301092700_0296_D:[2936.5676227  1689.57672891],[2943.37136235 1421.68206488],[3536.81707278 1481.65526875],[3531.20940077 1748.27223593]
DJI_20250301092314_0183_D:[1661.17968183 1754.73044124],[1666.37048576 1492.23720325],[2250.26328769 1536.48974454],[2246.26368149 1800.90051786]
DJI_20250301092604_0268_D:[3014.19641501 2580.74581971],[3008.51082589 2846.52506115],[2411.90993613 2796.51444092],[2416.03241129 2530.2056996 ]
35
DJI_20250301092318_0185_D:[2404.84083879 2214.69556152],[2408.42844304 1949.49310433],[2999.80258311 1997.63368883],[2996.1970302  2262.68844385]
DJI_20250301092316_0184_D:[2425.31065558 1915.88705901],[2429.0007362  1651.24649781],[3019.3210259  1699.09696636],[3016.33966822 1963.69657612]
DJI_20250301092314_0183_D:[2442.83271571 1604.24474558],[2446.63065063 1340.92736662],[3035.96567655 1388.58067335],[3033.6410912  1651.96905778]
DJI_20250301092320_0186_D:[2389.45398209 2530.088438  ],[2392.64194714 2265.59029919],[2984.06583753 2313.42449755],[2980.08060855 2577.6513605 ]
DJI_20250301092212_0152_D:[3483.99934808 1915.12588446],[3484.01428532 2178.37102139],[2897.45074537 2138.82060126],[2897.52400814 1874.44746587]
DJI_20250301092210_0151_D:[3487.88950643 1595.7448681 ],[3489.01037   1858.2619119],[2902.79909892 1817.3404829 ],[2902.5313776  1553.85292048]
DJI_20250301092558_0265_D:[2286.61223812 1793.84604851],[2282.15388885 2062.59595369],[1688.60992752 2012.02495245],[1693.50647544 1745.04864627]
DJI_20250301092214_0153_D:[3464.05943219 2240.08749387],[3462.99225257 2503.19529076],[2876.01888371 2465.17198234],[2876.39116386 2200.79390807]
DJI_20250301092600_0266_D:[2261.95064971 2098.96594751],[2258.02687414 2367.37954453],[1665.3147483  2315.11608085],[1668.91976915 2048.34981826]
DJI_20250301092556_0264_D:[2300.431604   1485.93898418],[2295.63917743 1753.79383552],[1702.39620986 1705.4311337 ],[1708.39980556 1439.5086622 ]
36
DJI_20250301093329_0490_D:[2867.05874922 1742.88960111],[2857.72704831 2021.46086934],[2237.44156932 1957.84053974],[2247.47079912 1679.90426354]
DJI_20250301093331_0491_D:[2843.00048178 2071.93770877],[2833.59778135 2350.51600649],[2213.65870755 2286.95054024],[2222.86739666 2008.80942745]
DJI_20250301093327_0489_D:[2884.39980621 1400.92821981],[2875.50446087 1678.05971425],[2255.77079641 1615.26361649],[2266.28645415 1338.97602847]
DJI_20250301093048_0410_D:[1807.91551801 1993.84843201],[1817.71643714 1719.99973015],[2426.49599511 1780.65199202],[2417.21920073 2056.15671798]
DJI_20250301093050_0411_D:[1802.08745863 2328.14845747],[1810.57186316 2054.03881373],[2420.47873985 2116.4422428 ],[2411.63300574 2391.99549044]
DJI_20250301093333_0492_D:[2808.46735935 2430.20952845],[2798.9284987  2706.87567388],[2181.25136204 2643.25591388],[2189.61395091 2366.82046231]
DJI_20250301093046_0409_D:[1820.55859544 1667.92457811],[1831.58358954 1395.43349235],[2438.93853603 1454.1740754 ],[2429.29238431 1728.51973926]
DJI_20250301093324_0488_D:[2891.49487391 1081.72897191],[2882.80526694 1355.72163649],[2265.51873408 1293.48845722],[2276.69929113 1020.54796543]
DJI_20250301093052_0412_D:[1793.56923442 2646.88033572],[1800.7226773  2373.49024581],[2411.6102059  2437.36701836],[2403.22753703 2712.00194947]
DJI_20250301093435_0523_D:[3112.05101781 2218.05040019],[3122.84105273 1939.75946746],[3734.40787222 2005.94214162],[3723.59244756 2282.17973678]
37
DJI_20250301093433_0522_D:[2565.77858687 2055.89078747],[2576.59576571 1776.87037583],[3196.82036146 1843.37410327],[3186.4370232  2121.96435304]
DJI_20250301093435_0523_D:[2542.66366785 2390.88735501],[2553.52396837 2112.02329909],[3174.092967   2178.31266951],[3162.74499071 2456.52947978]
DJI_20250301093431_0521_D:[2563.31523562 1727.69338423],[2574.07954108 1448.5622505 ],[3196.13257896 1515.234325  ],[3186.69743058 1794.17655006]
DJI_20250301093331_0491_D:[3410.09727981 1896.86455742],[3401.13084709 2175.0188509 ],[2782.01151588 2112.62376761],[2791.24779422 1833.49916952]
DJI_20250301093329_0490_D:[3432.96490921 1569.68439038],[3424.93396332 1847.00458576],[2806.15684131 1782.88720065],[2815.36054114 1504.79602502]
DJI_20250301093333_0492_D:[3375.29840664 2254.78637248],[3365.24016163 2531.93992461],[2747.53613804 2471.31301039],[2756.87294438 2192.97890078]
DJI_20250301093437_0524_D:[2520.75097172 2701.54491959],[2531.55369672 2423.80661043],[3152.30039538 2489.68868609],[3140.13438382 2766.5624643 ]
DJI_20250301093429_0520_D:[2590.4464454  1398.91405676],[2601.3643194  1122.50348994],[3220.7979185  1189.76626233],[3212.10161477 1466.14950101]
DJI_20250301093327_0489_D:[3447.98831123 1230.08365112],[3441.28601397 1505.09442721],[2823.72100411 1440.06050274],[2832.53388527 1164.48043292]
DJI_20250301093717_0604_D:[2141.92184974 1726.88479327],[2130.71873968 2003.25074761],[1524.08376249 1937.63525104],[1535.98206924 1663.68571325]
38
DJI_20250301093333_0492_D:[2790.07799345 1997.5773495 ],[2780.84383158 2276.16630586],[2161.26135643 2212.8421605 ],[2170.48500317 1934.85286059]
DJI_20250301093331_0491_D:[2824.30733129 1638.59036995],[2815.26567867 1917.03692058],[2194.93163845 1854.20194691],[2204.94167495 1576.55739273]
DJI_20250301093334_0493_D:[2764.27399854 2295.35475302],[2754.91801256 2573.04414164],[2136.29476934 2509.32083764],[2144.83533956 2232.06080627]
DJI_20250301093046_0409_D:[1836.67750375 2094.22002457],[1846.23938792 1819.77171139],[2456.50542803 1881.43468155],[2447.19818421 2157.39234992]
DJI_20250301093329_0490_D:[2848.26632398 1311.58158312],[2839.33594149 1588.15018646],[2220.03547634 1525.67277772],[2230.82381584 1250.10048951]
DJI_20250301093044_0408_D:[1855.37891294 1767.88358574],[1865.94384302 1494.44867032],[2475.01476182 1553.98241289],[2465.57375328 1829.08793025]
DJI_20250301093048_0410_D:[1825.96599144 2420.38523912],[1834.27812191 2146.38365841],[2444.64009229 2209.55281194],[2435.72109552 2484.86733213]
DJI_20250301093042_0407_D:[1870.35113039 1447.99630085],[1882.01901913 1176.8083221 ],[2489.08946828 1234.4310412 ],[2479.39831434 1507.47944863]
DJI_20250301093337_0494_D:[2739.49904012 2623.186887  ],[2729.90371153 2898.82589584],[2112.75932239 2834.31953434],[2120.66043625 2558.94045011]
DJI_20250301093431_0521_D:[3152.44110901 1990.15812798],[3162.41138386 1710.50342532],[3776.57924377 1777.97486135],[3767.22646366 2055.62719511]
39
DJI_20250301093431_0521_D:[2178.22896441 2137.56846896],[2189.04332588 1857.46403487],[2813.00793035 1923.53121645],[2802.40254952 2204.18220812]
DJI_20250301093429_0520_D:[2205.1015346 1807.2488203],[2216.6990964  1528.02907549],[2839.54633841 1593.74955232],[2829.0497599  1873.68091692]
DJI_20250301093433_0522_D:[2182.90516132 2462.65691427],[2193.20756911 2184.43436426],[2814.16300656 2251.15022292],[2803.18592666 2529.66455603]
DJI_20250301093721_0606_D:[2468.35327102 1958.79035874],[2457.71906819 2235.9681946 ],[1844.40683975 2169.23085272],[1855.13797779 1893.43950819]
DJI_20250301093719_0605_D:[2494.82780357 1640.2370699 ],[2484.01249909 1916.7077405 ],[1871.1485692  1851.60418123],[1882.90338482 1576.67365373]
DJI_20250301093427_0519_D:[2241.40083917 1493.19910453],[2253.16741872 1217.35502079],[2871.28744314 1281.55054671],[2861.44551556 1558.21201714]
DJI_20250301093723_0607_D:[2437.88578063 2279.69609868],[2427.43012811 2555.87170867],[1815.47378543 2487.46935019],[1825.15272496 2212.50659982]
DJI_20250301093717_0604_D:[2522.32045002 1324.03705161],[2511.28633185 1598.92072692],[1898.91115012 1535.22702225],[1911.73019878 1262.04823592]
DJI_20250301093435_0523_D:[2161.02271912 2794.33303407],[2170.71879997 2518.14541501],[2790.59597912 2585.52388666],[2779.29339773 2861.78670979]
DJI_20250301093333_0492_D:[3749.14801099 1847.3320389 ],[3740.74762673 2123.7669686 ],[3128.32264    2062.11519873],[3137.10012397 1783.77277643]
40
DJI_20250301093334_0493_D:[3269.28707857 1869.42784209],[3260.4401885  2147.48545889],[2640.94431529 2085.16841585],[2650.11744196 1806.49060715]
DJI_20250301093429_0520_D:[2667.88125701 2086.47025674],[2678.69714857 1805.92701495],[3301.35782793 1872.89480798],[3290.89521352 2152.67722605]
DJI_20250301093333_0492_D:[3293.80532287 1573.07392089],[3285.80907658 1850.30941102],[2666.72972368 1787.24239844],[2675.85565665 1509.55630132]
DJI_20250301093337_0494_D:[3245.77064994 2197.73339486],[3235.9046484  2475.63944627],[2616.34862358 2413.84672814],[2625.67381235 2135.14488091]
DJI_20250301093431_0521_D:[2641.31074993 2416.75414169],[2651.96571977 2136.44095415],[3275.10419403 2202.08153997],[3263.90166514 2481.45933788]
DJI_20250301093427_0519_D:[2701.57406599 1769.39559356],[2711.99162819 1491.22785534],[3330.35689136 1558.19324533],[3321.12942275 1835.72934811]
DJI_20250301093339_0495_D:[3218.76936663 2517.51749232],[3208.10958805 2793.82390131],[2589.68964347 2733.02365668],[2598.95135938 2455.73141703]
DJI_20250301093331_0491_D:[3326.00609065 1217.93702161],[3319.10745525 1492.92245722],[2700.99355702 1428.94938502],[2710.01030942 1153.70478283]
DJI_20250301093425_0518_D:[2747.65269476 1450.96254867],[2757.85775457 1175.51826477],[3372.89422609 1243.39348475],[3364.702053   1518.30210153]
DJI_20250301093433_0522_D:[2642.97869737 2739.66816559],[2653.76655692 2462.40539513],[3272.86132084 2526.95026276],[3260.64171184 2803.02629199]
41
DJI_20250301093439_0525_D:[2637.12638955 2237.33265844],[2647.9996504  1958.77271616],[3266.54312384 2025.09958321],[3255.57478973 2302.83598616]
DJI_20250301093437_0524_D:[2654.68063398 1864.94548064],[2665.64783794 1586.48445202],[3284.45564201 1654.04154212],[3274.39921234 1931.93833635]
DJI_20250301093324_0488_D:[3330.54180582 1737.73432237],[3321.60266481 2015.63656891],[2702.2211676  1951.66885824],[2711.88808621 1673.16492038]
DJI_20250301093327_0489_D:[3323.91142706 2061.35787468],[3314.18651827 2339.62750896],[2694.48368912 2277.05941212],[2704.04859369 1997.96406779]
DJI_20250301093441_0526_D:[2608.24132888 2534.85854875],[2619.02730182 2257.70012858],[3236.20321333 2322.96374392],[3224.49304323 2599.13174069]
DJI_20250301093322_0487_D:[3350.05175033 1407.76224291],[3342.39693276 1683.70275334],[2724.73081484 1619.4692098 ],[2734.00921355 1343.09627157]
DJI_20250301093435_0523_D:[2676.24167386 1554.71910576],[2686.95329344 1278.61136009],[3302.99780246 1346.26346864],[3294.04851082 1622.00569777]
DJI_20250301093329_0490_D:[3305.15061655 2404.01667997],[3294.39817046 2680.7824519 ],[2676.31016106 2619.45103933],[2685.96255168 2341.63006883]
DJI_20250301093443_0527_D:[2572.59322803 2867.85525847],[2583.2019087  2593.36448875],[3198.57322052 2657.44043443],[3186.11235035 2930.75848297]
DJI_20250301093713_0602_D:[2060.1263582  1912.54399255],[2049.22037507 2188.71646777],[1444.98959307 2121.37163202],[1456.11111484 1847.71189461]
42
DJI_20250301093054_0413_D:[2083.98962293 2181.08002526],[2092.78416452 1905.27780475],[2707.38178263 1966.52298091],[2698.63802772 2243.08241469]
DJI_20250301093052_0412_D:[2109.78799033 1857.58372715],[2119.41222975 1582.62194185],[2732.64684515 1643.05193528],[2723.90593957 1918.96005602]
DJI_20250301093324_0488_D:[2567.35184148 1875.32463759],[2557.56160228 2153.79508184],[1940.44267058 2089.22412656],[1950.58157562 1812.09923854]
DJI_20250301093322_0487_D:[2590.16295715 1544.17796616],[2580.52189657 1821.41903618],[1964.34507452 1758.90998093],[1975.22469698 1483.17532785]
DJI_20250301093056_0414_D:[2071.59800745 2514.17687736],[2079.61479442 2239.52107526],[2693.20470875 2301.58101196],[2684.37863226 2576.75829008]
DJI_20250301093327_0489_D:[2559.44901965 2200.25978668],[2549.98383426 2478.44617029],[1932.92539818 2412.98717265],[1941.85968338 2135.9369571 ]
DJI_20250301093050_0411_D:[2120.81445538 1539.31357658],[2131.2218763  1266.96447384],[2741.05539953 1326.24462787],[2732.36776271 1599.74457655]
DJI_20250301093321_0486_D:[2623.66828918 1214.92012981],[2613.98527951 1489.49412702],[1999.78897099 1428.45638946],[2011.58196996 1155.52514075]
DJI_20250301093329_0490_D:[2541.60269243 2542.54684565],[2532.2957742  2818.52989211],[1917.3899171  2751.87635199],[1925.23111371 2476.81696808]
DJI_20250301093058_0415_D:[2027.95310972 2838.20437925],[2035.08131133 2565.37972378],[2648.12562977 2628.33174971],[2639.33398792 2901.5537904 ]
43
DJI_20250301093322_0487_D:[3266.9519496  1829.88264857],[3257.86730546 2107.79033111],[2638.63894341 2044.47050162],[2648.20618162 1766.05429413]
DJI_20250301093441_0526_D:[2696.19391588 2111.3835709 ],[2706.97359647 1833.49607398],[3323.37549165 1899.94629309],[3312.8109523  2176.93899618]
DJI_20250301093324_0488_D:[3245.32933318 2162.48402951],[3235.13989677 2440.48404409],[2615.6020464  2377.47425637],[2625.36998253 2098.78406979]
DJI_20250301093439_0525_D:[2725.29280789 1812.21622103],[2735.96495457 1534.63171458],[3352.43173641 1602.10263073],[3342.80534012 1878.95293704]
DJI_20250301093321_0486_D:[3297.77523085 1498.69948496],[3289.57230702 1775.01666444],[2671.91252178 1710.84587496],[2681.48178284 1434.16608679]
DJI_20250301093443_0527_D:[2660.15011674 2447.92234143],[2670.97635098 2170.78789309],[3287.0259058 2236.0859793],[3275.49462024 2512.15308287]
DJI_20250301093327_0489_D:[3237.52682263 2486.39890539],[3226.69818765 2762.91766889],[2608.20068715 2701.43743169],[2617.70778465 2423.9920559 ]
DJI_20250301093437_0524_D:[2742.92034364 1440.62260385],[2753.48148641 1165.21610119],[3368.66940127 1233.79118988],[3360.16586145 1508.7133033 ]
DJI_20250301093319_0485_D:[3324.75527244 1167.45752225],[3317.55593454 1441.06931285],[2701.72054034 1376.055428  ],[2711.19462405 1102.2148054 ]
DJI_20250301093445_0528_D:[2645.65035045 2794.09736037],[2656.55210698 2518.91253479],[3271.80173274 2583.01155753],[3259.21971995 2856.86973664]
44
DJI_20250301093056_0414_D:[2111.72211112 2105.92867864],[2120.72811765 1830.09158617],[2735.3536228  1891.19457055],[2726.62366504 2167.73301547]
DJI_20250301093054_0413_D:[2125.29716919 1770.93671075],[2134.98012424 1495.70288412],[2749.34238613 1555.72959014],[2740.79734187 1831.90119172]
DJI_20250301093322_0487_D:[2546.50468177 1956.5436242 ],[2536.91215642 2235.17158984],[1919.66111738 2170.58472888],[1929.39153192 1893.28997137]
DJI_20250301093321_0486_D:[2580.05563649 1623.22478963],[2570.27748333 1900.95391934],[1953.68339279 1837.73600977],[1964.48178835 1561.47619777]
DJI_20250301093058_0415_D:[2066.70050528 2432.86088062],[2074.98815458 2157.11812264],[2690.34162619 2219.21103512],[2681.49006489 2495.53043409]
DJI_20250301093324_0488_D:[2523.42719101 2289.56845015],[2513.81294106 2567.61771447],[1896.97447183 2501.11222036],[1905.82037701 2224.23146088]
DJI_20250301093052_0412_D:[2152.27296261 1448.52932642],[2162.66416425 1175.83536046],[2774.41520923 1234.85061188],[2765.99390611 1508.67189319]
DJI_20250301093319_0485_D:[2610.1506937  1289.04980802],[2600.28298036 1564.79280721],[1984.5868634  1502.96630932],[1996.37858283 1228.83358789]
DJI_20250301093100_0416_D:[2037.89965218 2749.7378461 ],[2045.26364536 2475.18594846],[2660.9907297  2538.02888344],[2652.19321529 2813.01810571]
DJI_20250301093327_0489_D:[2516.04184673 2614.15895803],[2506.85284859 2890.11879886],[1891.40987502 2822.94146334],[1898.93000071 2547.93863919]
45
DJI_20250301093321_0486_D:[3154.27074257 1925.24806149],[3144.74019346 2203.25271115],[2525.37691547 2139.68026043],[2535.12748944 1861.3914222 ]
DJI_20250301093319_0485_D:[3183.1197417  1589.78165417],[3174.2982452  1866.99780052],[2555.26584714 1802.78553273],[2565.2159281  1525.42874987]
DJI_20250301093322_0487_D:[3121.8241806  2258.89514418],[3111.69752481 2536.60159308],[2492.22767558 2473.69609773],[2501.6801391  2195.55072617]
DJI_20250301093443_0527_D:[2808.18257114 2020.87732745],[2818.81732278 1743.39033765],[3433.21244819 1810.18261532],[3423.01719046 2086.53637423]
DJI_20250301093445_0528_D:[2793.79518206 2369.63675325],[2804.78997152 2092.09070517],[3419.86361716 2157.62397667],[3408.34266109 2433.78732238]
DJI_20250301093317_0484_D:[3211.87280913 1263.83214908],[3203.83992536 1538.97027767],[2585.91774074 1474.19096192],[2595.96376685 1199.05587566]
DJI_20250301093441_0526_D:[2844.10645353 1683.64052102],[2854.38070019 1407.3283759 ],[3467.62097818 1475.44315438],[3458.70877506 1750.78609268]
DJI_20250301093324_0488_D:[3098.50459519 2591.45747415],[3087.54156984 2867.32410136],[2469.2254597  2804.59738357],[2478.59413485 2528.09839894]
DJI_20250301093447_0529_D:[2750.81119754 2713.89553256],[2762.14704769 2437.40303994],[3378.11421874 2501.84951206],[3365.30389173 2776.77874428]
DJI_20250301093056_0414_D:[1549.70216963 1809.13404272],[1560.22686911 1536.22987603],[2164.92982258 1593.83171034],[2155.46755573 1869.1578253 ]
46
DJI_20250301092548_0260_D:[3040.17500697 1725.43038502],[3036.87608325 1993.83028898],[2437.58168865 1944.94702557],[2441.44447746 1676.46129436]
DJI_20250301092550_0261_D:[3021.51644488 2040.24040576],[3017.31540251 2308.85343121],[2417.98651838 2259.36955996],[2421.95150236 1990.54837136]
DJI_20250301092546_0259_D:[3061.70302165 1408.77786883],[3058.95932028 1675.94793819],[2460.09539721 1626.7654138 ],[2464.22466111 1359.64744372]
DJI_20250301092552_0262_D:[3018.56360691 2351.03972692],[3013.83116629 2618.59128223],[2415.3626265  2569.47608385],[2419.0605096  2301.53685425]
DJI_20250301092712_0302_D:[2963.69600004 1993.31534487],[2971.22935651 1721.18236058],[3572.56077477 1780.84480512],[3565.40353014 2051.56745233]
DJI_20250301092714_0303_D:[2951.96516802 2317.48259366],[2959.94897911 2045.30816344],[3561.7139156  2103.24575942],[3553.25648972 2373.80523021]
DJI_20250301092326_0189_D:[1660.39532898 1987.71801469],[1664.69119785 1723.99394517],[2250.27484183 1770.11978025],[2246.57103638 2035.73431062]
DJI_20250301092328_0190_D:[1648.86837398 2306.81303546],[1651.7267925  2042.58501068],[2238.74360252 2090.70716811],[2235.69888576 2356.69340086]
DJI_20250301092710_0301_D:[2974.37423563 1672.69421372],[2981.4530767  1402.42060725],[3580.29242182 1463.59491603],[3574.45386082 1732.65430062]
DJI_20250301092544_0258_D:[3076.22306785 1094.02161766],[3074.31047736 1358.55940081],[2477.02218288 1309.75697117],[2481.13695021 1045.41389541]
47
DJI_20250301092324_0188_D:[2229.77815866 1916.37062064],[2233.58593472 1651.35423695],[2825.23440749 1698.43766451],[2822.14477031 1963.95088928]
DJI_20250301092326_0189_D:[2230.37003298 2228.87856657],[2233.76850826 1963.08373024],[2826.97708774 2011.03191879],[2823.52790415 2277.16723611]
DJI_20250301092322_0187_D:[2257.8255675  1605.20935038],[2262.07500532 1342.13951459],[2851.335888   1388.59113612],[2848.56629497 1652.24199285]
DJI_20250301092550_0261_D:[2438.75199325 1795.21634843],[2434.62214718 2064.13892674],[1838.5663707  2014.15775634],[1843.12729364 1746.63319148]
DJI_20250301092328_0190_D:[2219.9910062  2549.52144566],[2222.69286587 2284.12510836],[2816.73106254 2332.22026147],[2813.19646305 2597.8088418 ]
DJI_20250301092552_0262_D:[2435.68923023 2106.29433315],[2431.79688209 2375.11069111],[1835.79966045 2323.62512867],[1839.32680853 2056.03743053]
DJI_20250301092548_0260_D:[2458.12525894 1481.91189081],[2454.13953838 1749.71803647],[1858.59766875 1702.15497346],[1863.81700784 1435.8646143 ]
DJI_20250301092204_0148_D:[3615.15903318 1896.69985479],[3614.75195233 2158.67849143],[3032.18285424 2118.602286  ],[3032.6089537  1855.15331683]
DJI_20250301092202_0147_D:[3642.93129074 1601.39528812],[3643.83291879 1862.56163953],[3062.18432067 1820.95958077],[3062.01863507 1558.3916324 ]
DJI_20250301092320_0186_D:[2278.36761961 1298.89111172],[2283.18715951 1038.64822324],[2869.8247011  1084.81250671],[2867.23286913 1345.75327336]
48
DJI_20250301092552_0262_D:[3082.83976229 1935.34410589],[3078.78038017 2204.01006921],[2479.38007521 2154.49641073],[2483.44797861 1885.53044575]
DJI_20250301092550_0261_D:[3084.83749236 1625.2256908 ],[3081.40290903 1893.30085671],[2482.36608356 1843.5262269 ],[2486.60017831 1575.32616871]
DJI_20250301092554_0263_D:[3061.89932604 2249.88162431],[3057.30179223 2517.77431387],[2458.75777187 2468.7353526 ],[2462.59161871 2200.41966867]
DJI_20250301092548_0260_D:[3101.81312702 1313.02138803],[3099.40308623 1579.21781983],[2501.65936785 1530.06220469],[2505.66481317 1263.85851361]
DJI_20250301092710_0301_D:[2903.76545497 2092.06020822],[2911.5126542  1820.29211441],[3512.70756809 1879.46721509],[3505.11929791 2149.92596232]
DJI_20250301092708_0300_D:[2910.40124722 1754.23355372],[2917.58161701 1484.38996487],[3515.69258296 1544.57263011],[3509.5854687  1813.30469917]
DJI_20250301092712_0302_D:[2892.40788272 2413.27231863],[2900.47433006 2141.41563309],[3502.82879611 2198.95441858],[3494.0506828  2469.29403089]
DJI_20250301092324_0188_D:[1599.60726844 2085.68654128],[1603.42620285 1822.47329003],[2187.15703807 1868.91986098],[2183.69429698 2134.09869322]
DJI_20250301092556_0264_D:[3057.09490847 2565.64761445],[3051.76033588 2831.51259721],[2454.92663078 2782.84214446],[2458.67423385 2516.35377948]
DJI_20250301092322_0187_D:[1627.95507092 1776.30805369],[1633.07565584 1514.26475692],[2215.37699114 1558.32918556],[2211.38284237 1822.41459239]
49
DJI_20250301092322_0187_D:[2249.34996895 2027.39294823],[2252.96524643 1762.50447829],[2844.02795984 1809.79297184],[2840.86381883 2075.04766928]
DJI_20250301092324_0188_D:[2222.10411539 2339.39200883],[2225.20832986 2074.2016173 ],[2817.43885894 2121.99427056],[2814.01629043 2387.46454266]
DJI_20250301092320_0186_D:[2268.91304059 1718.78944088],[2273.1503721  1455.11382863],[2862.78466753 1502.29353698],[2859.74639644 1766.45093137]
DJI_20250301092552_0262_D:[2445.14105733 1677.50860942],[2440.90605389 1946.22901566],[1844.85576246 1896.78953164],[1849.80468261 1629.52068925]
DJI_20250301092554_0263_D:[2424.09314623 1992.22624412],[2420.11913535 2261.10311138],[1824.45648566 2210.14261385],[1828.37230499 1942.59967988]
DJI_20250301092326_0189_D:[2223.37630961 2650.85302041],[2226.0479622  2386.54477956],[2818.60962015 2434.95887444],[2814.83952722 2699.38598644]
DJI_20250301092550_0261_D:[2448.54149327 1368.58244383],[2444.09646651 1635.71921432],[1849.25432739 1588.04508645],[1855.20519028 1322.53307334]
DJI_20250301092318_0185_D:[2285.76745669 1404.71709333],[2290.490775   1143.50756975],[2877.7599767  1190.24751744],[2875.00443835 1452.05794445]
DJI_20250301092556_0264_D:[2420.12929148 2308.83397442],[2416.28429166 2576.73334942],[1821.41028615 2524.03623848],[1824.37664584 2257.28643322]
DJI_20250301092206_0149_D:[3609.49581595 1789.07142537],[3609.49905781 2051.36369354],[3025.90233871 2010.42535035],[3026.21361598 1746.7473756 ]
50
DJI_20250301092554_0263_D:[3079.26033226 1851.16747048],[3075.38665068 2119.82284438],[2475.93419334 2070.22045545],[2480.04640683 1801.33634045]
DJI_20250301092552_0262_D:[3099.32154742 1537.41516933],[3096.04853181 1805.2839379 ],[2496.88959547 1755.35477593],[2501.16993863 1487.3761173 ]
DJI_20250301092556_0264_D:[3075.5775593  2167.92577323],[3070.93332698 2436.18678427],[2471.97458263 2386.69147309],[2476.04253371 2118.00798485]
DJI_20250301092708_0300_D:[2887.63217344 2156.20787759],[2895.31348082 1885.17496495],[3494.99892889 1943.65640185],[3487.36330931 2213.36674755]
DJI_20250301092550_0261_D:[3100.32441563 1230.1218491 ],[3097.71014039 1495.82706585],[2500.0865601  1445.86277337],[2504.49721109 1180.219097  ]
DJI_20250301092706_0299_D:[2905.69854197 1807.02658628],[2912.80630026 1537.99183371],[3508.71018339 1597.50920536],[3502.5295613  1865.37152278]
DJI_20250301092558_0265_D:[3061.4974356  2476.20938498],[3056.2367894  2742.75967867],[2458.88679531 2693.73340609],[2462.79704077 2426.59591908]
DJI_20250301092710_0301_D:[2880.18675629 2494.70000314],[2888.37568451 2223.54062875],[3489.78612667 2280.75452299],[3480.71296722 2550.37975426]
DJI_20250301092320_0186_D:[1630.42677223 1859.6967554 ],[1635.3748342  1597.26851171],[2218.15162161 1642.43532756],[2214.12021975 1906.84283275]
DJI_20250301092322_0187_D:[1611.3064549  2166.65765001],[1614.78808011 1903.63054689],[2198.34515049 1950.67040225],[2195.02492743 2215.56590175]
51
DJI_20250301092330_0191_D:[2268.31089568 2070.24769079],[2271.67012928 1804.05660895],[2865.63933459 1851.2099346 ],[2862.62590713 2117.73150767]
DJI_20250301092328_0190_D:[2273.53488137 1754.74933571],[2277.48458338 1489.7086908 ],[2870.01266945 1536.55497986],[2867.18856317 1802.10146978]
DJI_20250301092332_0192_D:[2262.07102444 2398.02394207],[2264.72424683 2131.56586165],[2860.08955868 2178.69952959],[2856.97045708 2445.29886831]
DJI_20250301092546_0259_D:[2424.4518926  1965.87351338],[2420.74798803 2234.7862045 ],[1824.93374868 2184.64259471],[1828.68140193 1917.06263167]
DJI_20250301092544_0258_D:[2441.38458778 1646.99737709],[2437.58989329 1915.60903114],[1841.51907502 1867.41525627],[1846.17662329 1600.28125503]
DJI_20250301092326_0189_D:[2285.74474168 1436.10613298],[2290.25942042 1173.79680382],[2879.65951997 1220.19442337],[2877.03317234 1483.15309602]
DJI_20250301092334_0193_D:[2233.27386129 2703.01055837],[2236.44431589 2437.81380436],[2831.48569435 2487.59387425],[2827.05613532 2752.79398848]
DJI_20250301092548_0260_D:[2402.36293792 2284.16109193],[2399.04920093 2551.95158015],[1804.72665823 2500.5248752 ],[1807.2566668  2233.93178698]
DJI_20250301092542_0257_D:[2456.78254872 1318.25078904],[2452.73862397 1584.66328099],[1858.56993212 1538.29001677],[1864.34343455 1273.51592117]
DJI_20250301092158_0145_D:[3625.9699769  1775.18988552],[3626.40677678 2036.29092386],[3045.56977521 1996.35319975],[3045.45494819 1733.8210403 ]
52
DJI_20250301092544_0258_D:[3072.18401388 1886.90435359],[3068.75333711 2155.60649219],[2469.1593114  2107.10287952],[2472.78825548 1838.15673385]
DJI_20250301092542_0257_D:[3085.20755609 1556.67061682],[3082.4259556 1824.1585363],[2484.03961062 1775.37550472],[2487.88817322 1507.81197169]
DJI_20250301092546_0259_D:[3055.28250512 2206.1361105 ],[3051.09904821 2474.21285257],[2452.35694666 2425.77773886],[2455.92068326 2157.30665997]
DJI_20250301092718_0305_D:[2929.56687637 2166.39611165],[2937.29962209 1894.64961826],[3537.95245768 1953.21417334],[3530.14639461 2223.47147961]
DJI_20250301092540_0256_D:[3105.04389278 1241.60950361],[3103.02439204 1506.85807199],[2506.25473441 1458.14977726],[2510.13073327 1192.96441612]
DJI_20250301092716_0304_D:[2947.67463947 1837.58230815],[2955.0482929  1566.39425952],[3555.01648527 1626.76480898],[3548.41338035 1896.66461149]
DJI_20250301092548_0260_D:[3032.2085168  2523.07668724],[3027.56580715 2789.10313958],[2430.84472333 2741.39908085],[2434.03963305 2474.83362248]
DJI_20250301092332_0192_D:[1642.33514971 2160.12178212],[1645.46098146 1895.35887443],[2233.27585912 1941.75055245],[2230.33058619 2208.33902621]
DJI_20250301092330_0191_D:[1650.54226634 1834.45762869],[1655.21354008 1570.91024799],[2240.82178695 1615.25152912],[2237.13932384 1880.79881543]
DJI_20250301092720_0306_D:[2915.63955071 2476.71681909],[2923.59320358 2206.07585274],[3523.08495125 2262.49461074],[3514.2636164  2531.44388163]
53
DJI_20250301092332_0192_D:[2385.18675669 1999.71755248],[2388.3358922  1733.05114054],[2983.2285541  1779.94093243],[2980.58715171 2046.666037  ]
DJI_20250301092334_0193_D:[2357.21485866 2306.84919251],[2361.10921022 2039.85585705],[2956.89260787 2089.25105336],[2952.72407936 2356.17001547]
DJI_20250301092330_0191_D:[2392.1121724  1672.66577605],[2395.77735255 1407.8896471 ],[2988.10146266 1454.87886126],[2985.74562685 1719.90166565]
DJI_20250301092336_0194_D:[2350.28814122 2619.97398148],[2353.24845588 2354.17415048],[2948.61335339 2402.23238487],[2944.57857955 2667.78741403]
DJI_20250301092542_0257_D:[2331.11613175 1716.85825187],[2327.23256606 1985.12792899],[1733.71190665 1936.64472322],[1738.33245159 1670.09676597]
DJI_20250301092156_0144_D:[3523.5126106  1853.98523643],[3523.54301693 2115.25320002],[2941.65098701 2075.55047449],[2941.76856872 1813.07827189]
DJI_20250301092544_0258_D:[2315.82855208 2048.26764272],[2312.41231145 2317.00630561],[1718.31738003 2266.56585086],[1721.5951571  1999.39372607]
DJI_20250301092154_0143_D:[3526.64449281 1567.37867503],[3527.6847564  1827.67864471],[2946.64566596 1786.55507905],[2946.45105139 1525.1899234 ]
DJI_20250301092158_0145_D:[3510.87897498 2166.86472826],[3509.80024629 2428.01800415],[2927.78966912 2389.9580523 ],[2928.25289543 2127.45686759]
DJI_20250301092328_0190_D:[2397.84245709 1359.16516667],[2401.91942412 1097.10308107],[2991.66158325 1143.87218839],[2989.67194764 1406.35428941]
54
DJI_20250301092542_0257_D:[2786.49202758 1962.49245026],[2782.91611121 2231.19453646],[2184.26467957 2182.14636245],[2187.92188784 1913.88559149]
DJI_20250301092540_0256_D:[2808.09954606 1644.0809209 ],[2804.84444302 1912.18886052],[2206.53041759 1863.87191116],[2210.65966253 1596.34592486]
DJI_20250301092334_0193_D:[1907.09026258 2061.260339  ],[1911.51752359 1795.27270146],[2504.07698078 1843.89669877],[2500.02220977 2111.07235261]
DJI_20250301092544_0258_D:[2772.11591007 2294.58550534],[2768.35867643 2562.72370388],[2169.85872083 2513.29589368],[2172.81851512 2245.43280574]
DJI_20250301092332_0192_D:[1934.97174704 1757.36207889],[1939.22308022 1492.60446138],[2530.35066833 1537.32754883],[2527.25486197 1803.39589979]
DJI_20250301092336_0194_D:[1899.77553623 2375.22787595],[1902.67684823 2109.47697441],[2495.56815495 2158.25199781],[2492.24491419 2425.02654843]
DJI_20250301092538_0255_D:[2823.08956277 1308.1309233 ],[2820.29909707 1574.31010879],[2223.21508808 1527.10387909],[2227.71144068 1261.66972933]
DJI_20250301092330_0191_D:[1944.29907865 1432.83985237],[1949.66339063 1170.94802053],[2537.40771095 1214.23095152],[2533.99663992 1477.61688998]
DJI_20250301092338_0195_D:[1880.58143025 2687.65631194],[1882.44205533 2423.49492906],[2474.39292985 2473.52063634],[2471.30984469 2738.58407805]
DJI_20250301092546_0259_D:[2754.68326853 2612.63029316],[2750.62154815 2878.44127677],[2154.28618024 2828.42851649],[2156.72336216 2562.74330959]
55
DJI_20250301092336_0194_D:[2370.58136606 2181.29489151],[2374.0580032  1914.26363948],[2969.65359955 1962.40390118],[2966.1967563  2229.39297374]
DJI_20250301092334_0193_D:[2379.0347577  1866.82824434],[2383.39048578 1600.361625  ],[2978.09699482 1649.6042193 ],[2974.55376922 1916.19759388]
DJI_20250301092338_0195_D:[2349.64559981 2496.28070858],[2352.74646943 2229.99439813],[2948.15786369 2278.10085352],[2944.28330534 2544.21521398]
DJI_20250301092332_0192_D:[2405.71536851 1560.75471272],[2409.24390335 1296.32944925],[3001.77542954 1342.90184302],[2999.83458292 1607.57868265]
DJI_20250301092540_0256_D:[2331.89094881 1840.57003303],[2328.24674957 2108.90511615],[1734.94306222 2059.88230397],[1739.01298079 1793.20866711]
DJI_20250301092154_0143_D:[3513.00764206 1996.94130282],[3512.44944955 2257.90724801],[2931.25312818 2218.78499396],[2931.61526853 1956.57611797]
DJI_20250301092152_0142_D:[3525.45254381 1691.1722369 ],[3526.10476855 1951.54652312],[2945.64663453 1911.18166539],[2945.54267572 1649.68544606]
DJI_20250301092538_0255_D:[2348.33545535 1503.62423435],[2344.47428389 1770.88739498],[1751.73420861 1724.34227558],[1756.85931798 1458.90208177]
DJI_20250301092542_0257_D:[2309.65461853 2159.10004261],[2306.34862273 2427.20045885],[1713.44088721 2376.13938912],[1716.37098316 2109.5674428 ]
DJI_20250301092156_0144_D:[3508.20018422 2284.66219289],[3506.64875778 2545.04694226],[2925.75777598 2507.55096049],[2926.40731989 2245.77142159]
56
DJI_20250301093106_0419_D:[2120.60344881 2012.07704398],[2129.98374814 1735.66836543],[2745.95530181 1796.94613299],[2737.12892908 2074.1114172 ]
DJI_20250301093108_0420_D:[2102.52923426 2339.77868661],[2111.16453682 2063.39232611],[2727.51262415 2125.51848393],[2718.54962041 2402.47308907]
DJI_20250301093311_0481_D:[2568.52521675 1690.10636696],[2558.76385706 1967.94724302],[1942.33032608 1904.44777168],[1952.88022396 1627.99896406]
DJI_20250301093104_0418_D:[2146.97838775 1681.31027777],[2156.86252506 1406.37450278],[2771.28934205 1466.2659745 ],[2762.84930874 1742.12088817]
DJI_20250301093313_0482_D:[2540.92002859 2031.12696332],[2531.01766391 2309.34805761],[1914.53933636 2243.77114304],[1924.33779306 1966.77822397]
DJI_20250301093309_0480_D:[2577.89409494 1370.85306708],[2568.22008309 1646.90206161],[1953.1906597  1585.35000908],[1964.49589788 1310.88517718]
DJI_20250301093110_0421_D:[2076.00808639 2655.48660157],[2083.81841676 2380.6067311 ],[2699.19286616 2443.35857537],[2690.21412    2718.67561343]
DJI_20250301093314_0483_D:[2513.01428442 2348.97636497],[2503.20601452 2626.14315265],[1887.83760884 2559.06655737],[1896.71077563 2282.97660831]
DJI_20250301093102_0417_D:[2169.39598124 1355.72099372],[2179.91939913 1083.76092067],[2791.45460452 1142.61452245],[2783.2324274  1415.66011612]
DJI_20250301093307_0479_D:[2602.59338881 1044.42578754],[2593.17622813 1317.77182226],[1979.21949662 1258.44433183],[1991.16526469  986.86157537]
57
DJI_20250301093313_0482_D:[2941.13897732 1850.0379307 ],[2931.37249165 2128.43943709],[2311.42247084 2063.97615527],[2321.57797676 1785.86712605]
DJI_20250301093314_0483_D:[2913.4862844  2168.25532495],[2903.24141827 2446.40549253],[2283.66102392 2381.54364625],[2293.46865821 2103.52760914]
DJI_20250301093311_0481_D:[2967.50823113 1509.52251107],[2958.49525436 1786.6815093 ],[2339.37205641 1723.12523557],[2349.66375837 1446.42602057]
DJI_20250301093104_0418_D:[1752.95863956 1862.99722653],[1763.0463758  1588.08776112],[2374.25164629 1647.16264007],[2365.12847041 1923.9210237 ]
DJI_20250301093106_0419_D:[1727.10072516 2192.57437975],[1736.06568596 1917.04700875],[2348.04792675 1978.64127294],[2339.14833192 2255.85802194]
DJI_20250301093309_0480_D:[2975.02524599 1191.86306449],[2966.66219352 1466.43721468],[2349.5135608  1403.74979018],[2359.99749628 1129.82780114]
DJI_20250301093317_0484_D:[2875.29172903 2507.34538259],[2864.83415777 2783.22506493],[2247.97766861 2718.51307299],[2257.09644651 2442.62150994]
DJI_20250301093451_0531_D:[3040.63617165 2118.79888654],[3051.56010865 1840.75397167],[3663.58533323 1908.10863024],[3652.84258041 2184.30041949]
DJI_20250301093102_0417_D:[1775.67840219 1537.14373565],[1786.99568601 1264.39111565],[2396.01226602 1321.30805869],[2386.52412357 1596.07546192]
DJI_20250301093108_0420_D:[1710.39023215 2518.25838999],[1718.00017119 2243.59426284],[2329.69491027 2307.15081465],[2321.25791476 2583.32296002]
58
DJI_20250301093104_0418_D:[2229.74767159 2141.63910733],[2238.69239368 1864.26459731],[2856.77817539 1925.79371481],[2848.05880835 2203.54086411]
DJI_20250301093102_0417_D:[2250.9583936  1812.83899762],[2260.49149886 1536.52274687],[2877.06922392 1597.59651584],[2868.62809028 1874.45304643]
DJI_20250301093106_0419_D:[2204.13930224 2473.15424271],[2212.62244694 2196.29478887],[2830.81569055 2258.62824036],[2821.6545066  2535.69214776]
DJI_20250301093314_0483_D:[2429.73084815 1885.58155621],[2419.61987788 2164.35639541],[1803.43439642 2098.93758965],[1813.85405682 1821.80622454]
DJI_20250301093313_0482_D:[2457.89122647 1568.00685042],[2447.65383141 1845.96688088],[1831.68616205 1782.61170545],[1843.05944236 1506.44624311]
DJI_20250301093100_0416_D:[2278.21061988 1490.12392648],[2288.03945975 1216.49647755],[2901.49206234 1276.54913242],[2893.5978204  1550.86173864]
DJI_20250301093317_0484_D:[2392.55153902 2226.12329432],[2382.88113679 2503.76127533],[1768.90124128 2436.73883941],[1777.97678807 2160.60377532]
DJI_20250301093108_0420_D:[2187.05808023 2799.05973611],[2194.84702943 2524.21864113],[2811.9600846  2586.77361717],[2802.59413806 2861.62398568]
DJI_20250301093311_0481_D:[2485.58051463 1229.82253202],[2475.44119779 1505.39308917],[1860.95752459 1444.722813  ],[1873.12777179 1171.11356979]
DJI_20250301092928_0370_D:[3791.65207913 1956.37518036],[3784.43826085 2230.85275691],[3176.91770115 2174.50733451],[3184.1322055  1897.92975248]
59
DJI_20250301093314_0483_D:[3203.87529124 1740.33750835],[3194.48711146 2018.56935867],[2574.16023853 1953.95825188],[2584.26389694 1675.39828157]
DJI_20250301093317_0484_D:[3166.07573795 2080.41950435],[3155.95249111 2358.33278513],[2536.74476761 2294.54496902],[2546.6807843  2016.16256293]
DJI_20250301093449_0530_D:[2778.88031152 2203.91989081],[2790.14168913 1925.40372997],[3406.9612553  1992.65552672],[3395.63798636 2269.9496464 ]
DJI_20250301093313_0482_D:[3229.81460734 1423.96577253],[3221.36923059 1700.66010229],[2602.07847357 1635.84910398],[2612.06542262 1358.98065758]
DJI_20250301093447_0529_D:[2803.45028537 1894.82952615],[2814.27083981 1617.12875268],[3429.52796895 1685.06595211],[3419.45036778 1961.71621533]
DJI_20250301093319_0485_D:[3135.21531588 2408.88467267],[3124.51853862 2685.32805487],[2506.83239782 2622.49839247],[2516.45046534 2345.42605039]
DJI_20250301093451_0531_D:[2748.30554097 2545.78697385],[2759.62927553 2267.8716106 ],[3377.06404943 2333.45016985],[3364.76281538 2609.95572719]
DJI_20250301093445_0528_D:[2845.07652826 1551.34420458],[2855.28447699 1276.2999931 ],[3466.89659734 1344.90833573],[3458.35371757 1619.05600064]
DJI_20250301093311_0481_D:[3253.40618172 1087.72154165],[3246.21238898 1361.23894104],[2629.25955867 1296.69094424],[2638.89014371 1023.15900697]
DJI_20250301093102_0417_D:[1491.13507797 1960.88820224],[1501.15547527 1686.56189513],[2107.71390293 1745.72547953],[2098.3854587  2022.54317631]
60
DJI_20250301093100_0416_D:[2146.81745741 1904.3616446 ],[2156.21811101 1628.55138093],[2771.21134313 1689.14347434],[2762.64745785 1965.69291012]
DJI_20250301093102_0417_D:[2119.99586635 2228.31364515],[2128.84897682 1951.56337863],[2745.63304785 2013.32044775],[2736.76670218 2290.66500698]
DJI_20250301093317_0484_D:[2526.44764947 1809.24822098],[2516.43155096 2087.24616345],[1900.58990776 2022.63812586],[1911.13542902 1746.08088714]
DJI_20250301093058_0415_D:[2177.90889168 1587.88199418],[2187.90290708 1314.42214085],[2799.88722547 1374.10042432],[2791.56324284 1648.43600074]
DJI_20250301093319_0485_D:[2496.06576528 2138.31320188],[2486.35784938 2415.89166506],[1871.57734502 2350.04364761],[1880.93385514 2073.75923538]
DJI_20250301093314_0483_D:[2564.07447488 1469.54391264],[2553.90572784 1746.81725036],[1937.30406915 1683.63327861],[1948.90004765 1407.94349084]
DJI_20250301093104_0418_D:[2099.9581687  2555.87993258],[2107.97320323 2279.86359543],[2724.9195722  2342.19586679],[2716.01636633 2618.63879396]
DJI_20250301093313_0482_D:[2591.82781108 1155.48443034],[2581.78259582 1430.24123612],[1966.69388681 1368.98192743],[1978.98851033 1095.9632801 ]
DJI_20250301093321_0486_D:[2466.63635623 2474.04646982],[2457.34268795 2749.83732187],[1844.50753226 2682.76249586],[1852.53573352 2408.12724052]
DJI_20250301093056_0414_D:[2224.48737744 1264.64602791],[2234.8344493   994.59020975],[2843.49556019 1053.16128529],[2835.6397515 1324.2168424]