1
DJI_20250516103144_0424_D:[2263.09531908 2125.70758639],[2267.45789044 1832.73122058],[2921.08114739 1886.12601692],[2917.122244   2179.48287059]
DJI_20250516103142_0423_D:[2308.32627158 1768.73272614],[2313.06528738 1477.22267225],[2964.70329707 1529.85689911],[2961.45519424 1821.8414653 ]
DJI_20250516103146_0425_D:[2254.45962466 2470.88767369],[2258.30967805 2178.42486857],[2912.04526439 2232.4441813 ],[2907.5272004  2525.09374932]
DJI_20250516103302_0463_D:[2349.40107865 1800.6303466 ],[2348.07043809 2093.48406885],[1700.64154008 2045.91299634],[1702.53104528 1755.16579975]
DJI_20250516103140_0422_D:[2319.80590875 1416.82917924],[2324.78847039 1128.6322205 ],[2972.86242635 1180.15183606],[2970.37502931 1468.99157912]
DJI_20250516103304_0464_D:[2355.66787661 2124.57937263],[2354.56696786 2417.20731901],[1707.26819047 2367.1689863 ],[1707.98137394 2076.43554878]
DJI_20250516103300_0462_D:[2390.27403451 1457.42557641],[2388.66694101 1749.06480017],[1741.28233915 1703.99337296],[1744.44395403 1414.535659  ]
DJI_20250516103148_0426_D:[2229.09175807 2812.96248651],[2232.30803974 2522.61360067],[2885.18476752 2577.09144265],[2880.2103961  2867.44864652]
DJI_20250516102920_0352_D:[3770.7807997  1928.57686984],[3771.09180996 2219.67637675],[3124.73063708 2177.98449126],[3124.26482529 1884.81847006]
DJI_20250516102918_0351_D:[3780.30146802 1600.76332297],[3782.5277783  1890.57619904],[3137.75268919 1846.7088228 ],[3136.43208697 1555.03925598]
2
DJI_20250516103304_0464_D:[3134.77473888 1931.0323949 ],[3133.47929923 2223.50551015],[2480.49113257 2176.55467228],[2481.86088074 1883.69616964]
DJI_20250516103302_0463_D:[3127.29590113 1607.76898205],[3126.89655503 1899.62113877],[2474.11054927 1852.62095241],[2475.53134415 1560.60235515]
DJI_20250516103306_0465_D:[3143.44323371 2291.48732921],[3141.05643261 2582.89129926],[2489.34540784 2536.10350401],[2490.7625806  2244.08617514]
DJI_20250516103522_0533_D:[2831.14525095 1946.16090908],[2832.60824407 1656.52318478],[3476.38888577 1705.13413649],[3475.76577575 1993.96249999]
DJI_20250516103524_0534_D:[2831.1079304  2300.54282581],[2833.23950539 2011.10297808],[3476.38674971 2059.29886209],[3474.00830252 2347.71541523]
DJI_20250516103300_0462_D:[3165.35206825 1266.9219334 ],[3165.9124452  1556.49584884],[2514.671724   1509.25905354],[2516.12617248 1219.60354442]
DJI_20250516103520_0532_D:[2839.72589977 1579.30371495],[2840.57557083 1291.99287529],[3481.90163233 1340.97880744],[3482.95015992 1627.6482266 ]
DJI_20250516103526_0535_D:[2830.96551434 2634.34298165],[2833.4345985  2347.20207763],[3473.78645299 2394.03121847],[3470.01645774 2679.92694714]
DJI_20250516103142_0423_D:[1538.17878409 1955.07695918],[1543.70812962 1665.71847149],[2185.19647903 1716.12338064],[2180.6518493  2008.21035184]
DJI_20250516103308_0466_D:[3130.01439685 2644.65681966],[3126.81361779 2933.26599046],[2477.57178009 2887.34127229],[2478.73191917 2597.93032745]
3
DJI_20250516103142_0423_D:[2553.27044764 2249.69835359],[2557.18854435 1963.59947278],[3194.24930741 2015.53035279],[3190.30159393 2301.05498096]
DJI_20250516103140_0422_D:[2563.62616616 1903.37886314],[2567.44535279 1618.25637829],[3202.67352769 1670.25070285],[3199.77547334 1954.97127293]
DJI_20250516102922_0353_D:[3489.86036818 1799.970325  ],[3490.67279561 2084.87171987],[2855.3269733  2042.87320233],[2854.78579544 1756.8828081 ]
DJI_20250516103144_0424_D:[2509.5226129  2597.79375136],[2513.36851568 2312.55012355],[3150.89142428 2364.18773809],[3145.99252147 2648.75771984]
DJI_20250516103138_0421_D:[2572.10320097 1580.26632236],[2575.80287583 1296.93439874],[3209.49329564 1348.83325814],[3207.55951449 1631.96893248]
DJI_20250516102924_0354_D:[3469.13832628 2143.80105599],[3468.55566487 2428.65430181],[2832.9237651  2388.17009423],[2832.70274331 2102.06486602]
DJI_20250516102920_0352_D:[3501.97362176 1459.41022999],[3504.25247748 1743.20149034],[2869.15874468 1699.89126377],[2868.20191511 1415.20580915]
DJI_20250516102926_0355_D:[3467.97670514 2489.6468557 ],[3465.81780262 2773.41757177],[2829.86833655 2733.89869319],[2830.20854397 2448.69332599]
DJI_20250516103306_0465_D:[2131.15560931 1998.30678306],[2129.67588363 2283.53769779],[1503.19366754 2234.41807217],[1504.77653317 1951.74092573]
DJI_20250516103136_0420_D:[2578.93784581 1250.62219398],[2582.40300378  970.42544345],[3213.68597266 1021.84240508],[3212.89370499 1302.03036438]
4
DJI_20250516103140_0422_D:[2073.81645061 2111.26226079],[2077.94371923 1822.42013337],[2722.36072351 1874.28350902],[2718.6198091  2164.03459026]
DJI_20250516103306_0465_D:[2611.74138837 1785.93069518],[2610.15861371 2075.79510493],[1965.72359937 2028.08322591],[1967.98112941 1739.54811828]
DJI_20250516103138_0421_D:[2082.62712058 1784.39523394],[2087.31776661 1496.51708616],[2730.6733298  1546.78796806],[2727.25140139 1835.78584089]
DJI_20250516103142_0423_D:[2063.17425968 2460.84225107],[2066.62646712 2172.04253275],[2712.10487138 2225.472684  ],[2708.04328893 2515.00960089]
DJI_20250516103308_0466_D:[2599.5366546  2137.57066032],[2597.98087711 2427.13433618],[1954.2534243  2378.00558925],[1955.4575421  2089.60159199]
DJI_20250516103304_0464_D:[2602.55934489 1430.35383367],[2601.19856626 1718.85214753],[1957.44468676 1673.34415101],[1960.48017573 1386.37907633]
DJI_20250516103136_0420_D:[2090.45382502 1450.11963048],[2095.63564475 1164.54329298],[2737.12783004 1212.77300998],[2734.16036431 1499.66359617]
DJI_20250516103310_0467_D:[2591.31615905 2489.11695695],[2589.86634522 2776.37108023],[1948.6847976  2726.13692262],[1948.71004258 2439.85437877]
DJI_20250516103144_0424_D:[2020.46029258 2810.62186463],[2022.9641878  2523.89475652],[2667.55677214 2578.72403306],[2663.37498479 2866.08711037]
DJI_20250516103302_0463_D:[2595.87037076 1114.03641607],[2594.62026947 1399.76033875],[1952.85011293 1356.33743718],[1956.6801785  1072.34173134]
5
DJI_20250516103308_0466_D:[3174.1064508  1968.55782903],[3172.54308705 2261.911867  ],[2517.66078704 2214.36877621],[2519.28181567 1920.54469433]
DJI_20250516103306_0465_D:[3185.55071845 1613.27231843],[3184.91535827 1906.04368536],[2530.04660755 1857.91821326],[2531.81190102 1564.85787238]
DJI_20250516103520_0532_D:[2799.82172525 2251.91104748],[2801.37493536 1960.70641847],[3448.63697522 2008.12517281],[3446.95028088 2298.36008868]
DJI_20250516103518_0531_D:[2821.22437254 1937.03236239],[2822.43780015 1646.96877602],[3467.12469241 1695.10696543],[3466.69045359 1984.30373365]
DJI_20250516103310_0467_D:[3164.98235183 2324.98631257],[3162.53126851 2616.85916232],[2509.56433574 2570.20823212],[2510.94961167 2277.67391129]
DJI_20250516103304_0464_D:[3174.23072362 1254.58399562],[3174.72655005 1545.09303579],[2520.99202127 1497.18106834],[2522.66837746 1206.60363971]
DJI_20250516103522_0533_D:[2789.88236797 2619.9268963 ],[2791.95634593 2329.77284289],[3439.19777152 2376.542886  ],[3435.90114722 2665.53474831]
DJI_20250516103516_0530_D:[2833.21247212 1588.77177706],[2834.3836029  1302.35433609],[3473.2779862  1351.87694158],[3473.8604044  1637.58113694]
DJI_20250516103138_0421_D:[1508.43002317 1948.74512842],[1513.43581009 1658.64159144],[2156.23744398 1708.29017181],[2152.09001322 2001.21263389]
DJI_20250516103140_0422_D:[1500.16901807 2276.8893705 ],[1503.7553472 1986.5327521],[2147.24018639 2039.69699022],[2143.59174139 2332.65701478]
6
DJI_20250516103518_0531_D:[2210.40455262 2131.3579444 ],[2212.13854409 1840.9776646 ],[2860.70455096 1888.07152503],[2859.27198731 2179.32060658]
DJI_20250516103516_0530_D:[2226.16330085 1780.87902098],[2228.79126813 1493.16953229],[2872.41847631 1539.57005452],[2871.07485442 1828.26778399]
DJI_20250516103520_0532_D:[2188.11182231 2445.86089761],[2189.299681   2155.28684217],[2839.40384548 2203.60160819],[2837.59975964 2494.95456475]
DJI_20250516103648_0576_D:[2407.06359244 1702.08939815],[2404.4208273 1990.7399583],[1765.47155919 1941.73531608],[1768.96011292 1655.12909235]
DJI_20250516103650_0577_D:[2373.27040237 2039.70757155],[2370.94220997 2329.11856308],[1731.06385264 2277.6636672 ],[1733.21433856 1990.15715565]
DJI_20250516103514_0529_D:[2254.07769041 1435.92129073],[2256.61454757 1150.89292553],[2897.8240073  1194.86427224],[2897.57943397 1480.95957845]
DJI_20250516103646_0575_D:[2420.13261847 1356.38686082],[2417.45664308 1643.35988427],[1779.28291644 1597.43714822],[1783.84254212 1312.71243876]
DJI_20250516103522_0533_D:[2179.57874781 2811.3573771 ],[2180.2519823  2522.89149599],[2829.47107719 2572.80994041],[2827.09315744 2861.86157637]
DJI_20250516103308_0466_D:[3783.52413254 1773.59592229],[3783.09466304 2065.19959322],[3136.03837274 2017.96217806],[3137.00646226 1724.0829969 ]
DJI_20250516103652_0578_D:[2374.57160892 2395.6122818 ],[2372.14755309 2681.96700116],[1736.44398478 2627.81179877],[1737.61121685 2342.98888507]
7
DJI_20250516103650_0577_D:[2854.12075968 1858.04677527],[2851.76019737 2145.46614577],[2211.08697561 2096.24372927],[2213.74628642 1809.38887742]
DJI_20250516103648_0576_D:[2885.70545063 1524.10509729],[2883.82602089 1809.86506712],[2245.00397242 1761.49634181],[2248.1825679  1476.44862917]
DJI_20250516103652_0578_D:[2853.15370527 2213.28998428],[2849.89717077 2498.53271787],[2213.21076582 2448.15038484],[2215.70510327 2163.12459237]
DJI_20250516103516_0530_D:[1757.95422056 1963.72171416],[1760.76645958 1679.2991521 ],[2393.71668466 1724.53472954],[2391.68853013 2011.21218027]
DJI_20250516103518_0531_D:[1740.87928498 2310.64374989],[1742.07817295 2024.53639864],[2378.95382175 2072.06077039],[2377.581332   2360.32755707]
DJI_20250516103646_0575_D:[2896.92699857 1182.2924286 ],[2895.79462169 1465.53476584],[2258.34466339 1418.64343052],[2261.79138101 1136.31582715]
DJI_20250516103514_0529_D:[1785.86357916 1623.54776655],[1789.33720545 1340.79295314],[2420.97425434 1382.03549224],[2419.26673346 1667.12100404]
DJI_20250516103654_0579_D:[2841.18329504 2552.15316132],[2837.52513927 2835.0889515 ],[2202.81097875 2784.54045429],[2204.70756124 2501.59239736]
DJI_20250516103856_0640_D:[3143.75713339 2007.79184733],[3146.32745512 1730.45783583],[3757.97276263 1780.81666844],[3756.03415104 2056.53738884]
DJI_20250516103858_0641_D:[3110.83307946 2344.75954846],[3114.20067964 2067.01716957],[3727.13587768 2115.44897767],[3723.45939561 2391.4061915 ]
8
DJI_20250516103856_0640_D:[2689.2166276 2180.0989308],[2692.47869925 1901.43644176],[3312.73062951 1950.95279418],[3309.69751932 2229.16029196]
DJI_20250516103650_0577_D:[3323.43779334 1679.21504117],[3321.83895935 1966.35196182],[2680.56000367 1917.24437981],[2682.92141315 1629.38669352]
DJI_20250516103652_0578_D:[3321.09858994 2035.97158418],[3317.8061433  2321.75091384],[2680.33455364 2272.99586217],[2683.31512182 1986.16353343]
DJI_20250516103854_0639_D:[2717.87616432 1840.70820368],[2720.95095941 1562.54823876],[3340.95562109 1612.49478963],[3339.0887269  1890.36759402]
DJI_20250516103858_0641_D:[2655.95341463 2517.79231413],[2659.29353806 2239.55457854],[3280.0681387  2288.57185317],[3276.00881264 2566.18561431]
DJI_20250516103648_0576_D:[3351.97585387 1346.98637707],[3351.63028537 1631.56340303],[2713.08029437 1581.79004274],[2715.19300335 1296.65551237]
DJI_20250516103654_0579_D:[3309.06921359 2375.65996371],[3304.61803227 2659.96011207],[2668.59068814 2612.54429424],[2671.72225524 2326.96034539]
DJI_20250516103852_0638_D:[2740.01563935 1509.10730287],[2743.0888793  1232.51899864],[3362.70480499 1283.34292098],[3361.77742415 1559.81238507]
DJI_20250516103900_0642_D:[2630.17982968 2851.9901261 ],[2633.60987302 2575.54567937],[3254.38288975 2624.30996902],[3249.23170599 2899.99923779]
DJI_20250516103646_0575_D:[3360.46521369 1007.07541461],[3361.63576252 1288.24004327],[2725.07385968 1238.41142037],[2726.69647682  956.89519428]
9
DJI_20250516103312_0468_D:[3062.81359496 1780.33339967],[3061.7032008  2070.77405199],[2413.10866733 2023.51975098],[2414.78377509 1733.09870744]
DJI_20250516103314_0469_D:[3061.7987539  2153.90233125],[3059.71758023 2444.50329717],[2410.58976645 2397.09466561],[2412.04615277 2106.24419745]
DJI_20250516103310_0467_D:[3078.52411555 1425.54971104],[3078.18455609 1713.93612555],[2431.42483621 1666.61296389],[2433.47607751 1378.41862494]
DJI_20250516103514_0529_D:[2937.6860694  2132.60519366],[2938.7507851  1846.77855302],[3571.99303819 1893.03689128],[3570.99340373 2177.47945113]
DJI_20250516103316_0470_D:[3048.16322125 2497.72973892],[3045.35667703 2786.21580718],[2398.02751628 2739.23559789],[2399.08081434 2450.30615141]
DJI_20250516103512_0528_D:[2960.02610167 1802.54402079],[2961.52755498 1518.71817215],[3591.92998824 1568.32321885],[3591.7335739  1851.20929689]
DJI_20250516103516_0530_D:[2909.20624295 2476.39897313],[2911.33217222 2191.06946377],[3545.10978267 2237.09130838],[3542.06169738 2520.92916451]
DJI_20250516103134_0419_D:[1608.6300825  2151.54963237],[1612.01632868 1863.28890348],[2252.07150502 1913.71494626],[2248.84768387 2204.27807982]
DJI_20250516103132_0418_D:[1616.35615531 1795.02353917],[1621.35724383 1507.48609374],[2260.64000703 1554.59307867],[2256.92469769 1844.62006479]
DJI_20250516103308_0466_D:[3085.12639548 1077.39601712],[3085.54446197 1362.73848347],[2440.26919583 1315.42544246],[2442.63455999 1030.4473186 ]
10
DJI_20250516103512_0528_D:[2377.87908069 1968.5110489 ],[2380.59079636 1681.29602185],[3022.22560067 1729.43786955],[3020.45388413 2017.31993883]
DJI_20250516103514_0529_D:[2354.24909921 2304.67614787],[2355.34883339 2016.18552166],[2999.96711766 2062.69977219],[2998.53145723 2351.41775391]
DJI_20250516103510_0527_D:[2397.81756898 1617.98159892],[2401.02665963 1334.40392312],[3036.99153498 1381.82620352],[3035.70182404 1666.2193814 ]
DJI_20250516103516_0530_D:[2326.08722902 2649.30722888],[2327.31278924 2362.25914129],[2971.38486704 2410.5530099 ],[2968.80504279 2697.71742617]
DJI_20250516103314_0469_D:[3657.71009987 1982.91212702],[3655.83485877 2275.29118944],[3005.92743281 2229.20624746],[3007.57603807 1934.80979496]
DJI_20250516103654_0579_D:[2268.55334301 1869.17395508],[2265.41737854 2156.64886575],[1631.32516117 2105.23358503],[1634.78537626 1819.91318406]
DJI_20250516103312_0468_D:[3655.99696602 1608.05589331],[3656.23226564 1899.34810361],[3007.29981972 1851.16699632],[3008.06040108 1558.15129692]
DJI_20250516103652_0578_D:[2280.72672928 1528.63951756],[2277.1365678  1815.19856675],[1643.53763877 1766.54890986],[1648.45501801 1482.35958317]
DJI_20250516103656_0580_D:[2259.58551702 2194.23462455],[2256.83383777 2481.20336202],[1623.20895026 2427.18313288],[1625.34460737 2142.18616118]
DJI_20250516103508_0526_D:[2428.79261421 1297.51876747],[2431.92483124 1017.27806102],[3064.8114938  1063.37520119],[3064.48730375 1344.50838563]
11
DJI_20250516103132_0418_D:[2099.74173195 2246.47919092],[2102.73477794 1956.7858554 ],[2749.50897461 2007.66393638],[2746.37264663 2298.05937677]
DJI_20250516103130_0417_D:[2112.23602597 1881.04654677],[2116.1138265  1591.62501449],[2762.49241936 1641.46401705],[2759.61138105 1931.74324469]
DJI_20250516103314_0469_D:[2569.58408833 1702.68718672],[2567.90330414 1993.03786452],[1922.71580371 1945.476335  ],[1925.22606231 1656.66037894]
DJI_20250516103316_0470_D:[2556.34886531 2046.27928794],[2554.767621   2336.78333111],[1909.72659269 2287.58080619],[1911.02955836 1998.43204438]
DJI_20250516103128_0416_D:[2138.18631606 1525.96233941],[2142.74262965 1238.63472744],[2787.41237811 1287.32155004],[2784.94750492 1575.60231016]
DJI_20250516103134_0419_D:[2092.89874612 2602.9536802 ],[2095.10391339 2314.81969996],[2740.9835406  2366.87173459],[2737.50927767 2655.5098199 ]
DJI_20250516103312_0468_D:[2571.76021392 1333.35391357],[2570.15725795 1621.12059197],[1927.48747833 1576.03118799],[1931.07416032 1290.03429552]
DJI_20250516103318_0471_D:[2525.61374601 2377.98495687],[2524.43869087 2666.87417325],[1881.27489395 2616.58432831],[1881.1414254  2328.95642656]
DJI_20250516103126_0415_D:[2163.24722202 1176.00458825],[2168.49360644  892.95046896],[2809.18475867  940.48403052],[2807.0905833  1224.65248153]
DJI_20250516103136_0420_D:[2084.33988414 2955.37558735],[2085.73678452 2670.45875263],[2729.67791669 2723.504597  ],[2725.923657  3008.7262667]
12
DJI_20250516102934_0359_D:[2826.99634194 1895.50409778],[2827.37647545 2191.99831945],[2167.00478278 2147.16648438],[2166.89910052 1851.76362283]
DJI_20250516102932_0358_D:[2844.43459485 1524.76726777],[2844.87399285 1820.31902034],[2184.59005862 1776.03981599],[2185.58511224 1481.69804649]
DJI_20250516102936_0360_D:[2804.62416449 2245.40071706],[2804.63058757 2540.18317354],[2147.23865443 2494.22046057],[2146.37140229 2200.35587813]
DJI_20250516102748_0306_D:[1856.66004681 2135.76496282],[1858.82352729 1851.43263546],[2492.29115328 1897.91593376],[2490.49945954 2184.08273582]
DJI_20250516102746_0305_D:[1858.38076885 1788.92055409],[1861.80390544 1505.74253212],[2493.68196865 1549.88715968],[2491.61938317 1835.12916087]
DJI_20250516102750_0307_D:[1836.14211138 2481.50012268],[1837.0058159  2197.76681669],[2470.44593267 2246.33348326],[2468.95042284 2531.71727867]
DJI_20250516102930_0357_D:[2851.98276197 1165.46040406],[2852.80763011 1458.41292157],[2193.66004291 1415.45687926],[2195.38832432 1123.88353733]
DJI_20250516102744_0304_D:[1894.66859997 1474.63049143],[1898.91016012 1194.24480455],[2527.84532492 1235.69246844],[2525.85849325 1518.25702448]
DJI_20250516102938_0361_D:[2780.74028893 2597.85265686],[2780.54777191 2889.80862879],[2125.8575417  2842.91093178],[2124.03992087 2551.70015037]
DJI_20250516103130_0417_D:[3213.85725629 2182.22876227],[3216.82295224 1888.10419162],[3861.23950579 1939.77555678],[3858.18074492 2231.10935987]
13
DJI_20250516102934_0359_D:[3347.90829045 1735.31396324],[3348.98135089 2029.86855602],[2690.972414   1986.01067568],[2690.56182112 1690.99449062]
DJI_20250516102936_0360_D:[3325.10916054 2083.5619319 ],[3324.89063167 2377.29668313],[2669.00395428 2334.14599391],[2668.75138679 2039.79171437]
DJI_20250516103128_0416_D:[2716.51108821 1975.74706529],[2719.40816016 1682.07187947],[3371.54122044 1734.18499157],[3369.30428163 2026.72048123]
DJI_20250516103130_0417_D:[2690.42019186 2335.94430123],[2693.56673009 2042.31837239],[3346.28846948 2093.23882259],[3342.66698413 2385.61692734]
DJI_20250516102932_0358_D:[3363.43313474 1368.67823845],[3365.49596776 1661.36830538],[2708.55331609 1616.07065536],[2708.3075016  1323.04103022]
DJI_20250516103126_0415_D:[2739.49005244 1617.73847538],[2742.17160742 1326.25748603],[3391.6555638  1379.64037729],[3390.74300813 1670.16718771]
DJI_20250516102938_0361_D:[3300.95404241 2434.91883424],[3299.60500319 2726.74009333],[2645.52490851 2684.51338343],[2645.25499096 2391.90781408]
DJI_20250516103132_0418_D:[2676.91801546 2703.659799  ],[2680.16695388 2412.09741517],[3331.77161432 2461.54697096],[3326.86719565 2751.69624333]
DJI_20250516102930_0357_D:[3368.38574379 1013.75441349],[3371.72368482 1303.0177412 ],[2716.58063499 1257.12040518],[2716.17495811  967.68546283]
DJI_20250516102940_0362_D:[3266.48931485 2775.91046575],[3264.3888785  3064.63456829],[2612.10958946 3023.68480649],[2611.47151573 2734.04905872]
14
DJI_20250516102744_0304_D:[2335.94747645 1922.39951184],[2338.02586835 1640.60510065],[2967.68489975 1686.4239714 ],[2966.47791184 1968.84015279]
DJI_20250516102746_0305_D:[2301.79362298 2236.98212044],[2303.61162848 1954.29791847],[2934.98943687 2001.1671639 ],[2933.15396478 2284.33095679]
DJI_20250516102742_0303_D:[2349.93566345 1594.7911059 ],[2352.5799098  1315.23929588],[2979.66005714 1360.40310887],[2978.81838097 1640.81572675]
DJI_20250516102748_0306_D:[2301.3546176  2580.77575174],[2302.60698951 2299.05178309],[2933.82963872 2346.27754179],[2931.58407246 2628.23642772]
DJI_20250516102936_0360_D:[2346.64826226 1783.59634161],[2346.71775767 2075.23257852],[1703.21057399 2031.05563764],[1703.80250794 1741.98066432]
DJI_20250516102554_0249_D:[3642.97198345 1931.96580803],[3640.55331362 2211.69205502],[3018.52618339 2165.27736364],[3020.79818851 1884.07721278]
DJI_20250516102552_0248_D:[3644.669209   1613.91269542],[3643.76044262 1893.25222634],[3021.57294695 1845.30525659],[3023.21143943 1564.63546938]
DJI_20250516102938_0361_D:[2323.27617256 2132.68682264],[2323.8866813  2423.88371528],[1681.46330088 2376.89403516],[1680.42149953 2088.11304877]
DJI_20250516102934_0359_D:[2368.05500725 1438.73919986],[2367.75895318 1729.77203488],[1722.93043855 1688.58803659],[1724.97426025 1400.26881781]
DJI_20250516102556_0250_D:[3642.89367302 2256.23599641],[3639.12529562 2534.75252341],[3018.88237369 2490.58130356],[3021.61444352 2210.3685727 ]
15
DJI_20250516102556_0250_D:[2914.74266104 1996.01150159],[2912.42879464 2277.73088431],[2284.51447307 2229.55533693],[2286.66380534 1948.41604405]
DJI_20250516102554_0249_D:[2913.5747494  1668.74198065],[2911.573335   1950.52486283],[2282.98605415 1902.767186  ],[2285.70765716 1621.7823739 ]
DJI_20250516102552_0248_D:[2915.77101565 1349.54488155],[2914.26075046 1629.89085495],[2286.20839804 1583.1296147 ],[2289.31094783 1303.71372054]
DJI_20250516102558_0251_D:[2924.26684373 2338.59923139],[2921.46028137 2619.20029816],[2294.37255486 2570.51985542],[2296.07718045 2290.25373376]
DJI_20250516102744_0304_D:[3076.33293236 2185.10473063],[3077.8503574  1901.61289527],[3703.96126416 1948.29851288],[3702.42384119 2230.09092881]
DJI_20250516102742_0303_D:[3088.82548053 1855.65696173],[3089.82029825 1573.20389007],[3714.56379978 1621.96448512],[3714.50965618 1902.98373218]
DJI_20250516102746_0305_D:[3042.53115128 2501.19190562],[3044.80670645 2217.87733906],[3672.11687944 2263.07026635],[3668.90995723 2544.51823267]
DJI_20250516102404_0194_D:[1570.30768936 1919.22063615],[1574.76044033 1645.48749775],[2181.70564517 1691.72746609],[2178.03612171 1967.9245158 ]
DJI_20250516102550_0247_D:[2926.93057243 1015.70017965],[2925.83898452 1293.02384071],[2299.4079604 1247.0147624],[2303.0485164  970.7425234]
DJI_20250516102406_0195_D:[1546.95112943 2248.23900331],[1549.9723242  1974.92539039],[2155.74085893 2024.20461058],[2152.62772934 2299.87307722]
16
DJI_20250516102710_0287_D:[2594.59785133 2220.59197526],[2596.06073051 1935.90346248],[3230.66682237 1982.30023772],[3228.89531288 2266.47668997]
DJI_20250516102708_0286_D:[2591.82574932 1862.67323832],[2593.33217121 1577.73000051],[3228.82484495 1624.60874109],[3228.07860936 1909.2770195 ]
DJI_20250516102628_0266_D:[3360.38131799 1806.37958582],[3360.1496365  2090.07639932],[2726.93995289 2045.70253207],[2727.57246095 1761.3727857 ]
DJI_20250516102630_0267_D:[3359.23393895 2162.32675783],[3358.32170486 2445.56725694],[2725.92204725 2403.4044938 ],[2726.24763263 2119.25446083]
DJI_20250516102626_0265_D:[3368.95846535 1492.18322972],[3369.54964346 1774.28841686],[2738.04853474 1728.77950087],[2738.71800521 1446.17240685]
DJI_20250516102712_0288_D:[2579.73531557 2564.55802886],[2581.1685503  2281.23413168],[3215.223189   2327.24062911],[3212.4892355  2609.98100287]
DJI_20250516102706_0285_D:[2598.45555213 1494.96962803],[2599.83625332 1213.06467683],[3231.57707601 1259.70420898],[3232.06288703 1541.51517548]
DJI_20250516102632_0268_D:[3356.29426128 2498.36021705],[3353.97716116 2779.63728894],[2723.44344278 2738.22200784],[2724.17341424 2455.82727019]
DJI_20250516102624_0264_D:[3391.32216777 1166.50604707],[3392.91487133 1445.40341968],[2764.60993004 1398.87120519],[2765.18067737 1119.57626352]
DJI_20250516102714_0289_D:[2550.3775584  2893.20654602],[2551.90014774 2612.24725057],[3185.1039182  2658.24932066],[3181.33859823 2938.44480629]
17
DJI_20250516103050_0397_D:[2751.79027533 1863.20207892],[2753.53098647 1567.43751346],[3412.03029312 1617.64028283],[3411.67591211 1912.78199556]
DJI_20250516103048_0396_D:[2753.86776646 1503.08893473],[2755.4670349  1209.99044199],[3411.55901483 1261.10632636],[3412.41197897 1553.74819188]
DJI_20250516103348_0486_D:[2094.67877039 1065.56064132],[2134.29797556 1338.1205303 ],[1536.24115517 1381.47390803],[1492.79038667 1111.71709207]
DJI_20250516102708_0286_D:[1447.49039737 1989.09378289],[1449.8582335  1705.44945272],[2077.09245359 1749.44576801],[2075.30340733 2036.14630173]
DJI_20250516102710_0287_D:[1454.15686151 2344.36038283],[1454.53410124 2061.57886028],[2080.92974947 2109.26542246],[2080.05899629 2394.84003984]
DJI_20250516103350_0487_D:[2036.50086514 1234.93803356],[2061.01382612 1511.53426864],[1456.2082166 1521.8276348],[1429.28675793 1248.30553657]
DJI_20250516102706_0285_D:[1457.7573039  1623.14586993],[1462.03920713 1341.78821469],[2086.2290489  1381.28392849],[2083.64541319 1665.85193065]
DJI_20250516103046_0395_D:[2754.1718411 1158.0106929],[2755.43050136  869.32484197],[3407.74489251  920.60190004],[3409.99366696 1209.01976541]
DJI_20250516103352_0488_D:[1936.94935607 1480.17254832],[1950.66467229 1764.67393095],[1328.70214647 1751.31827425],[1314.26482453 1469.97506081]
DJI_20250516103354_0489_D:[1858.93158374 1660.23847131],[1857.97923117 1952.76600467],[1220.91078721 1908.79720821],[1222.86766036 1619.85702125]
18
DJI_20250516102630_0267_D:[3192.77214158 1716.25942088],[3193.1896057  1999.84922281],[2559.4085759  1956.30776647],[2559.74578739 1672.57070948]
DJI_20250516102632_0268_D:[3191.83542005 2052.79238441],[3191.11351751 2336.52390347],[2557.5974054  2292.82488453],[2558.08352179 2008.75093263]
DJI_20250516102706_0285_D:[2763.64302649 1942.64347858],[2764.80577514 1658.176466  ],[3397.30290383 1705.01509184],[3396.6708929  1988.63298164]
DJI_20250516102708_0286_D:[2757.10834085 2312.1118299 ],[2758.6702133  2026.91658062],[3393.17989375 2073.07294843],[3391.02791044 2357.22335967]
DJI_20250516102628_0266_D:[3193.27126092 1361.78810924],[3194.10646391 1643.70366764],[2561.17758332 1599.00002145],[2562.07110412 1317.20211368]
DJI_20250516102634_0269_D:[3172.72566678 2398.47658214],[3171.17381012 2680.66447277],[2539.25065212 2637.53082579],[2539.58426253 2354.85204269]
DJI_20250516102704_0284_D:[2757.71007756 1582.73525122],[2758.62423714 1300.8215806 ],[3387.95263626 1348.34657379],[3388.65436201 1629.63579748]
DJI_20250516102710_0287_D:[2759.04559065 2666.62922899],[2760.84048378 2383.92659475],[3392.72953992 2428.61339208],[3389.284964   2710.03383261]
DJI_20250516102626_0265_D:[3201.59182893 1052.05467172],[3203.03625707 1330.55849266],[2573.11414108 1285.45576144],[2574.23935316 1007.18285472]
DJI_20250516102636_0270_D:[3153.42475011 2738.68289771],[3151.17251464 3017.41709454],[2522.6472524  2975.33762986],[2522.68449121 2695.91471021]
19
DJI_20250516102706_0285_D:[1862.50551898 2080.84206784],[1864.13358865 1797.21598246],[2496.29478043 1842.39201264],[2494.94683424 2127.72401562]
DJI_20250516102704_0284_D:[1859.19387061 1721.64621888],[1862.1137212  1439.84322189],[2491.40272017 1482.50726108],[2489.84744323 1766.21550882]
DJI_20250516102708_0286_D:[1855.37620421 2448.0769046 ],[1855.80164683 2164.53646185],[2489.3013935  2212.35823156],[2488.03683837 2497.42485174]
DJI_20250516103048_0396_D:[3176.00150236 1982.88343999],[3177.19358963 1688.48416329],[3825.10456668 1739.39111061],[3824.74245041 2031.68524811]
DJI_20250516103050_0397_D:[3173.59424867 2341.44322071],[3175.59655292 2046.70509865],[3824.24215666 2094.81799247],[3821.99915312 2387.2640298 ]
DJI_20250516102702_0283_D:[1879.72144005 1363.86334436],[1883.69388535 1085.62747902],[2509.13328063 1125.59434574],[2507.57665317 1405.80997792]
DJI_20250516103020_0382_D:[2784.13191359 2718.40600194],[2785.28898064 3011.69416964],[2125.3091296  2968.75155748],[2121.95898865 2675.74648707]
DJI_20250516102710_0287_D:[1862.72669035 2799.44383262],[1861.8856419  2519.06066942],[2492.61800494 2568.59777711],[2491.56646898 2850.24396088]
DJI_20250516103046_0395_D:[3176.06170897 1636.1441727 ],[3176.24845469 1343.84008102],[3822.18092858 1396.78399096],[3823.88131782 1687.19717843]
DJI_20250516102632_0268_D:[4076.87633042 1912.47757709],[4076.72672262 2193.42209331],[3458.30088942 2151.7892807 ],[3458.41492702 1867.91227227]
20
DJI_20250516102704_0284_D:[2319.33850117 1976.97961893],[2320.93407695 1692.66839529],[2955.89549022 1738.34214114],[2954.85236448 2023.06149393]
DJI_20250516102706_0285_D:[2324.38017402 2338.43556189],[2325.47559604 2053.58413617],[2962.23886655 2099.87424032],[2960.59245912 2384.91218846]
DJI_20250516102702_0283_D:[2337.61213085 1615.24858986],[2339.51495223 1333.34620763],[2971.17929492 1378.0719125 ],[2970.89506838 1660.47835933]
DJI_20250516102708_0286_D:[2317.72801408 2706.53095219],[2318.42628714 2423.07293629],[2955.60292245 2470.07760201],[2953.21888394 2753.52518231]
DJI_20250516102634_0269_D:[3607.43054961 2003.17839101],[3606.82488502 2286.39072859],[2976.51302685 2243.98354006],[2976.96110631 1959.237723  ]
DJI_20250516102632_0268_D:[3624.64288952 1658.26352678],[3625.58784343 1941.11401966],[2995.22429347 1896.78129619],[2995.11047861 1612.54348168]
DJI_20250516102636_0270_D:[3588.5063167  2345.20703095],[3586.46612742 2626.84661729],[2958.12801141 2586.77202879],[2959.00249292 2303.40989993]
DJI_20250516102700_0282_D:[2361.24301913 1281.61410032],[2363.28008575 1003.42184896],[2990.86829714 1047.44515865],[2991.40358488 1326.14628443]
DJI_20250516102630_0267_D:[3622.49394017 1324.42372054],[3625.26351885 1605.27157221],[2995.9454799  1559.84433366],[2994.99999152 1277.80332384]
DJI_20250516103020_0382_D:[2296.27384517 2455.96357843],[2298.71007193 2751.426019  ],[1643.67230689 2704.84181466],[1640.00926068 2411.39447895]
21
DJI_20250516103046_0395_D:[2682.71266784 2059.78360302],[2684.65318043 1764.09379485],[3342.59952615 1813.64305837],[3341.32734853 2108.70031688]
DJI_20250516103048_0396_D:[2681.44954803 2407.92930403],[2683.60492716 2112.21990659],[3342.07990909 2161.24958948],[3339.52499041 2456.10944947]
DJI_20250516103020_0382_D:[3277.81927258 2285.77231754],[3278.63438041 2582.38035874],[2615.11648441 2543.06631102],[2613.36987   2245.4258258]
DJI_20250516103044_0394_D:[2698.54073356 1716.78203688],[2699.97381301 1421.74008115],[3358.2850625  1471.31326949],[3358.5931418  1765.85575494]
DJI_20250516103050_0397_D:[2679.21415922 2765.54400081],[2681.37609332 2471.65767833],[3338.97159965 2519.51336268],[3335.33060531 2812.36034412]
DJI_20250516103042_0393_D:[2707.51242813 1368.92202305],[2708.23291354 1077.32080785],[3363.09454978 1126.3413282 ],[3365.12061328 1417.54985936]
DJI_20250516103022_0383_D:[3266.07054026 2633.68765679],[3265.60314248 2928.17350238],[2603.12344078 2889.71566953],[2601.51137247 2594.00029531]
DJI_20250516102704_0284_D:[1392.94935595 2128.41070793],[1394.53142229 1847.2094628 ],[2015.50481172 1891.92845056],[2014.1726998  2176.17699059]
DJI_20250516102702_0283_D:[1412.39453226 1770.57806681],[1415.88895663 1490.79894539],[2034.95724526 1531.20374426],[2032.77684899 1814.10711918]
DJI_20250516102706_0285_D:[1398.07801186 2485.20032519],[1397.53358158 2204.29320961],[2019.87275512 2252.98675185],[2019.57361881 2536.73692521]
22
DJI_20250516103020_0382_D:[2841.60337545 2028.44828871],[2843.31183563 2325.91420535],[2179.70143789 2284.16939016],[2178.01112648 1987.23792052]
DJI_20250516102702_0283_D:[1817.12111807 2017.8076174 ],[1818.91499836 1735.67701716],[2447.45529227 1779.83578925],[2446.19513815 2063.74324646]
DJI_20250516103022_0383_D:[2830.23951126 2376.6865417 ],[2831.41435309 2673.36246662],[2167.90033393 2630.65185124],[2165.6180937  2334.33390986]
DJI_20250516102700_0282_D:[1841.24259498 1683.34084642],[1844.02037157 1402.90857499],[2470.57508717 1444.62445485],[2469.29477165 1726.82999672]
DJI_20250516102704_0284_D:[1799.20057071 2377.88664851],[1799.75877573 2095.49663651],[2429.64163268 2142.37751426],[2428.54827617 2426.45045867]
DJI_20250516103044_0394_D:[3129.53807224 1978.32633771],[3130.36385706 1682.84121687],[3781.41300729 1732.8707616 ],[3781.39816366 2026.31396545]
DJI_20250516103046_0395_D:[3111.88147346 2320.0863487 ],[3113.88921718 2025.16088615],[3763.91029141 2073.472087  ],[3761.64750438 2366.2234126 ]
DJI_20250516103024_0384_D:[2807.91673174 2720.69386916],[2808.76778642 3013.7752347 ],[2149.04486618 2970.60422142],[2145.97055367 2677.73348637]
DJI_20250516102706_0285_D:[1805.610535   2735.22256996],[1804.76276376 2454.38274279],[2434.99786155 2503.50757671],[2434.2106696  2785.80794129]
DJI_20250516102658_0281_D:[1854.07721143 1339.07273152],[1857.91407008 1061.79075337],[2481.42847907 1101.40804852],[2480.02046811 1380.51340083]
23
DJI_20250516102700_0282_D:[2570.14625627 1927.36180752],[2571.16688066 1643.6634708 ],[3203.40657624 1689.28488291],[3203.06053019 1972.4977272 ]
DJI_20250516102702_0283_D:[2547.1494381  2265.46336214],[2548.28271408 1980.95502009],[3182.68498399 2026.53949902],[3181.24532639 2310.54259023]
DJI_20250516102638_0271_D:[3363.17644249 2028.3550936 ],[3362.63105848 2312.18101932],[2729.30110481 2269.29228173],[2729.66098732 1984.65184861]
DJI_20250516102636_0270_D:[3379.39778097 1697.70501836],[3380.01153734 1981.26096631],[2746.61733792 1937.40715998],[2746.79586866 1653.15950891]
DJI_20250516102658_0281_D:[2580.53134704 1578.95411827],[2581.54159495 1297.48575176],[3210.89278624 1343.60860138],[3211.49690815 1624.65816589]
DJI_20250516102704_0284_D:[2529.55193512 2628.27119022],[2530.67189574 2344.60873963],[3166.0736178  2390.11771629],[3163.5543175  2673.15751231]
DJI_20250516102640_0272_D:[3343.52475782 2358.24830325],[3341.93680972 2641.03333021],[2709.34640551 2599.23197186],[2709.79917058 2315.48874979]
DJI_20250516102634_0269_D:[3395.47746855 1355.83962115],[3397.23743918 1637.87866765],[2764.14226594 1592.8702247 ],[2764.17766997 1310.31866978]
DJI_20250516103020_0382_D:[2070.22402926 1777.99313032],[2071.34986874 2074.99147063],[1419.99568112 2033.12417173],[1419.8460375  1739.26355947]
DJI_20250516102656_0280_D:[2571.72267743 1230.81622786],[2572.68413224  954.40158993],[3195.38063957 1000.42379702],[3196.94647977 1276.57465416]
24
DJI_20250516103022_0383_D:[2837.30331502 1915.54176241],[2838.95510596 2214.25688223],[2172.64083269 2172.11037002],[2171.3620034  1874.02367456]
DJI_20250516103020_0382_D:[2847.81021488 1568.30300672],[2850.0242124  1865.47060863],[2185.35855667 1824.53141357],[2184.63019203 1528.15749339]
DJI_20250516103024_0384_D:[2815.47182762 2262.89386918],[2816.74247358 2560.33626237],[2152.50119972 2517.53273946],[2150.48184536 2220.57680097]
DJI_20250516102700_0282_D:[1828.77642391 2119.67143234],[1830.00298342 1837.1204228 ],[2459.6805886  1881.58920349],[2458.69709406 2165.69754012]
DJI_20250516102658_0281_D:[1839.97531945 1772.3956055 ],[1842.31508942 1491.01481539],[2470.39446918 1533.41966815],[2469.24169497 1816.40962172]
DJI_20250516102702_0283_D:[1806.2104555  2454.82820674],[1806.36880167 2172.60512617],[2436.52683248 2219.56094285],[2435.6320662  2503.33186868]
DJI_20250516103026_0385_D:[2813.01211001 2602.80790817],[2814.08410833 2897.45742754],[2152.66704502 2854.54568822],[2149.75864814 2560.19616851]
DJI_20250516103042_0393_D:[3129.3917441  2086.24155927],[3130.00008144 1789.94340322],[3782.29530058 1838.16911374],[3782.07038725 2132.25227773]
DJI_20250516102656_0280_D:[1837.10756237 1423.42187405],[1840.48044528 1146.1450325 ],[2462.61675627 1185.99140348],[2461.35853429 1464.99068515]
DJI_20250516103044_0394_D:[3118.84591282 2436.98292677],[3120.7922834  2140.57572751],[3774.28239515 2187.47612771],[3771.68434315 2481.52578022]
25
DJI_20250516103022_0383_D:[3182.89033222 1681.17905736],[3185.32780551 1981.28375626],[2513.93178713 1939.27335491],[2512.54752977 1638.83010566]
DJI_20250516103024_0384_D:[3161.30875601 2030.6957186 ],[3162.74214939 2330.74108542],[2492.3861708  2289.25611131],[2490.8574169  1988.73015103]
DJI_20250516103040_0392_D:[2807.29817906 1968.05628194],[2807.97037804 1669.58491507],[3470.58922066 1717.86328915],[3470.6343221  2015.13167268]
DJI_20250516103042_0393_D:[2787.98505232 2317.50341703],[2789.1260338  2018.38080929],[3453.47830409 2065.73160892],[3452.0671601  2363.53943526]
DJI_20250516103020_0382_D:[3191.05699266 1333.90418548],[3194.65443871 1631.23277178],[2525.87829249 1589.27554474],[2524.46289421 1291.78793748]
DJI_20250516103026_0385_D:[3158.49098761 2373.80609137],[3159.14556958 2672.17581075],[2490.81524081 2631.71550239],[2488.9495653  2332.67789078]
DJI_20250516103038_0391_D:[2812.80106601 1608.11334573],[2812.92513248 1313.27275597],[3469.84889809 1362.07283048],[3471.45577235 1655.89447189]
DJI_20250516103044_0394_D:[2776.60384231 2669.74363178],[2778.54669696 2371.69675879],[3443.13893533 2418.88853389],[3439.8611012  2715.47865327]
DJI_20250516102658_0281_D:[1510.60928733 1989.97323226],[1512.45507836 1707.1246314 ],[2139.63463465 1750.15460038],[2138.40976651 2035.48286365]
DJI_20250516103028_0386_D:[3142.5018768  2736.13828991],[3142.09106308 3031.83707924],[2475.05717348 2991.78321987],[2473.04003318 2695.24122191]
26
DJI_20250516103024_0384_D:[2794.26724115 1788.13394941],[2795.97036867 2087.19194004],[2128.92603204 2045.09391851],[2128.00497033 1746.89203974]
DJI_20250516103026_0385_D:[2792.10533969 2130.60479763],[2793.64409267 2429.19990556],[2127.70550729 2386.62375574],[2125.8555154  2088.70464432]
DJI_20250516103022_0383_D:[2815.53980869 1440.71387196],[2817.63415157 1738.6384795 ],[2150.28859586 1697.49963752],[2150.10250597 1400.5644126 ]
DJI_20250516102658_0281_D:[1853.85178949 2222.44559353],[1854.58439382 1939.17466335],[2486.38450198 1984.20940218],[2485.53356502 2268.78597832]
DJI_20250516102656_0280_D:[1849.24120308 1868.42154895],[1851.00736954 1587.22211572],[2478.31157603 1629.92478045],[2477.38885842 1912.55198404]
DJI_20250516103028_0386_D:[2776.53494972 2492.54393009],[2777.66619001 2789.79170354],[2112.17584339 2746.03496743],[2109.54887695 2449.31009184]
DJI_20250516102700_0282_D:[1844.38957686 2570.04351663],[1843.98865729 2287.68423435],[2475.89727    2334.65029301],[2475.21829503 2618.25334403]
DJI_20250516102654_0279_D:[1836.3868326  1543.05758672],[1840.11283877 1265.58377537],[2461.08684143 1308.14100789],[2459.05136355 1587.2051009 ]
DJI_20250516103020_0382_D:[2825.30067129 1097.88355238],[2827.93643255 1391.87995299],[2164.02484077 1352.28853181],[2164.39359785 1059.4343484 ]
DJI_20250516103040_0392_D:[3166.99428171 2211.78426422],[3167.81578352 1914.76497889],[3820.72462866 1961.77222278],[3819.74719786 2256.28098929]
27
DJI_20250516102656_0280_D:[2603.44205848 2107.54519318],[2604.20980994 1824.73918056],[3233.56431155 1869.54078905],[3232.81773042 2151.45356174]
DJI_20250516102642_0273_D:[3313.58296919 1812.3547653 ],[3313.6878287  2097.55807972],[2676.88405987 2053.54878367],[2677.27909924 1767.86653539]
DJI_20250516102654_0279_D:[2583.44239118 1781.00581907],[2585.13924844 1500.94596179],[3209.18525605 1548.19937356],[3208.37939238 1827.5782954 ]
DJI_20250516102644_0274_D:[3301.70800672 2143.80419271],[3300.78465981 2428.77456338],[2664.45804315 2385.45833007],[2664.92518644 2099.87595176]
DJI_20250516102658_0281_D:[2612.20815892 2464.22743009],[2613.10344843 2180.37970779],[3246.22021372 2224.65456987],[3244.36851627 2507.44043729]
DJI_20250516102640_0272_D:[3309.7991684  1472.35904649],[3311.10814678 1755.88416369],[2675.71200443 1711.63444651],[2675.88757427 1427.79487047]
DJI_20250516102646_0275_D:[3295.76608404 2465.70390314],[3293.98560637 2749.62255926],[2657.84180653 2707.32741768],[2658.24207507 2422.61576115]
DJI_20250516102652_0278_D:[2745.1129579 1427.5095173],[2809.91096483 1156.95362458],[3405.58383431 1345.54603705],[3342.73697293 1615.96464986]
DJI_20250516102638_0271_D:[3326.29138156 1146.45517444],[3328.6580204 1427.0258341],[2695.46384073 1382.22934279],[2695.51562394 1101.46759974]
DJI_20250516102700_0282_D:[2601.78002588 2812.17949376],[2602.68592303 2530.190254  ],[3235.75687239 2573.61907298],[3232.92341673 2854.47023605]
28
DJI_20250516103026_0385_D:[3106.54028779 1698.89718284],[3108.90335335 1999.35898891],[2436.86438788 1957.52859232],[2435.51356061 1657.00208601]
DJI_20250516103028_0386_D:[3092.72417109 2062.5661399 ],[3094.08573223 2364.00926145],[2420.63711786 2322.01130819],[2419.09044619 2020.34700116]
DJI_20250516103024_0384_D:[3107.74930968 1356.25421602],[3110.80263557 1655.01363149],[2439.24670641 1612.75586512],[2438.31909272 1314.11242968]
DJI_20250516103030_0387_D:[3124.27209673 2319.86206963],[3190.86576031 2612.6324753 ],[2525.3572451  2719.47951545],[2457.4552728  2426.67777099]
DJI_20250516103036_0390_D:[2865.73241192 1910.54789384],[2869.21231452 1613.76364625],[3526.84377109 1668.66361662],[3524.03136684 1964.03186999]
DJI_20250516103038_0391_D:[2861.05579373 2277.48256936],[2861.81490758 1979.45273795],[3522.63627212 2025.7895917 ],[3521.47043697 2322.18265536]
DJI_20250516103032_0388_D:[3142.43365452 1885.63485354],[3440.67999315 1899.07693684],[3364.78795795 2565.37129383],[3066.63454672 2553.62107633]
DJI_20250516103034_0389_D:[3087.08154271 1889.50585216],[3323.99018952 1711.36654243],[3681.63303547 2268.77912093],[3446.48531339 2447.52819012]
DJI_20250516103040_0392_D:[2854.49398814 2641.49497274],[2855.86988141 2343.08408539],[3520.08876839 2388.26331448],[3517.2303019  2684.82779114]
DJI_20250516102654_0279_D:[1535.07620264 1941.93859955],[1537.64555307 1661.57034319],[2159.81356597 1705.68592432],[2157.85723256 1988.29900601]
29
DJI_20250516102654_0279_D:[2245.06440662 2192.93503082],[2246.61242311 1910.38611851],[2877.43735134 1956.85929462],[2875.66729765 2239.42798508]
DJI_20250516102652_0278_D:[2321.97173821 1749.18483994],[2388.25001622 1474.32610159],[2992.6484364  1663.03702275],[2927.09582288 1938.19501397]
DJI_20250516102650_0277_D:[2972.94818321 1446.99867802],[3259.13072421 1449.06346009],[3214.42059289 2089.52752142],[2927.47541887 2088.55019193]
DJI_20250516102656_0280_D:[2264.74220938 2524.37204322],[2264.90407273 2240.84172918],[2899.99486541 2285.65838033],[2898.69742204 2569.01240958]
DJI_20250516103028_0386_D:[2324.80376963 1803.20834458],[2326.04505438 2104.29299709],[1660.86478942 2061.29914694],[1660.46467865 1762.6586402 ]
DJI_20250516102648_0276_D:[3405.58163855 1468.39111257],[3632.35633796 1643.84148505],[3210.64269948 2126.90718031],[2982.0690332 1951.2160089]
DJI_20250516102644_0274_D:[3643.09998699 1724.86204048],[3643.93341748 2010.82267871],[3006.96272156 1966.53937194],[3006.84732861 1679.18915175]
DJI_20250516102646_0275_D:[3639.54902959 2046.98285931],[3639.00959555 2333.7445252 ],[3000.88109896 2291.40508463],[3001.20513274 2003.06941431]
DJI_20250516103026_0385_D:[2341.79421789 1442.30006902],[2342.69203898 1741.11524292],[1679.54220771 1701.40626525],[1680.65253908 1405.14887616]
DJI_20250516103030_0387_D:[2317.37201228 2234.86031764],[2385.16932229 2528.19287451],[1726.9073233  2629.25567951],[1659.41202442 2338.28862781]
30
DJI_20250516103032_0388_D:[2701.88336571 1634.62113075],[3003.68927787 1648.12055259],[2928.4920833  2320.40648549],[2626.38224414 2307.15219863]
DJI_20250516103030_0387_D:[3249.14271107 1826.28983889],[3317.26298431 2121.37146055],[2648.16232527 2229.17915407],[2580.03754201 1933.29243881]
DJI_20250516103034_0389_D:[2591.91635178 1975.62363468],[2831.99351341 1795.83781044],[3195.85888686 2358.29008642],[2956.35817349 2537.8331689 ]
DJI_20250516103028_0386_D:[3321.14231011 1608.46340391],[3323.98710107 1910.17353763],[2648.74942881 1867.5554641 ],[2647.16206329 1565.15597514]
DJI_20250516103036_0390_D:[2632.95785859 2355.46636728],[2636.78645493 2057.06167288],[3301.21505738 2110.39895184],[3296.66879831 2407.78519707]
DJI_20250516103026_0385_D:[3331.88922613 1248.17940423],[3336.16200561 1546.45285413],[2664.2532818 1503.3229104],[2662.42669025 1204.52000925]
DJI_20250516103038_0391_D:[2632.30227547 2725.63729174],[2633.01873574 2428.24158908],[3299.05876171 2473.51369579],[3296.52213502 2769.68143135]
DJI_20250516103024_0384_D:[3330.90693504  910.12820326],[3336.25607023 1204.39992475],[2666.53987471 1160.24589735],[2664.75821345  865.62107037]
DJI_20250516102652_0278_D:[1376.83174383 1705.34549809],[1443.01046467 1431.77936474],[2038.51160866 1616.19858898],[1972.12481385 1892.56768841]
DJI_20250516103040_0392_D:[2624.49612723 3088.85653165],[2625.44312106 2793.40933288],[3293.27259584 2838.11821173],[3289.37823394 3132.11510166]
31
DJI_20250516102622_0263_D:[2639.61291644 1683.50675974],[2638.70605621 1966.27179014],[2009.84339561 1921.51474534],[2011.51501386 1640.20382106]
DJI_20250516102624_0264_D:[2604.8424544 2015.6910113],[2603.74390787 2299.20829968],[1974.11392091 2252.33948804],[1975.04638238 1970.20391414]
DJI_20250516102336_0180_D:[1866.1480701  2022.68684792],[1869.22134775 1746.53063698],[2484.58467754 1793.32002764],[2481.89182525 2070.95493232]
DJI_20250516102338_0181_D:[1859.70483423 2339.7228597 ],[1861.60206676 2063.63030666],[2477.56089994 2111.85673174],[2475.19322454 2389.2833951 ]
DJI_20250516102620_0262_D:[2655.92792193 1344.31567232],[2654.90063388 1624.96548634],[2027.58871819 1581.42120548],[2030.34618444 1302.26693884]
DJI_20250516102334_0179_D:[1892.03616571 1694.74495815],[1896.03593258 1419.73686646],[2510.26294962 1464.46667783],[2507.51411288 1741.0904328 ]
DJI_20250516102626_0265_D:[2577.90454791 2348.93750744],[2577.05570965 2631.76164699],[1947.53309245 2583.57294846],[1947.29511369 2302.02341903]
DJI_20250516102340_0182_D:[1849.35590343 2658.765246  ],[1850.20522308 2384.9921386 ],[2463.64757522 2434.75138471],[2461.48358521 2709.69325988]
DJI_20250516102332_0178_D:[1906.46082823 1368.64324078],[1911.40349157 1095.41886844],[2525.22816618 1137.97223005],[2522.48025962 1412.97962809]
DJI_20250516102618_0261_D:[2671.825429   1005.77978944],[2670.78250281 1282.77749539],[2046.21689521 1240.76692225],[2049.9950662   965.43591441]
32
DJI_20250516102716_0290_D:[2648.49832658 2110.21149378],[2650.3005825  1824.83669954],[3285.82380748 1872.25693101],[3284.15155066 2157.10786188]
DJI_20250516102622_0263_D:[3318.6675769  1936.86308288],[3317.66379466 2219.46143836],[2687.05374614 2175.09480875],[2687.97496001 1891.8406014 ]
DJI_20250516102714_0289_D:[2666.15116332 1781.961218  ],[2667.83331252 1497.39793935],[3302.40795951 1545.21431915],[3301.74019296 1829.39742875]
DJI_20250516102620_0262_D:[3332.43421972 1596.87998082],[3332.35270447 1878.3818905 ],[2703.0769389  1832.83770295],[2704.06019837 1550.74518388]
DJI_20250516102718_0291_D:[2622.99231761 2444.73502217],[2624.97834664 2159.817102  ],[3260.77072832 2207.03615456],[3257.992341   2491.29362523]
DJI_20250516102624_0264_D:[3285.33497093 2269.85204405],[3283.15145327 2552.16906001],[2651.98379313 2508.07514052],[2653.1350369  2225.00529515]
DJI_20250516102618_0261_D:[3345.2039894  1256.09603089],[3346.19352675 1535.12326814],[2718.78988814 1488.58526925],[2719.7274     1209.16322913]
DJI_20250516102712_0288_D:[2694.62895042 1450.52076424],[2695.89203695 1168.60764858],[3327.60655134 1216.16420172],[3328.29056922 1497.85076773]
DJI_20250516102720_0292_D:[2605.8698765  2776.05545597],[2607.78775914 2493.47688076],[3241.87581719 2539.88677644],[3238.20762558 2821.6370771 ]
DJI_20250516102626_0265_D:[3259.01915176 2601.96524851],[3256.09644231 2882.51782246],[2625.43261404 2839.55584669],[2626.37912661 2558.11983245]
33
DJI_20250516102620_0262_D:[2586.84460668 1775.48291672],[2585.70566396 2057.42615305],[1959.37676958 2011.95891589],[1961.02359561 1731.45356829]
DJI_20250516102338_0181_D:[1929.98078661 1916.81464653],[1933.24437379 1641.11050122],[2548.17734623 1687.11531221],[2545.60461489 1964.21046999]
DJI_20250516102340_0182_D:[1917.81960434 2238.60338025],[1920.16256989 1963.43271286],[2533.8906621  2010.99504251],[2531.39252685 2287.39893141]
DJI_20250516102622_0263_D:[2570.6434079  2116.68148494],[2569.76672888 2398.70517493],[1943.44558908 2351.88228314],[1943.8615394  2071.24300592]
DJI_20250516102618_0261_D:[2602.90856729 1432.59896705],[2601.60665188 1712.96746654],[1976.45646298 1668.98352734],[1979.27649402 1390.23262042]
DJI_20250516102336_0180_D:[1938.09954157 1600.53254301],[1942.41109748 1326.53261088],[2555.44935548 1371.10749972],[2552.66954583 1646.63458623]
DJI_20250516102342_0183_D:[1899.24248937 2563.76090481],[1900.62611235 2290.01063   ],[2513.18512173 2339.19825816],[2510.77897531 2614.03782691]
DJI_20250516102624_0264_D:[2535.61992207 2448.69950676],[2534.72774657 2729.50333611],[1909.13929712 2680.48322289],[1908.63554748 2400.97732281]
DJI_20250516102616_0260_D:[2618.89336555 1091.72000314],[2617.79036285 1369.10273438],[1994.45879371 1327.35811635],[1998.04185941 1051.71707207]
DJI_20250516102334_0179_D:[1965.18065022 1275.17583396],[1970.25665347 1004.13229143],[2580.81576394 1046.67006171],[2578.13390538 1319.37290503]
34
DJI_20250516102718_0291_D:[2583.09097994 1995.78577447],[2585.09000811 1713.60365091],[3214.13231588 1760.89762977],[3212.65579715 2042.84381119]
DJI_20250516102720_0292_D:[2566.13194322 2326.72451458],[2568.04460972 2044.83356326],[3196.87799808 2091.73710535],[3194.55993027 2373.23767983]
DJI_20250516102618_0261_D:[3381.86605433 1698.64462535],[3381.41865775 1977.23054378],[2759.4561519  1932.12217225],[2760.53547525 1652.78162998]
DJI_20250516102620_0262_D:[3367.61924076 2039.00482434],[3366.0912865  2317.91023805],[2743.88308153 2274.22467278],[2745.037838   1994.36683594]
DJI_20250516102716_0290_D:[2608.07863664 1664.5895106 ],[2609.89821948 1383.88900867],[3237.30147036 1431.02366353],[3236.89130329 1711.61087608]
DJI_20250516102722_0293_D:[2545.30481158 2655.66684402],[2547.08030437 2375.66101886],[3174.35063592 2422.07889748],[3171.24946354 2701.5531546 ]
DJI_20250516102616_0260_D:[3395.21232759 1358.23376803],[3396.13942562 1635.01224304],[2775.34994515 1589.29965007],[2776.00787645 1311.90881996]
DJI_20250516102622_0263_D:[3352.72276203 2376.47759462],[3350.26059105 2654.42917481],[2728.22252735 2612.14346922],[2729.34505385 2333.16900348]
DJI_20250516102714_0289_D:[2625.44649151 1341.48335599],[2627.16469211 1063.41882884],[3252.32095584 1110.58314998],[3252.86433017 1388.66240397]
DJI_20250516102724_0294_D:[2535.93555581 2978.48167486],[2537.4848587  2701.23312885],[3163.23767507 2746.93890079],[3159.46349163 3023.48163027]
35
DJI_20250516102342_0183_D:[1945.88209085 2145.96653548],[1948.62286267 1870.64155351],[2562.58402088 1917.95220554],[2559.96678535 2194.49467669]
DJI_20250516102618_0261_D:[2554.33932868 1861.04692565],[2553.05521352 2143.13904094],[1927.02912494 2096.87515882],[1928.62458677 1816.29628192]
DJI_20250516102340_0182_D:[1965.99751622 1818.55085853],[1969.58564846 1543.61808875],[2583.37519222 1589.23585485],[2580.78093291 1865.52225265]
DJI_20250516102616_0260_D:[2570.74030358 1515.79853063],[2569.54618938 1796.90299244],[1943.84284229 1752.84180911],[1946.32103427 1473.38589704]
DJI_20250516102620_0262_D:[2538.47764916 2206.17214408],[2537.47088011 2487.75677162],[1911.82613157 2440.13619191],[1912.12176547 2159.87012506]
DJI_20250516102344_0184_D:[1928.59996811 2454.66052562],[1930.52625296 2179.33473129],[2545.74098171 2228.35468896],[2543.11904203 2504.75267925]
DJI_20250516102338_0181_D:[1979.63456409 1495.86939204],[1984.05128828 1222.18334046],[2597.74002641 1266.15254989],[2595.17172725 1541.34386866]
DJI_20250516102614_0259_D:[2617.11775988 1189.91562184],[2615.67598135 1468.53397979],[1991.27575009 1425.5252953 ],[1994.94200382 1148.64901407]
DJI_20250516102346_0185_D:[1915.92090371 2768.83880147],[1917.02950451 2495.36823669],[2531.33776125 2546.0483083 ],[2528.68383227 2820.41715635]
DJI_20250516102622_0263_D:[2522.68607808 2547.32034537],[2522.05113873 2826.94721161],[1897.9537727  2777.90535039],[1896.89904923 2499.53031361]
36
DJI_20250516103444_0514_D:[2645.74536914 2147.46063776],[2647.25813823 1858.64441674],[3290.86679249 1905.78609144],[3289.65049647 2194.31362017]
DJI_20250516103442_0513_D:[2673.9018101  1805.82563972],[2675.21008476 1518.1999219 ],[3317.21919356 1565.30592967],[3317.1844138  1852.80046069]
DJI_20250516103446_0515_D:[2623.7162452  2471.53608896],[2625.33430485 2183.06572648],[3269.34078069 2230.10872933],[3267.07948355 2518.14287461]
DJI_20250516103344_0484_D:[3326.71859631 1994.60889094],[3325.23437686 2289.46236403],[2667.94934513 2245.67866628],[2669.03558111 1947.55790916]
DJI_20250516103342_0483_D:[3334.9079984  1662.49832599],[3334.65170862 1956.61320993],[2678.53235199 1909.48783332],[2679.42262393 1612.26958932]
DJI_20250516103346_0485_D:[3311.38410116 2329.60530011],[3308.84487812 2623.929214  ],[2650.66067432 2584.06368081],[2651.67799648 2286.32810813]
DJI_20250516103440_0512_D:[2703.86055711 1453.2607142 ],[2704.8874037  1168.34107088],[3344.46654841 1215.31581193],[3345.74842584 1500.27917892]
DJI_20250516103340_0482_D:[3370.4635585  1340.11946312],[3371.38422535 1632.23549728],[2717.27066495 1581.40552474],[2718.02114752 1286.29894323]
DJI_20250516103448_0516_D:[2609.0452212  2844.48205676],[2610.87706297 2557.82882248],[3254.85445272 2604.98315322],[3251.23830203 2890.981043  ]
DJI_20250516103722_0593_D:[2032.26256908 1618.53784012],[2029.23491732 1900.41479719],[1411.94139989 1853.39473311],[1415.83894166 1574.52782534]
37
DJI_20250516103442_0513_D:[2081.78068164 2004.41645034],[2083.92021728 1711.97917787],[2737.00337432 1758.40810783],[2735.67373774 2052.40611472]
DJI_20250516103444_0514_D:[2053.29901031 2350.42754759],[2054.68618782 2057.77304655],[2708.47342698 2106.27448378],[2706.87114709 2400.32714264]
DJI_20250516103724_0594_D:[2582.26894092 1775.12218993],[2579.75816848 2063.62128984],[1939.06922201 2014.08240192],[1941.98744875 1727.01356355]
DJI_20250516103726_0595_D:[2560.8890603  2138.96211396],[2558.44479042 2427.56169514],[1916.2365295  2376.86789287],[1918.00660953 2089.10810043]
DJI_20250516103440_0512_D:[2112.90275931 1646.1207931 ],[2115.76650236 1355.47276862],[2767.22725493 1399.66936943],[2766.25633308 1692.05922899]
DJI_20250516103722_0593_D:[2602.04162125 1416.66430091],[2599.5495721 1703.7897178],[1959.54057014 1656.08886888],[1963.45092695 1370.53871067]
DJI_20250516103446_0515_D:[2032.18183924 2677.44115023],[2032.75551378 2386.1515846 ],[2686.00823766 2436.49139122],[2684.23481118 2729.02217732]
DJI_20250516103728_0596_D:[2538.38570907 2512.05738242],[2536.09139418 2798.24467776],[1895.8091318  2746.71809926],[1896.26493732 2461.10495573]
DJI_20250516103824_0624_D:[3432.5122229  2393.92145244],[3436.51925732 2104.47415115],[4086.02493017 2157.19588779],[4081.3390978  2447.79895402]
DJI_20250516103438_0511_D:[2119.48549349 1286.47072062],[2123.25401582  999.70304813],[2771.01992089 1041.69982607],[2770.24170613 1330.40238829]
38
DJI_20250516103442_0513_D:[2706.05977134 2255.7921719 ],[2707.4881712  1965.18798767],[3354.76570409 2012.28383127],[3353.25017783 2302.35646374]
DJI_20250516103440_0512_D:[2736.53760995 1899.59846883],[2737.69362103 1609.53979778],[3384.12610918 1656.92046194],[3383.94750635 1946.64543829]
DJI_20250516103346_0485_D:[3283.7235733  1869.86012936],[3282.70660298 2167.98914514],[2617.60149369 2122.54117113],[2618.56236474 1821.33203586]
DJI_20250516103344_0484_D:[3297.65856976 1534.63409526],[3297.68596372 1830.97104555],[2635.24387747 1781.91040926],[2636.28927637 1482.68895506]
DJI_20250516103444_0514_D:[2677.45932255 2598.71740156],[2679.08110566 2309.02042486],[3326.45010074 2355.76737843],[3323.73436381 2644.75605657]
DJI_20250516103438_0511_D:[2740.68694055 1540.64530707],[2741.71018474 1253.13862751],[3385.5744517  1300.85890902],[3386.61429377 1588.24977111]
DJI_20250516103342_0483_D:[3304.1512429  1204.20127616],[3305.38775446 1497.59405632],[2645.74524462 1445.53088887],[2646.62016014 1149.46484779]
DJI_20250516103446_0515_D:[2655.09129349 2921.65225556],[2656.81529558 2634.34357069],[3303.11135821 2680.62678115],[3299.32430054 2967.0563639 ]
DJI_20250516103436_0510_D:[2739.01170649 1178.9555594 ],[2739.98679546  895.61431086],[3380.42847981  943.6556009 ],[3382.62428152 1227.07720344]
DJI_20250516103726_0595_D:[1955.31648532 1887.14130015],[1952.8959281  2171.96351483],[1329.88046186 2121.73154813],[1332.46607255 1839.66387933]
39
DJI_20250516103726_0595_D:[2939.61846803 1709.28418348],[2937.38491477 1993.14782555],[2303.40420329 1944.60412531],[2306.18614377 1660.7113342 ]
DJI_20250516103728_0596_D:[2917.71858919 2076.4007825 ],[2914.91547024 2360.1866883 ],[2281.15659885 2311.88493521],[2283.40527512 2027.81113758]
DJI_20250516103724_0594_D:[2959.55756593 1354.25715095],[2957.92239992 1636.12583248],[2326.04744643 1588.13749688],[2329.24857247 1306.81068858]
DJI_20250516103440_0512_D:[1745.53304315 2084.15452656],[1747.60441379 1797.97567498],[2383.93656215 1843.22813278],[2382.43179314 2131.94595934]
DJI_20250516103730_0597_D:[2894.41752407 2444.70370156],[2891.19077338 2727.15442565],[2257.67743216 2679.36115101],[2259.27634218 2396.41072095]
DJI_20250516103820_0622_D:[3049.9181988  2133.11726968],[3052.61335981 1857.04027792],[3664.39963865 1905.80849796],[3662.06675299 2180.93332223]
DJI_20250516103438_0511_D:[1751.11827936 1729.5767954 ],[1754.69214447 1444.95347431],[2389.04174293 1487.00904668],[2387.07782327 1774.36797272]
DJI_20250516103818_0621_D:[3040.43739102 1796.2777535 ],[3042.74265625 1520.50890671],[3655.24688754 1570.89384978],[3654.2190851  1845.89449484]
DJI_20250516103442_0513_D:[1716.75293252 2434.13519595],[1717.45871619 2148.38339897],[2353.67398698 2196.8804557 ],[2352.5091717  2484.98050678]
DJI_20250516103822_0623_D:[3050.54336328 2453.02861066],[3053.88080925 2177.30845859],[3665.50873905 2225.04243023],[3661.68090558 2499.62188401]
40
DJI_20250516103438_0511_D:[2225.14968035 1998.65771598],[2227.09168631 1708.164927  ],[2876.22783283 1754.53410859],[2875.05326338 2046.20096182]
DJI_20250516103440_0512_D:[2220.86589881 2358.95596733],[2222.05979592 2068.22156252],[2872.1526238  2115.84705483],[2870.62784064 2407.52605738]
DJI_20250516103436_0510_D:[2224.10395477 1632.94334405],[2226.8819355  1344.29044925],[2874.23198078 1389.33239402],[2873.33738697 1679.37210074]
DJI_20250516103728_0596_D:[2438.63596775 1806.38323956],[2436.05470932 2093.29158638],[1799.39229089 2043.8202277 ],[1802.27519207 1758.22234354]
DJI_20250516103726_0595_D:[2461.51104985 1437.04488907],[2458.69069397 1722.60368431],[1822.9439181  1674.98827427],[1827.19154242 1390.99648778]
DJI_20250516103730_0597_D:[2414.24866026 2178.23424774],[2412.03053661 2465.14353861],[1774.68495783 2414.11104385],[1776.10867339 2128.3052562 ]
DJI_20250516103442_0513_D:[2191.54839505 2712.98639109],[2192.09150109 2424.02782926],[2841.2019881  2472.97689647],[2839.25574776 2762.66555197]
DJI_20250516103434_0509_D:[2230.6130274  1279.70031009],[2233.93880509  994.94728416],[2877.55787397 1037.74723311],[2877.1762215  1324.12423613]
DJI_20250516103732_0598_D:[2386.52717476 2527.53095752],[2384.75645685 2812.19117215],[1749.33267611 2759.82616342],[1749.25619396 2476.13082427]
DJI_20250516103724_0594_D:[2483.69709016 1082.67180421],[2480.73049504 1364.60024207],[1849.2932976  1319.90736285],[1854.70927385 1040.09643726]
41
DJI_20250516103448_0516_D:[2129.94751721 2175.27337889],[2132.1247866  1883.95561179],[2782.60853999 1932.05921244],[2780.7892292  2224.66348229]
DJI_20250516103446_0515_D:[2145.30595036 1798.13397953],[2148.05453649 1508.51263029],[2796.01739057 1554.15028458],[2794.76630792 1845.23184714]
DJI_20250516103718_0591_D:[2522.66628598 1546.82526163],[2519.12854276 1834.54551634],[1877.13376125 1783.67438589],[1881.83747742 1496.62896292]
DJI_20250516103450_0517_D:[2124.41740388 2525.04080228],[2125.68229687 2234.51652263],[2776.04461279 2284.04046804],[2774.01870927 2575.66717146]
DJI_20250516103720_0592_D:[2500.37890563 1936.70328163],[2497.60814229 2222.62723747],[1863.76229776 2171.88111479],[1866.42526706 1887.4850478 ]
DJI_20250516103444_0514_D:[2168.36254383 1472.93995672],[2171.6275397  1185.92444776],[2817.19352487 1229.72682951],[2816.36907327 1518.31784323]
DJI_20250516103722_0593_D:[2491.59282839 2281.36338938],[2489.417679   2566.27970416],[1856.18413936 2514.73073753],[1857.23983903 2231.12630554]
DJI_20250516103716_0590_D:[2532.50263402 1170.09516624],[2529.04195002 1454.91086683],[1889.09130431 1405.40083803],[1894.86927944 1121.48203375]
DJI_20250516103452_0518_D:[2120.35563446 2880.53090795],[2120.74267442 2592.63653443],[2769.7572607  2643.63878465],[2767.44476033 2932.40913947]
DJI_20250516103724_0594_D:[2472.22784146 2637.09959217],[2470.29812763 2919.2198794 ],[1839.4392768 2865.9574666],[1839.2517744  2584.99044711]
42
DJI_20250516103338_0481_D:[3083.74882584 1855.73734253],[3083.03996142 2142.5054757 ],[2441.81173006 2098.59119224],[2442.65211386 1809.48532049]
DJI_20250516103340_0482_D:[3041.11173355 2186.44475346],[3039.52249421 2472.46100627],[2399.00578754 2430.8019579 ],[2399.72761188 2142.36098249]
DJI_20250516103336_0480_D:[3107.19588517 1508.87206342],[3107.41738093 1794.9230354 ],[2466.17973653 1748.37294317],[2467.1619107 1460.1886625]
DJI_20250516103448_0516_D:[2916.4007734  2006.82819794],[2917.80630625 1726.56666244],[3539.89342258 1773.61840317],[3539.15376135 2052.96570046]
DJI_20250516103450_0517_D:[2910.12373418 2344.17980631],[2911.94059855 2063.77212436],[3534.65442848 2109.58672242],[3532.50279042 2388.9157725 ]
DJI_20250516103342_0483_D:[3003.46691632 2502.65046241],[3001.41352336 2786.69110316],[2362.19997449 2747.62361156],[2362.40842376 2461.13968859]
DJI_20250516103334_0479_D:[3132.50850702 1174.82202941],[3133.64792854 1458.45944711],[2493.84511175 1409.4638946 ],[2494.92253422 1123.92949522]
DJI_20250516103446_0515_D:[2928.91482054 1643.68960246],[2929.55925176 1365.83046438],[3548.61736909 1413.30978246],[3549.65169531 1690.42899833]
DJI_20250516103452_0518_D:[2903.81582765 2688.56890778],[2906.13175952 2409.6385436 ],[3528.3059282  2454.22698578],[3524.60953334 2731.87965131]
DJI_20250516103444_0514_D:[2948.91006535 1331.49156118],[2948.96239524 1056.7052205 ],[3565.06108072 1104.84948945],[3567.53163557 1379.0057769 ]
43
DJI_20250516103450_0517_D:[2206.53670122 2077.67716623],[2208.74323132 1789.75040469],[2851.86359805 1836.814646  ],[2850.24519876 2125.87747617]
DJI_20250516103452_0518_D:[2201.11725531 2432.78715661],[2202.63247217 2145.10827015],[2846.18265025 2193.64769383],[2844.13428833 2482.26579646]
DJI_20250516103448_0516_D:[2213.29773922 1731.03486256],[2216.23296961 1444.54818118],[2857.80048441 1490.25406018],[2856.52659365 1778.0331388 ]
DJI_20250516103718_0591_D:[2444.59719875 1987.9255887 ],[2441.33452252 2273.03538579],[1807.04197328 2221.88032969],[1810.15909182 1937.35649098]
DJI_20250516103716_0590_D:[2454.56292413 1611.64679958],[2451.21183925 1896.22805348],[1817.17216468 1846.36313166],[1821.50123281 1562.56805908]
DJI_20250516103454_0519_D:[2186.03326463 2788.08305828],[2187.31069208 2502.16619409],[2830.57782414 2553.16687479],[2827.64706623 2839.80771724]
DJI_20250516103714_0589_D:[2459.87226385 1251.22528792],[2456.47262461 1533.70208887],[1823.51453196 1485.31349113],[1828.98292349 1203.85393164]
DJI_20250516103446_0515_D:[2228.94255571 1360.95396547],[2232.24706579 1078.3726555 ],[2869.67362764 1121.72472355],[2869.11062564 1405.7449725 ]
DJI_20250516103720_0592_D:[2425.4235787  2370.00095052],[2423.10739019 2650.80341575],[1799.13875396 2598.26694101],[1800.12449005 2318.87846678]
DJI_20250516103336_0480_D:[3835.35714744 1778.63618635],[3835.37442412 2069.40541479],[3195.75211864 2024.98603893],[3195.9789967  1729.51904116]
44
DJI_20250516103336_0480_D:[3082.28071143 1935.18408985],[3081.5309412  2224.62928116],[2434.28842772 2181.19097892],[2434.96814779 1889.3711294 ]
DJI_20250516103334_0479_D:[3109.16973809 1595.09110456],[3109.25981958 1884.14158368],[2461.92377512 1838.00321969],[2462.81186431 1546.78117798]
DJI_20250516103338_0481_D:[3057.29084992 2285.63731858],[3055.69113653 2573.63825576],[2410.10695231 2533.03641564],[2410.53387099 2242.4964805 ]
DJI_20250516103452_0518_D:[2938.52549803 2275.1498006 ],[2940.31825708 1992.46840491],[3567.57519624 2038.95562405],[3565.59023931 2320.51739019]
DJI_20250516103450_0517_D:[2944.14305261 1926.25989705],[2945.36049669 1644.14985116],[3571.59245274 1691.72223697],[3571.24313158 1972.90256367]
DJI_20250516103332_0478_D:[3118.76366021 1270.02823351],[3119.75625387 1556.88656959],[2474.06416406 1508.75360323],[2475.00356322 1220.02024207]
DJI_20250516103448_0516_D:[2949.80996637 1586.91145049],[2950.54385906 1306.94849089],[3574.61958652 1355.65889421],[3575.76807732 1634.84870734]
DJI_20250516103454_0519_D:[2922.94972596 2626.4771933 ],[2925.77282057 2344.64568466],[3553.43915515 2390.98154365],[3549.36511565 2671.48488142]
DJI_20250516103340_0482_D:[3013.03941113 2617.55418511],[3010.68040956 2902.73298558],[2367.38630206 2864.41163498],[2367.54647386 2576.64697099]
DJI_20250516103330_0477_D:[3138.13013891  932.79886022],[3139.63178343 1215.48455796],[2497.61048309 1164.37025415],[2499.04912174  880.09466232]
45
DJI_20250516103452_0518_D:[2336.67847301 1985.26106853],[2338.90770498 1695.04028985],[2987.40402518 1742.4768989 ],[2985.98181851 2033.5281444 ]
DJI_20250516103454_0519_D:[2321.19747451 2346.16928713],[2323.46710321 2055.38509757],[2973.46403758 2105.10846517],[2970.8633595  2396.52567498]
DJI_20250516103450_0517_D:[2343.02088952 1627.17110757],[2345.68909804 1339.04964686],[2991.96172706 1385.2105787 ],[2991.23807758 1674.34321995]
DJI_20250516103714_0589_D:[2318.20027054 1688.99907662],[2314.96010562 1976.13115062],[1677.24999021 1926.19951917],[1681.29592193 1640.22662165]
DJI_20250516103716_0590_D:[2312.85928828 2054.77266642],[2309.93631522 2341.7482771 ],[1672.848424   2290.13941419],[1675.4538459  2004.09951293]
DJI_20250516103456_0520_D:[2302.4499207  2727.91687498],[2304.29632252 2438.77444646],[2953.97551441 2489.7658445 ],[2950.61043403 2779.31107956]
DJI_20250516103712_0588_D:[2331.79996814 1336.96310029],[2327.67363903 1622.13759423],[1691.51639819 1572.77939189],[1697.525984   1289.01676347]
DJI_20250516103448_0516_D:[2350.56591406 1280.36576951],[2353.71701362  995.97011649],[2996.67616106 1041.01428963],[2996.55403124 1326.56398819]
DJI_20250516103718_0591_D:[2303.06131423 2434.00203862],[2300.51605837 2719.11360872],[1665.00036196 2665.948238  ],[1666.06698461 2381.58232007]
DJI_20250516103334_0479_D:[3739.34171772 1888.52552172],[3738.77614792 2182.85972099],[3089.1753859 2139.6681379],[3089.68117524 1840.84676216]
46
DJI_20250516102730_0297_D:[2585.31782979 2258.43450304],[2586.73277917 1972.90557145],[3221.63047158 2019.06930079],[3219.99443637 2303.34427312]
DJI_20250516102728_0296_D:[2606.78823143 1922.42341978],[2608.35660008 1637.28378073],[3242.29424223 1685.05358969],[3241.48141504 1969.08433983]
DJI_20250516102608_0256_D:[3406.74830604 1696.31245602],[3405.58168081 1975.21004   ],[2783.09582557 1928.42594321],[2784.87564788 1648.84501723]
DJI_20250516102610_0257_D:[3410.31461538 2058.60243666],[3407.93151745 2337.61965272],[2785.70639554 2292.3008239 ],[2787.65144304 2012.30332309]
DJI_20250516102732_0298_D:[2558.88770738 2579.78230279],[2560.28663854 2299.75878222],[3187.03807315 2345.36135225],[3184.48772029 2624.94513797]
DJI_20250516102726_0295_D:[2632.92505052 1573.6411418 ],[2634.81825702 1291.16914733],[3265.11980749 1341.0362361 ],[3265.04148846 1622.53739867]
DJI_20250516102606_0255_D:[3402.46609077 1340.61412523],[3402.52055528 1617.33064061],[2781.70034345 1569.61861358],[2783.30277189 1292.48768087]
DJI_20250516102612_0258_D:[3381.53150026 2403.87385226],[3378.27340958 2680.66690937],[2758.85441975 2637.43699514],[2760.71868474 2359.48725169]
DJI_20250516102734_0299_D:[2556.65620843 2896.26164983],[2558.14013642 2618.49159796],[3183.86547052 2664.04029069],[3180.34073055 2941.17551074]
DJI_20250516102724_0294_D:[2630.27644434 1264.42470074],[2632.05384301  989.22411046],[3252.60357382 1036.13980391],[3253.49652398 1311.4452569 ]
47
DJI_20250516102610_0257_D:[2804.63543332 1807.40128636],[2802.83455126 2090.09019451],[2173.21043527 2042.79498963],[2175.38548812 1761.02454472]
DJI_20250516102612_0258_D:[2777.41983866 2158.46667212],[2775.64531291 2440.02397982],[2148.17360802 2392.52110575],[2149.34485158 2111.69426565]
DJI_20250516102608_0256_D:[2801.61757773 1441.75832023],[2800.01394117 1722.98282117],[2171.56499278 1676.76597419],[2174.60748033 1396.74546526]
DJI_20250516102350_0187_D:[1742.0899314  2156.78907464],[1745.18761806 1883.27004209],[2353.58485236 1930.95151968],[2350.65629336 2206.2254327 ]
DJI_20250516102348_0186_D:[1767.15115986 1821.35780785],[1771.53253697 1547.80580838],[2380.83115443 1593.28716651],[2377.55373731 1868.73145848]
DJI_20250516102614_0259_D:[2747.21551416 2496.65757688],[2745.46302648 2776.01574877],[2120.35938178 2728.1002687 ],[2120.59542349 2449.331104  ]
DJI_20250516102352_0188_D:[1714.05073968 2492.30783471],[1715.88879234 2219.92534514],[2323.15230806 2270.06019535],[2320.55570238 2544.0842079 ]
DJI_20250516102606_0255_D:[2799.76632118 1084.81708872],[2798.37284338 1362.50960516],[2172.9511195 1317.8361974],[2176.83302451 1041.59288677]
DJI_20250516102346_0185_D:[1797.10506745 1489.76524024],[1802.64306371 1217.77837129],[2411.51316584 1261.08474948],[2407.97472322 1535.07434613]
DJI_20250516102728_0296_D:[3231.7384479  2177.92293575],[3233.16243446 1890.84216945],[3860.20921323 1938.02190833],[3858.67178832 2221.94890114]
48
DJI_20250516102726_0295_D:[2568.28813817 2014.43482041],[2570.28254164 1729.4193472 ],[3203.92644134 1777.60707208],[3202.48600219 2061.54404617]
DJI_20250516102728_0296_D:[2542.66304132 2364.74960854],[2544.16355372 2079.27765344],[3179.75659425 2125.37301447],[3177.73078051 2409.64109539]
DJI_20250516102724_0294_D:[2566.76283935 1696.20181532],[2568.72966883 1416.75973187],[3193.53728595 1463.46990252],[3193.03085086 1742.94665632]
DJI_20250516102612_0258_D:[3444.57978707 1972.67663819],[3442.80160622 2251.13868859],[2822.1154072  2206.35956444],[2823.71235214 1926.83436072]
DJI_20250516102610_0257_D:[3471.94557369 1626.72777529],[3471.20249661 1905.39379641],[2849.21036967 1858.58496722],[2850.73343829 1579.02816709]
DJI_20250516102614_0259_D:[3414.14226144 2307.06756583],[3411.39079873 2584.27417457],[2792.0671335  2541.25698377],[2793.74058752 2262.85534383]
DJI_20250516102730_0297_D:[2521.65096648 2698.86145114],[2522.85110191 2415.06764818],[3157.86102796 2459.54488264],[3155.15204511 2741.99982634]
DJI_20250516102722_0293_D:[2576.94522725 1371.10939066],[2579.02116309 1094.45388858],[3201.29074027 1141.24771478],[3201.54890717 1418.07923165]
DJI_20250516102608_0256_D:[3466.27900571 1267.53422263],[3466.84956237 1543.92306469],[2846.17533475 1495.88204839],[2847.42980474 1218.88994491]
DJI_20250516102616_0260_D:[3368.31091859 2630.26292359],[3364.82186185 2905.00062556],[2747.26834805 2864.03656879],[2748.73793857 2587.98394617]
49
DJI_20250516102612_0258_D:[2782.77407556 1708.6335571 ],[2781.3227944  1990.70697483],[2152.7736583  1944.41501515],[2154.90472201 1663.33499223]
DJI_20250516102614_0259_D:[2752.60135202 2047.97047021],[2751.09967455 2329.85901559],[2123.46274319 2282.93945008],[2124.72972061 2001.91235785]
DJI_20250516102610_0257_D:[2809.96298542 1358.27075607],[2808.55548752 1639.3406122 ],[2179.4138062  1593.54452838],[2182.48252238 1313.64502602]
DJI_20250516102346_0185_D:[1786.96390039 1927.26315737],[1790.91304338 1652.34547882],[2403.01570622 1698.79771398],[2399.87059843 1975.48942961]
DJI_20250516102616_0260_D:[2707.09033229 2377.30383656],[2705.81339836 2657.76546884],[2079.66479643 2610.59235264],[2079.7492749  2330.87446755]
DJI_20250516102348_0186_D:[1758.93974364 2259.06543979],[1761.65322255 1984.52216895],[2372.75354403 2032.98517579],[2369.94821153 2309.18450474]
DJI_20250516102344_0184_D:[1802.2093938  1611.77054388],[1807.07014917 1338.51285658],[2417.51763477 1382.37626373],[2414.29663988 1657.56356727]
DJI_20250516102350_0187_D:[1736.01242946 2592.07421925],[1737.37192009 2319.56929577],[2346.07541903 2370.02375081],[2343.69034839 2644.03848122]
DJI_20250516102608_0256_D:[2806.60372533  997.63328333],[2805.40124438 1274.97078427],[2179.13241461 1230.69582754],[2183.04949164  954.79796084]
DJI_20250516102724_0294_D:[3240.9657093  1959.83188828],[3241.97953611 1676.65202634],[3864.33683257 1725.46270993],[3863.92562153 2006.53390472]
50
DJI_20250516102724_0294_D:[2551.29314305 2114.25090789],[2553.18551633 1831.38523739],[3183.85101938 1878.37049881],[3182.23998116 2161.05197041]
DJI_20250516102722_0293_D:[2561.3555089  1785.19937967],[2563.40421314 1503.36426029],[3192.81194309 1550.61181383],[3191.94422288 1832.41735123]
DJI_20250516102726_0295_D:[2553.05413663 2440.57116847],[2554.94586284 2153.92082133],[3193.2625257  2200.75945317],[3190.67697252 2486.08170364]
DJI_20250516102614_0259_D:[3432.84838758 1893.53604744],[3431.58366882 2173.57206433],[2807.25519949 2128.6003468 ],[2808.60976802 1847.56740884]
DJI_20250516102612_0258_D:[3461.90163871 1557.56747555],[3461.70855086 1837.01955716],[2837.35605715 1790.41272958],[2838.55070298 1510.09362429]
DJI_20250516102616_0260_D:[3387.97743167 2220.03533114],[3385.85443275 2499.46502822],[2761.89912969 2456.43836337],[2763.15747148 2175.89545023]
DJI_20250516102720_0292_D:[2582.60806892 1452.79109092],[2584.67738508 1172.967824  ],[3212.76972017 1220.33549312],[3212.81462441 1500.25610419]
DJI_20250516102728_0296_D:[2528.08217767 2791.1334106 ],[2529.39450355 2506.21021541],[3168.04182158 2550.7858105 ],[3164.92395004 2834.26313647]
DJI_20250516102610_0257_D:[3487.73674299 1211.69428796],[3488.68488558 1489.37694953],[2864.46845305 1440.92443612],[2865.50540418 1162.54278976]
DJI_20250516102618_0261_D:[3370.33576475 2563.58680305],[3366.89528961 2840.76599251],[2744.78018184 2798.79777625],[2746.37443212 2520.34545331]
51
DJI_20250516102606_0255_D:[2747.82078084 1921.91274304],[2745.73837511 2202.90584375],[2120.67714866 2154.93639228],[2122.8712305  1875.04410017]
DJI_20250516102604_0254_D:[2742.91444415 1570.58855577],[2740.87945191 1850.10932047],[2117.85449643 1803.34134898],[2121.00969042 1525.14589218]
DJI_20250516102608_0256_D:[2748.98503797 2283.6701221 ],[2746.78532913 2563.95394375],[2121.85974777 2515.08290539],[2123.10840028 2235.62355176]
DJI_20250516102354_0189_D:[1757.38129663 2023.5292201 ],[1761.14394072 1750.31596177],[2368.88483702 1797.42737657],[2365.64360739 2072.47901532]
DJI_20250516102602_0253_D:[2784.38911946 1234.17932991],[2782.46940454 1511.3455779 ],[2160.74531631 1465.53021989],[2164.70336842 1189.74319644]
DJI_20250516102356_0190_D:[1736.99494993 2335.45799635],[1739.51443082 2061.65057328],[2349.10022345 2110.91858605],[2346.2479452  2386.41118903]
DJI_20250516102352_0188_D:[1771.00615051 1677.85833253],[1775.99087815 1407.27814697],[2379.52096793 1451.68041327],[2375.97243658 1724.21888789]
DJI_20250516102610_0257_D:[2751.4846596  2647.89883899],[2749.17606957 2925.38069217],[2126.22384699 2876.17184034],[2126.51735364 2599.20595096]
DJI_20250516102732_0298_D:[3223.96262233 1990.72433558],[3224.83374701 1708.66211581],[3845.32152124 1756.22079496],[3844.86928828 2036.2782061 ]
DJI_20250516102734_0299_D:[3222.01677292 2312.32156331],[3223.92863133 2029.97040355],[3845.1618219 2075.6588618],[3842.76552774 2355.81393976]
52
DJI_20250516102734_0299_D:[2557.79601646 2064.61990094],[2559.52655775 1783.47019448],[3186.55718223 1829.83321266],[3185.18628848 2110.88890907]
DJI_20250516102736_0300_D:[2542.29367515 2393.69882165],[2544.12048563 2112.47878511],[3172.08900603 2159.21391306],[3169.70341345 2440.17326773]
DJI_20250516102732_0298_D:[2559.75588379 1744.97413201],[2561.38359923 1465.13072231],[3186.82195206 1511.00817923],[3186.42882798 1790.92757072]
DJI_20250516102604_0254_D:[3396.38479834 1817.72129821],[3394.60514303 2095.80193793],[2774.35834583 2048.94841586],[2776.46789177 1770.19919385]
DJI_20250516102606_0255_D:[3403.1785585 2167.3327588],[3400.27908217 2445.66110271],[2779.21891496 2400.17616198],[2781.43189865 2120.92654086]
DJI_20250516102602_0253_D:[3435.48717678 1482.46110871],[3434.75127238 1759.16651663],[2815.72602451 1710.98844571],[2817.71231736 1433.68672103]
DJI_20250516102738_0301_D:[2510.12033907 2717.95415191],[2511.80238048 2439.31210584],[3137.13180165 2485.88235795],[3133.96617953 2764.16167571]
DJI_20250516102730_0297_D:[2586.07725052 1411.00848649],[2587.61699    1129.54387093],[3218.30305207 1178.34601488],[3219.00544288 1459.1053626 ]
DJI_20250516102608_0256_D:[3403.81455835 2525.41070061],[3399.67923757 2801.75344508],[2780.10212707 2758.05028237],[2782.48710095 2480.49684983]
DJI_20250516102600_0252_D:[3474.18259884 1173.82924608],[3474.69105777 1448.21929669],[2857.05923517 1398.97633352],[2858.67789164 1124.05297605]
53
DJI_20250516102602_0253_D:[2656.44176331 1648.40072237],[2654.03455609 1929.07498269],[2029.84622921 1881.42219655],[2033.15023163 1602.26184545]
DJI_20250516102604_0254_D:[2614.45292328 1989.08539311],[2612.20792181 2270.19725195],[1988.25027167 2221.25389291],[1990.45824211 1941.58891155]
DJI_20250516102356_0190_D:[1859.4499917  1926.05235545],[1863.46314258 1651.01345298],[2476.35347137 1698.02401779],[2473.12131162 1974.66615279]
DJI_20250516102358_0191_D:[1834.38435878 2266.97552456],[1837.29215702 1992.18843069],[2449.57222644 2041.27975736],[2446.49466861 2317.52217363]
DJI_20250516102600_0252_D:[2698.38658375 1334.10285977],[2696.0777683 1613.3165232],[2071.92313678 1567.02118965],[2076.01764768 1289.38534735]
DJI_20250516102606_0255_D:[2619.03860096 2343.33900432],[2616.95243109 2623.86978388],[1992.43867744 2573.62156288],[1993.45666197 2294.29601726]
DJI_20250516102354_0189_D:[1881.34445492 1613.82475362],[1886.3735667  1341.12264161],[2496.09859857 1386.11430891],[2492.7003708  1660.56607658]
DJI_20250516102400_0192_D:[1793.97757401 2613.26752687],[1795.55493214 2340.53978204],[2405.56752902 2391.59737966],[2402.83205474 2665.67562183]
DJI_20250516102558_0251_D:[2714.85613858  991.40243903],[2713.03147355 1266.76654072],[2091.89515019 1223.04808815],[2096.46543403  949.40429544]
DJI_20250516102608_0256_D:[2620.22660838 2704.7519332 ],[2618.2455177  2982.41558841],[1995.41202736 2931.22267649],[1995.24554484 2654.47467408]
54
DJI_20250516102602_0253_D:[3135.22466423 1903.08227643],[3132.84051129 2184.6606002 ],[2504.56802934 2136.54215924],[2507.06426333 1854.96945157]
DJI_20250516102600_0252_D:[3176.81820991 1587.10412646],[3175.17975624 1868.21532794],[2546.63478842 1819.87076842],[2549.29113164 1538.83971682]
DJI_20250516102604_0254_D:[3093.61697644 2244.55833454],[3090.71088494 2525.50592423],[2462.985975   2477.80728311],[2465.04922279 2196.785074  ]
DJI_20250516102736_0300_D:[2856.17327979 1965.24810194],[2857.77760504 1680.82663292],[3489.47312325 1728.92407535],[3488.50101182 2012.42662296]
DJI_20250516102738_0301_D:[2822.32687255 2296.86128011],[2824.32977366 2013.06954713],[3455.07945346 2060.08009217],[3452.74354484 2342.86150242]
DJI_20250516102558_0251_D:[3191.22366235 1239.99405791],[3190.80400396 1518.3791263 ],[2564.51939364 1470.79987019],[2566.93999027 1192.66293101]
DJI_20250516102734_0299_D:[2870.92104719 1632.77616431],[2871.9302964  1350.39118327],[3501.18194663 1398.93374226],[3501.74664648 1680.56673377]
DJI_20250516102740_0302_D:[2810.50650147 2634.55967409],[2812.79800175 2352.51386165],[3442.04340649 2398.25073697],[3438.45037503 2679.0880318 ]
DJI_20250516102606_0255_D:[3098.62822017 2598.78222597],[3095.07052256 2877.84524209],[2467.96733088 2830.82869275],[2469.62358762 2551.42537004]
DJI_20250516102732_0298_D:[2871.65121496 1311.82193163],[2872.1110593  1032.65006692],[3498.38342687 1081.48197842],[3500.39827615 1360.06752997]
55
DJI_20250516102600_0252_D:[2678.49294736 1795.17635003],[2676.00296006 2076.59837472],[2050.52342639 2028.01075359],[2053.50034196 1747.95463681]
DJI_20250516102602_0253_D:[2636.40622269 2111.37399376],[2633.94097335 2392.25475551],[2009.91555138 2342.38366793],[2011.97481586 2062.78918041]
DJI_20250516102558_0251_D:[2695.81688962 1446.69142421],[2693.74195766 1726.42055946],[2069.67619271 1680.21072013],[2073.21392776 1402.0071992 ]
DJI_20250516102400_0192_D:[1812.19740616 2163.22664702],[1815.4599438  1888.89325709],[2426.27930142 1937.40301843],[2423.09468503 2213.31631596]
DJI_20250516102358_0191_D:[1854.83448213 1814.00868614],[1859.29917911 1539.80266323],[2470.73841225 1586.23767855],[2467.34352129 1862.11820331]
DJI_20250516102402_0193_D:[1785.71936348 2479.91467909],[1787.90414586 2206.58244397],[2397.86639723 2257.23136909],[2394.88879862 2532.04627002]
DJI_20250516102604_0254_D:[2594.71275104 2452.23861188],[2592.53350214 2731.42306472],[1970.30664611 2680.33791144],[1971.13918308 2402.35620298]
DJI_20250516102356_0190_D:[1881.71718214 1473.12271141],[1887.19251554 1200.77203621],[2497.66701527 1244.94671541],[2494.21279548 1519.10982804]
DJI_20250516102556_0250_D:[2685.90735151 1110.03636983],[2683.9527554  1386.86823797],[2062.11752679 1342.69775003],[2066.44074001 1067.59865956]
DJI_20250516102404_0194_D:[1791.92386707 2787.58528928],[1792.85922392 2515.89229021],[2402.72129375 2568.04061346],[2400.15117149 2841.03597817]
56
DJI_20250516103324_0474_D:[3039.19792508 1693.08139162],[3041.39314989 1976.07227981],[2411.11056545 1937.55855755],[2409.24183482 1656.53797755]
DJI_20250516103326_0475_D:[3052.91065315 2020.68664734],[3051.85289684 2318.59709774],[2385.38860251 2274.02201304],[2386.05804424 1973.99324969]
DJI_20250516103322_0473_D:[3037.0921218  1295.80800861],[3037.27805938 1586.24593631],[2384.84310842 1539.93624111],[2386.58441292 1249.94323324]
DJI_20250516103328_0476_D:[3063.51892494 2387.15308993],[3061.5881523  2683.54133386],[2396.29431618 2641.77675846],[2396.66275736 2342.95916403]
DJI_20250516103500_0522_D:[3042.77856096 1933.35462928],[3044.8547455  1641.99676736],[3689.78741244 1693.43088538],[3688.45670543 1983.46001004]
DJI_20250516103502_0523_D:[3047.40933368 2303.86240768],[3050.25250154 2012.84981576],[3693.99246814 2062.49992291],[3690.76724775 2351.88198015]
DJI_20250516103458_0521_D:[3044.07302419 1585.8957143 ],[3045.29859844 1296.24849171],[3689.22819181 1348.79665099],[3689.84701639 1637.3382552 ]
DJI_20250516103504_0524_D:[3005.10519605 2634.00403179],[3008.5031916 2346.2814321],[3647.77685169 2393.87867108],[3643.02493905 2679.87523183]
DJI_20250516103320_0472_D:[3052.28784582  944.11711176],[3053.00945281 1230.75808213],[2402.9366871  1184.26734254],[2405.23121263  898.21683155]
DJI_20250516103330_0477_D:[3046.38283191 2747.98257246],[3043.71749584 3040.67293635],[2381.43773764 3002.04825457],[2381.35401837 2706.74430004]
57
DJI_20250516103500_0522_D:[2628.66605251 2133.9054464 ],[2631.3618879  1842.57872961],[3280.72531718 1892.73543965],[3278.22804701 2183.88000769]
DJI_20250516103458_0521_D:[2630.18266533 1786.91222074],[2632.7237081  1496.28176023],[3281.76640201 1546.17612539],[3280.51124678 1836.85377813]
DJI_20250516103324_0474_D:[3436.20065702 1492.66171635],[3439.32094638 1774.96195149],[2807.48914545 1736.93615786],[2805.20053501 1455.55286189]
DJI_20250516103502_0523_D:[2634.37634986 2502.67297384],[2637.13126674 2212.69239032],[3284.80820744 2262.48855129],[3281.13859326 2551.97658417]
DJI_20250516103326_0475_D:[3466.1380392  1814.07316658],[3465.66135817 2109.38499235],[2808.71715208 2064.201584  ],[2809.38332694 1765.6000572 ]
DJI_20250516103328_0476_D:[3477.5425678  2177.34674372],[3475.49425706 2472.18413754],[2819.31338101 2431.2177772 ],[2820.41382649 2132.76052132]
DJI_20250516103456_0520_D:[2621.42794943 1417.08973365],[2623.9614105  1130.23465244],[3268.80143925 1179.57447248],[3268.71863085 1466.74095129]
DJI_20250516103504_0524_D:[2595.9258818  2829.09618649],[2598.57716514 2543.35574549],[3240.68245719 2592.4393853 ],[3236.16645247 2877.5649516 ]
DJI_20250516103322_0473_D:[3443.4169794  1099.45476345],[3445.58954511 1386.53111099],[2798.02150334 1338.02037241],[2798.31473925 1050.24583794]
DJI_20250516103708_0586_D:[2022.62207199 1971.21294344],[2019.45328534 2257.73477364],[1388.30952514 2205.35095487],[1391.51646332 1920.67035361]
58
DJI_20250516103328_0476_D:[2953.62233905 1894.78811794],[2952.76030412 2189.96724539],[2292.20123926 2144.5378374 ],[2293.12183104 1847.61644412]
DJI_20250516103326_0475_D:[2942.08276817 1533.19509073],[2941.8593781  1827.31478203],[2282.16053443 1780.08091165],[2283.57060593 1484.5605653 ]
DJI_20250516103330_0477_D:[2937.89073383 2254.34300733],[2936.46307344 2548.48448296],[2276.90501084 2505.39027107],[2277.24366295 2209.2813202 ]
DJI_20250516103324_0474_D:[2931.90635747 1237.36316559],[2934.67552758 1514.77182768],[2314.07207924 1480.45122427],[2312.92288618 1205.44034051]
DJI_20250516103332_0478_D:[2916.09935443 2607.19631979],[2914.60129582 2898.98908843],[2256.23136031 2859.23435578],[2255.52014299 2565.29738605]
DJI_20250516103458_0521_D:[3139.5959244  2067.72977913],[3141.68550902 1779.12726915],[3778.5405752  1829.24221405],[3776.77029179 2116.16672753]
DJI_20250516103500_0522_D:[3136.7129991  2410.57033693],[3139.78336595 2122.63883786],[3775.82521302 2170.95732927],[3772.01027723 2456.97847141]
DJI_20250516103456_0520_D:[3129.29355996 1699.67780227],[3130.46894407 1413.29809875],[3764.66356179 1465.0768728 ],[3764.96209477 1750.06860699]
DJI_20250516103322_0473_D:[2928.90996659  835.60601451],[2929.47345453 1117.29823328],[2288.6313112  1073.29090937],[2291.3654031   792.61439398]
DJI_20250516103502_0523_D:[3139.46761063 2772.75291084],[3143.44811808 2487.5771324 ],[3776.45853648 2533.29866557],[3770.63889211 2816.25143897]
59
DJI_20250516103458_0521_D:[2337.40128534 2243.4745814 ],[2339.97792132 1951.50530601],[2992.24753204 2001.5395896 ],[2989.60154969 2294.14974473]
DJI_20250516103456_0520_D:[2329.31985015 1870.67684414],[2332.40786472 1580.07583565],[2982.12453648 1628.84560704],[2980.15545635 1920.36579466]
DJI_20250516103500_0522_D:[2336.67094199 2588.67101552],[2338.90415694 2298.27799338],[2989.85503075 2349.26704765],[2986.46248679 2640.0516087 ]
DJI_20250516103710_0587_D:[2308.6977878  1846.02287996],[2305.06976221 2133.34244969],[1667.49926066 2081.55136833],[1671.51073453 1795.30233932]
DJI_20250516103454_0519_D:[2349.1649738  1488.18003455],[2352.52505032 1200.5986094 ],[2999.08468409 1247.59131835],[2998.0087517  1536.27562685]
DJI_20250516103708_0586_D:[2311.05453597 1523.32337501],[2307.14827802 1809.86936987],[1669.77405927 1759.68983422],[1675.03450275 1474.42079853]
DJI_20250516103712_0588_D:[2300.12985571 2182.74043552],[2297.17848498 2469.61072083],[1660.10291951 2417.00286234],[1662.40631634 2131.07165019]
DJI_20250516103502_0523_D:[2344.13731266 2952.51908716],[2345.93769009 2665.80229388],[2993.66318795 2717.0571051 ],[2989.59337047 3003.83099688]
DJI_20250516103706_0585_D:[2336.53926482 1180.98265807],[2332.33488156 1462.75654376],[1703.50137344 1416.04259517],[1710.0831505  1136.42493136]
DJI_20250516103328_0476_D:[3764.63878717 1714.66580174],[3764.76622822 2008.57299176],[3115.73405869 1962.24343319],[3116.06006152 1664.10134687]
60
DJI_20250516103330_0477_D:[3067.17163587 1807.31702138],[3066.46572555 2103.5148986 ],[2403.89564158 2057.49375683],[2404.90669077 1759.18277354]
DJI_20250516103332_0478_D:[3045.75440437 2161.8776704 ],[3044.71497413 2457.98415074],[2381.63925752 2415.53372938],[2381.86353316 2117.08896801]
DJI_20250516103328_0476_D:[3081.70108365 1447.91068389],[3081.82349409 1742.82403989],[2419.97528247 1694.30906475],[2421.30867298 1397.55269454]
DJI_20250516103456_0520_D:[3004.98366826 2135.61427567],[3007.28793758 1845.85567649],[3648.86186867 1895.65878496],[3646.74205035 2184.09809114]
DJI_20250516103334_0479_D:[3033.31700934 2497.73559781],[3031.49491058 2791.8650104 ],[2369.83209566 2752.02797181],[2369.79030027 2455.32427623]
DJI_20250516103454_0519_D:[3023.28987743 1753.49905047],[3024.68612629 1465.37616823],[3664.05942511 1516.28056011],[3664.01069586 1803.2972307 ]
DJI_20250516103326_0475_D:[3068.49402274 1089.54868571],[3069.45094106 1381.1150148 ],[2410.06048063 1330.81621726],[2411.6843075  1037.79018652]
DJI_20250516103458_0521_D:[3013.87060909 2506.17741237],[3016.89629017 2216.49946683],[3659.48138715 2264.64888783],[3655.45272885 2552.6991485 ]
DJI_20250516103452_0518_D:[3035.47480305 1395.75972863],[3035.58573695 1111.2628252 ],[3671.11164555 1162.13451707],[3673.45557855 1445.70717224]
DJI_20250516103500_0522_D:[3010.09563676 2847.1071616 ],[3013.89223958 2560.27186843],[3654.04912768 2606.68632917],[3648.16580362 2891.63752461]