140.82813799334906,38.25516792141038 140.82814574465095,38.25516632258962 140.82813267750532,38.2551495299208 140.82814042880722,38.25514793110004 
140.82813341534904,38.25514964941038 140.82814116665094,38.25514805058962 140.8281280995053,38.255131257920794 140.8281358508072,38.255129659100035 
140.82812774234904,38.25513046541038 140.82813549365093,38.25512886658962 140.8281224265053,38.2551120739208 140.8281301778072,38.25511047510004 
140.82812379934904,38.25511268641038 140.82813155065094,38.25511108758962 140.8281184835053,38.255094294920795 140.8281262348072,38.255092696100036 
140.82811817734904,38.25509412241038 140.82812592865093,38.25509252358962 140.8281128615053,38.255075730920794 140.8281206128072,38.255074132100034 
140.82811253434906,38.25507599241038 140.82812028565095,38.255074393589624 140.82810721850532,38.2550576009208 140.82811496980722,38.25505600210004 
140.82813058134906,38.25516900341038 140.82813833265095,38.25516740458962 140.82812526550532,38.2551506119208 140.82813301680721,38.25514901310004 
140.82812447134904,38.25515098441038 140.82813222265094,38.25514938558962 140.8281191555053,38.255132592920795 140.8281269068072,38.255130994100035 
140.82811993834906,38.25513252741038 140.82812768965096,38.25513092858962 140.82811462250532,38.2551141359208 140.82812237380722,38.25511253710004 
140.82811444834906,38.25511429341038 140.82812219965095,38.25511269458962 140.82810913250532,38.2550959019208 140.8281168838072,38.25509430310004 
140.82810923234905,38.25509629041038 140.82811698365094,38.25509469158962 140.8281039165053,38.255077898920796 140.8281116678072,38.255076300100036 
140.82810430334905,38.255077931410376 140.82811205465094,38.25507633258962 140.8280989875053,38.255059539920794 140.8281067388072,38.255057941100034 
140.82812371834905,38.25517127841038 140.82813146965094,38.25516967958962 140.8281184025053,38.2551528869208 140.8281261538072,38.25515128810004 
140.82811859034905,38.25515297241038 140.82812634165094,38.25515137358962 140.8281132745053,38.255134580920796 140.8281210258072,38.25513298210004 
140.82811314734906,38.25513452641038 140.82812089865095,38.25513292758962 140.82810783150532,38.2551161349208 140.82811558280721,38.25511453610004 
140.82810790334906,38.25511579141038 140.82811565465096,38.25511419258962 140.82810258750533,38.2550973999208 140.82811033880722,38.25509580110004 
140.82810234334906,38.25509808441038 140.82811009465095,38.25509648558962 140.82809702750532,38.255079692920795 140.82810477880722,38.255078094100035 
140.82809728234906,38.25507896341038 140.82810503365096,38.25507736458962 140.82809196650533,38.255060571920794 140.82809971780722,38.255058973100034 
140.82811470434905,38.255171879410376 140.82812245565094,38.25517028058962 140.8281093885053,38.25515348792079 140.8281171398072,38.255151889100034 
140.82810966634906,38.25515417541038 140.82811741765096,38.25515257658962 140.82810435050533,38.2551357839208 140.82811210180722,38.25513418510004 
140.82810432734905,38.25513622441038 140.82811207865095,38.25513462558962 140.82809901150532,38.255117832920796 140.8281067628072,38.255116234100036 
140.82809934534905,38.25511729941038 140.82810709665094,38.25511570058962 140.8280940295053,38.2550989079208 140.8281017808072,38.25509730910004 
140.82809396834907,38.25509921041038 140.82810171965096,38.25509761158962 140.82808865250533,38.255080818920796 140.82809640380722,38.255079220100036 
140.82808841934906,38.25508043741038 140.82809617065095,38.25507883858962 140.82808310350532,38.255062045920795 140.82809085480721,38.255060447100036 
140.82810761034906,38.25517439441038 140.82811536165096,38.25517279558962 140.82810229450533,38.2551560029208 140.82811004580722,38.25515440410004 
140.82810255334905,38.25515660941038 140.82811030465095,38.25515501058962 140.82809723750532,38.255138217920795 140.8281049888072,38.255136619100035 
140.82809693734904,38.25513831241038 140.82810468865094,38.25513671358962 140.8280916215053,38.2551199209208 140.8280993728072,38.25511832210004 
140.82809199434905,38.25511975241038 140.82809974565095,38.25511815358962 140.82808667850531,38.2551013609208 140.8280944298072,38.25509976210004 
140.82808615734905,38.25510132741038 140.82809390865094,38.25509972858962 140.8280808415053,38.2550829359208 140.8280885928072,38.25508133710004 
140.82808117534904,38.25508248941038 140.82808892665093,38.25508089058962 140.8280758595053,38.255064097920794 140.8280836108072,38.255062499100035 
140.82810008334906,38.25517561641038 140.82810783465095,38.25517401758962 140.82809476750532,38.255157224920794 140.8281025188072,38.255155626100034 
140.82809497034904,38.25515768441038 140.82810272165094,38.25515608558962 140.8280896545053,38.255139292920795 140.8280974058072,38.255137694100036 
140.82808906434906,38.25513953141038 140.82809681565095,38.25513793258962 140.82808374850532,38.255121139920796 140.82809149980721,38.255119541100036 
140.82808338034906,38.25512044141038 140.82809113165095,38.25511884258962 140.82807806450532,38.255102049920794 140.8280858158072,38.255100451100034 
140.82807752534904,38.25510242041038 140.82808527665094,38.25510082158962 140.8280722095053,38.2550840289208 140.8280799608072,38.25508243010004 
140.82807261334906,38.25508373441038 140.82808036465096,38.25508213558962 140.82806729750533,38.255065342920794 140.82807504880722,38.255063744100035 
140.82809153834904,38.25517675141038 140.82809928965094,38.25517515258962 140.8280862225053,38.2551583599208 140.8280939738072,38.25515676110004 
140.82808700234906,38.25515892641038 140.82809475365096,38.25515732758962 140.82808168650533,38.2551405349208 140.82808943780722,38.25513893610004 
140.82808128334906,38.25514081741038 140.82808903465096,38.25513921858962 140.82807596750533,38.255122425920796 140.82808371880722,38.255120827100036 
140.82807670134906,38.25512196541038 140.82808445265096,38.25512036658962 140.82807138550532,38.2551035739208 140.82807913680722,38.25510197510004 
140.82807048334905,38.25510386141038 140.82807823465095,38.255102262589624 140.82806516750532,38.2550854699208 140.8280729188072,38.25508387110004 
140.82806619234904,38.255084670410376 140.82807394365094,38.25508307158962 140.8280608765053,38.25506627892079 140.8280686278072,38.255064680100034 
140.82808512634907,38.25517937041038 140.82809287765096,38.25517777158962 140.82807981050533,38.2551609789208 140.82808756180722,38.25515938010004 
140.82807965934904,38.25516126841038 140.82808741065094,38.255159669589624 140.8280743435053,38.2551428769208 140.8280820948072,38.25514127810004 
140.82807347434905,38.25514244041038 140.82808122565095,38.25514084158962 140.82806815850532,38.2551240489208 140.8280759098072,38.25512245010004 
140.82806875334904,38.25512487841038 140.82807650465094,38.25512327958962 140.8280634375053,38.255106486920795 140.8280711888072,38.255104888100036 
140.82806225834906,38.25510684441038 140.82807000965096,38.25510524558962 140.82805694250533,38.255088452920795 140.82806469380722,38.255086854100036 
140.82805799434905,38.25508662941038 140.82806574565095,38.25508503058962 140.82805267850532,38.255068237920796 140.8280604298072,38.255066639100036 
140.82807796134907,38.25518071841038 140.82808571265096,38.25517911958962 140.82807264550533,38.2551623269208 140.82808039680722,38.25516072810004 
140.82807147334904,38.25516304241038 140.82807922465093,38.25516144358962 140.8280661575053,38.2551446509208 140.8280739088072,38.25514305210004 
140.82806570934906,38.25514412141038 140.82807346065096,38.25514252258962 140.82806039350533,38.2551257299208 140.82806814480722,38.25512413110004 
140.82806100134906,38.25512629941038 140.82806875265095,38.25512470058962 140.82805568550532,38.255107907920795 140.8280634368072,38.255106309100036 
140.82805475934904,38.25510783141038 140.82806251065094,38.25510623258962 140.8280494435053,38.255089439920795 140.8280571948072,38.255087841100035 
140.82804939034907,38.25508886741038 140.82805714165096,38.25508726858962 140.82804407450533,38.255070475920796 140.82805182580722,38.25506887710004 
140.82806919834906,38.25518340641038 140.82807694965095,38.25518180758962 140.82806388250532,38.2551650149208 140.8280716338072,38.25516341610004 
140.82806405234905,38.25516490541038 140.82807180365094,38.25516330658962 140.8280587365053,38.2551465139208 140.8280664878072,38.25514491510004 
140.82805890934904,38.25514554541038 140.82806666065093,38.25514394658962 140.8280535935053,38.255127153920796 140.8280613448072,38.25512555510004 
140.82805291634907,38.25512810141038 140.82806066765096,38.25512650258962 140.82804760050533,38.255109709920795 140.82805535180722,38.255108111100036 
140.82804710034904,38.25510915341038 140.82805485165093,38.25510755458962 140.8280417845053,38.2550907619208 140.8280495358072,38.25508916310004 
140.82804226634906,38.25509070041038 140.82805001765095,38.25508910158962 140.82803695050532,38.255072308920795 140.82804470180722,38.255070710100036 
140.82806064934906,38.25518427641038 140.82806840065095,38.25518267758962 140.82805533350532,38.2551658849208 140.8280630848072,38.25516428610004 
140.82805647334905,38.25516657941038 140.82806422465094,38.25516498058962 140.8280511575053,38.255148187920796 140.8280589088072,38.255146589100036 
140.82805048234906,38.25514800741038 140.82805823365095,38.25514640858962 140.82804516650532,38.255129615920794 140.8280529178072,38.255128017100034 
140.82804539334904,38.25512949641038 140.82805314465094,38.255127897589624 140.8280400775053,38.2551111049208 140.8280478288072,38.25510950610004 
140.82803881834906,38.25511164841038 140.82804656965095,38.25511004958962 140.82803350250532,38.255093256920794 140.8280412538072,38.255091658100035 
140.82803388634906,38.25509247041038 140.82804163765095,38.25509087158962 140.82802857050532,38.2550740789208 140.82803632180722,38.25507248010004 
140.82805319334906,38.25518628141038 140.82806094465096,38.25518468258962 140.82804787750533,38.2551678899208 140.82805562880722,38.25516629110004 
140.82804780534906,38.25516775641038 140.82805555665095,38.25516615758962 140.82804248950532,38.2551493649208 140.82805024080722,38.25514776610004 
140.82804276934905,38.25514951041038 140.82805052065095,38.25514791158962 140.82803745350532,38.255131118920794 140.8280452048072,38.255129520100034 
140.82803672234905,38.25513067841038 140.82804447365095,38.25512907958962 140.82803140650532,38.2551122869208 140.8280391578072,38.25511068810004 
140.82803128134904,38.25511247641038 140.82803903265093,38.25511087758962 140.8280259655053,38.2550940849208 140.8280337168072,38.25509248610004 
140.82802662834905,38.25509408041038 140.82803437965094,38.25509248158962 140.8280213125053,38.2550756889208 140.8280290638072,38.25507409010004 
140.82804499834904,38.25518793241038 140.82805274965094,38.25518633358962 140.8280396825053,38.2551695409208 140.8280474338072,38.25516794210004 
140.82804055334904,38.255169432410376 140.82804830465093,38.25516783358962 140.8280352375053,38.25515104092079 140.8280429888072,38.255149442100034 
140.82803483534906,38.25515134341038 140.82804258665095,38.25514974458962 140.82802951950532,38.2551329519208 140.82803727080722,38.25513135310004 
140.82802915334906,38.25513279241038 140.82803690465096,38.25513119358962 140.82802383750533,38.255114400920796 140.82803158880722,38.25511280210004 
140.82802378834904,38.25511423341038 140.82803153965094,38.25511263458962 140.8280184725053,38.2550958419208 140.8280262238072,38.25509424310004 
140.82801885534906,38.25509558341038 140.82802660665095,38.25509398458962 140.82801353950532,38.2550771919208 140.82802129080721,38.25507559310004 
140.82803769034905,38.25518928841038 140.82804544165094,38.25518768958962 140.8280323745053,38.255170896920795 140.8280401258072,38.255169298100036 
140.82803201634906,38.25517178641038 140.82803976765095,38.25517018758962 140.82802670050532,38.2551533949208 140.8280344518072,38.25515179610004 
140.82802624634905,38.25515271941038 140.82803399765095,38.25515112058962 140.82802093050532,38.2551343279208 140.8280286818072,38.25513272910004 
140.82802106134906,38.25513431941038 140.82802881265096,38.25513272058962 140.82801574550533,38.2551159279208 140.82802349680722,38.25511432910004 
140.82801613234906,38.25511586241038 140.82802388365096,38.25511426358962 140.82801081650533,38.255097470920795 140.82801856780722,38.255095872100036 
140.82801141334906,38.25509751941038 140.82801916465095,38.25509592058962 140.82800609750532,38.255079127920794 140.82801384880722,38.255077529100035 
140.82803058834907,38.255189739410376 140.82803833965096,38.25518814058962 140.82802527250533,38.25517134792079 140.82803302380722,38.255169749100034 
140.82802485434905,38.25517224241038 140.82803260565095,38.25517064358962 140.82801953850532,38.2551538509208 140.8280272898072,38.25515225210004 
140.82801917734906,38.25515456441038 140.82802692865096,38.25515296558962 140.82801386150533,38.2551361729208 140.82802161280722,38.25513457410004 
140.82801348534906,38.25513544141038 140.82802123665095,38.25513384258962 140.82800816950532,38.2551170499208 140.82801592080722,38.25511545110004 
140.82800810234906,38.25511751241038 140.82801585365095,38.25511591358962 140.82800278650532,38.2550991209208 140.82801053780722,38.25509752210004 
140.82800303634906,38.25509926841038 140.82801078765095,38.255097669589624 140.82799772050532,38.2550808769208 140.82800547180722,38.25507927810004 
140.82802309834906,38.255192315410376 140.82803084965096,38.25519071658962 140.82801778250533,38.25517392392079 140.82802553380722,38.255172325100034 
140.82801726734905,38.25517406541038 140.82802501865095,38.25517246658962 140.82801195150532,38.2551556739208 140.8280197028072,38.25515407510004 
140.82801123834906,38.25515542141038 140.82801898965096,38.25515382258962 140.82800592250533,38.255137029920796 140.82801367380722,38.25513543110004 
140.82800639434905,38.25513683441038 140.82801414565094,38.25513523558962 140.8280010785053,38.255118442920796 140.8280088298072,38.25511684410004 
140.82800208834905,38.25511910441038 140.82800983965095,38.255117505589624 140.82799677250532,38.2551007129208 140.8280045238072,38.25509911410004 
140.82799578734907,38.25510042341038 140.82800353865096,38.25509882458962 140.82799047150533,38.2550820319208 140.82799822280722,38.25508043310004 
140.82801493534905,38.255194248410376 140.82802268665094,38.25519264958962 140.8280096195053,38.25517585692079 140.8280173708072,38.255174258100034 
140.82841866704715,38.25510891223113 140.82842641834904,38.25510731341037 140.8284133512034,38.25509052074155 140.8284211025053,38.25508892192079 
140.82842641834904,38.25510731341038 140.82843416965093,38.25510571458962 140.8284211025053,38.255088921920795 140.8284288538072,38.255087323100035 
140.82843416965093,38.255105714589625 140.82844192095283,38.255104115768866 140.8284288538072,38.25508732310004 140.8284366051091,38.25508572427928 
140.82839296304715,38.255021728231135 140.82840071434904,38.255020129410376 140.8283876472034,38.25500333674155 140.8283953985053,38.25500173792079 
140.82840071434904,38.25502012941038 140.82840846565094,38.25501853058962 140.8283953985053,38.2550017379208 140.8284031498072,38.25500013910004 
140.82840846565094,38.25501853058963 140.82841621695283,38.25501693176887 140.8284031498072,38.25500013910005 140.8284109011091,38.25499854027929 
140.82832260804716,38.25503391923113 140.82833035934905,38.25503232041037 140.82831729220342,38.25501552774155 140.82832504350532,38.25501392892079 
140.82833035934905,38.25503232041038 140.82833811065095,38.25503072158962 140.82832504350532,38.255013928920796 140.8283327948072,38.25501233010004 
140.82833811065095,38.25503072158963 140.82834586195284,38.25502912276887 140.8283327948072,38.255012330100044 140.8283405461091,38.255010731279285 
140.82834828204716,38.25512140023113 140.82835603334905,38.25511980141037 140.82834296620342,38.25510300874155 140.82835071750532,38.25510140992079 
140.82835603334905,38.25511980141038 140.82836378465095,38.25511820258962 140.82835071750532,38.2551014099208 140.8283584688072,38.25509981110004 
140.82836378465095,38.25511820258963 140.82837153595284,38.25511660376887 140.8283584688072,38.255099811100045 140.8283662201091,38.255098212279286 
140.82827744404716,38.25513130923113 140.82828519534905,38.25512971041037 140.82827212820342,38.25511291774155 140.82827987950532,38.25511131892079 
140.82828519534905,38.25512971041038 140.82829294665095,38.25512811158962 140.82827987950532,38.2551113189208 140.8282876308072,38.25510972010004 
140.82829294665095,38.25512811158963 140.82830069795284,38.25512651276887 140.8282876308072,38.255109720100045 140.8282953821091,38.255108121279285 
140.82825282904716,38.25504728323113 140.82826058034905,38.25504568441037 140.82824751320342,38.255028891741546 140.82825526450532,38.255027292920786 
140.82826058034905,38.255045684410376 140.82826833165095,38.25504408558962 140.82825526450532,38.25502729292079 140.8282630158072,38.255025694100034 
140.82826833165095,38.255044085589624 140.82827608295284,38.255042486768865 140.8282630158072,38.25502569410004 140.8282707671091,38.25502409527928 