484964.0805666347,4234140.831853686 484963.4027166053,4234141.01051359 484962.9338309424,4234138.97071237 484963.6116811305,4234138.79205243
484963.67626144015,4234138.805190743 484962.99841125176,4234138.983850681 484962.5295253707,4234136.944049492 484963.2073757223,4234136.765389517
484963.17596395424,4234136.677512954 484962.49811359594,4234136.85617293 484962.0292274713,4234134.816371777 484962.7070779906,4234134.63771176
484962.8273176078,4234134.705448696 484962.1494670917,4234134.884108702 484961.6805807683,4234132.844307573 484962.3584314454,4234132.66564753
484962.3316095389,4234132.646556037 484961.65375886083,4234132.825216084 484961.18487229664,4234130.785414989 484961.8627231356,4234130.606754906
484961.8341533259,4234130.635822177 484961.1563024922,4234130.814482265 484960.68741568725,4234128.774681205 484961.36526668415,4234128.596021079
484963.432296416,4234140.95311356 484962.754446413,4234141.131773518 484962.2855605934,4234139.091972335 484962.9634107573,4234138.91331234
484962.89400491765,4234138.954771725 484962.21615475643,4234139.133431727 484961.74726868875,4234137.093630582 484962.4251190086,4234136.914970541
484962.49359837,4234136.907574486 484961.8157480458,4234137.08623452 484961.34686176205,4234135.046433404 484962.02471224713,4234134.867773332
484962.0095073531,4234134.885276208 484961.33165687206,4234135.063936283 484960.86277035024,4234133.024135201 484961.5406209945,4234132.845475088
484961.54943662975,4234132.88856451 484960.8715859912,4234133.067224622 484960.4026992433,4234131.027423572 484961.0805500428,4234130.848763421
484961.114402643,4234130.852305501 484960.4365518408,4234131.030965648 484959.96766486875,4234128.991164628 484960.6455158318,4234128.8125044415
484962.83230536245,4234141.206656008 484962.15445539146,4234141.385316017 484961.6855694348,4234139.345514868 484962.36341956665,4234139.166854822
484962.3798720755,4234139.176309966 484961.70202194405,4234139.354970012 484961.2331357591,4234137.315168895 484961.9109860515,4234137.136508812
484961.899849614,4234137.130481161 484961.22199932137,4234137.3091412475 484960.75311290036,4234135.269340163 484961.43096335395,4234135.0906800395
484961.4371783381,4234135.05255347 484960.7593278813,4234135.231213593 484960.29044122674,4234133.191412542 484960.9682918423,4234133.012752381
484960.94707109855,4234133.0887409905 484960.26922048756,4234133.267401152 484959.800333599,4234131.227600136 484960.4781843687,4234131.048939934
484960.50033091,4234130.96795421 484959.8224801308,4234131.146614409 484959.3535930104,4234129.106813424 484960.0314439505,4234128.928153187
484962.0437733524,4234141.274805988 484961.3659234042,4234141.453466062 484960.8970372525,4234139.413664959 484961.57488736155,4234139.235004846
484961.5993382535,4234139.3112414945 484960.92148815247,4234139.489901605 484960.45260177605,4234137.450100533 484961.1304520402,4234137.271440384
484961.12851682946,4234137.32031956 484960.45066656946,4234137.498979711 484959.9817799646,4234135.459178669 484960.6596303855,4234135.280518482
484960.68872921047,4234135.221267497 484960.0108787839,4234135.399927682 484959.5419919501,4234133.360126673 484960.21984253754,4234133.18146645
484960.21455417806,4234133.215039734 484959.5367035935,4234133.393699957 484959.0678165273,4234131.3538989825 484959.74566727056,4234131.175238721
484959.72518922284,4234131.132945355 484959.0473384743,4234131.311605618 484958.5784511676,4234129.271804677 484959.2563020771,4234129.093144376
484961.42362110445,4234141.555015767 484960.7457711932,4234141.733675894 484960.27688490076,4234139.693874825 484960.9547349707,4234139.51521466
484960.9775068187,4234139.582466874 484960.2996567517,4234139.761127038 484959.83077023586,4234137.721325999 484960.50862046157,4234137.542665797
484960.48237855313,4234137.553198864 484959.8045283289,4234137.731859068 484959.3356415741,4234135.692058064 484960.0134919593,4234135.513397824
484960.0460782183,4234135.49463981 484959.36822782864,4234135.673300048 484958.8993408481,4234133.633499077 484959.5771913987,4234133.454838799
484959.5315872703,4234133.451205289 484958.8537367204,4234133.62986557 484958.38484949525,4234131.590064634 484959.0627002061,4234131.411404314
484959.09181696683,4234131.361806584 484958.4139662534,4234131.540466899 484957.94507879764,4234129.500665995 484958.6229296742,4234129.322005639
484960.76531821996,4234141.691828528 484960.0874683366,4234141.87048871 484959.61858188367,4234139.830687679 484960.2964319301,4234139.652027459
484960.3142739106,4234139.702978089 484959.6364238703,4234139.881638309 484959.16753719177,4234137.841837308 484959.84538739524,4234137.663177051
484959.79380238475,4234137.689735065 484959.11595218466,4234137.868395327 484958.6470652639,4234135.828594362 484959.3249156249,4234135.649934063
484959.2925607691,4234135.572489263 484958.61471040454,4234135.751149565 484958.1458232361,4234133.711348635 484958.82367376384,4234133.5326882955
484958.7765780502,4234133.573884354 484958.09872752917,4234133.752544699 484957.6298401182,4234131.712743804 484958.30769080244,4234131.53408342
484958.3429633655,4234131.501339777 484957.6651126778,4234131.680000156 484957.1962250432,4234129.640199293 484957.87407589186,4234129.461538876
484960.01793024037,4234141.819153537 484959.3400803817,4234141.997813783 484958.87119374966,4234139.958012793 484959.5490437692,4234139.77935251
484959.6173908972,4234139.842081759 484958.9395408814,4234140.0207420355 484958.47065403714,4234137.980941076 484959.1485042116,4234137.802280759
484959.1132893468,4234137.833690492 484958.4354391735,4234138.01235081 484957.9665520892,4234135.9725498855 484958.6444024212,4234135.793889528
484958.70851323724,4234135.74267338 484958.03066289733,4234135.921333731 484957.5617755934,4234133.881532834 484958.239626092,4234133.702872444
484958.160753528,4234133.734918079 484957.4829030315,4234133.913578476 484957.01401547657,4234131.873777616 484957.69186613394,4234131.695117181
484957.7813673876,4234131.606239291 484957.1035167208,4234131.784899716 484956.6346289505,4234129.745098885 484957.3124797782,4234129.566438421
484959.4574693043,4234142.1107921535 484958.7796194823,4234142.289452446 484958.3107327252,4234140.249651488 484958.9885827082,4234140.070991158
484958.97541736317,4234140.10313663 484958.2975673832,4234140.281796961 484957.82868039166,4234138.241996037 484958.50653053256,4234138.063335667
484958.43039601354,4234138.015043046 484957.7525458702,4234138.193703424 484957.28365862387,4234136.153902535 484957.9615089281,4234135.975242121
484958.01372422144,4234136.067183126 484957.3358739238,4234136.245843536 484956.86698646285,4234134.206042678 484957.54483692144,4234134.027382229
484957.4417433989,4234134.067239892 484956.7638929459,4234134.245900348 484956.29500522825,4234132.206099527 484956.97285583994,4234132.027439034
484957.0645082721,4234131.824936751 484956.3866576392,4234132.003597237 484955.91776970035,4234129.963796446 484956.59562049416,4234129.785135921
484958.8308646922,4234142.26152682 484958.1530148964,4234142.4401871655 484957.68412798975,4234140.400386241 484958.3619779465,4234140.221725859
484958.2595707396,4234140.301304989 484957.5817207939,4234140.479965379 484957.11283363076,4234138.440164495 484957.7906837396,4234138.261504066
484957.7513643332,4234138.202824013 484957.07351422036,4234138.381484446 484956.6046268133,4234136.341683597 484957.28247708705,4234136.163023126
484957.33577618725,4234136.226113186 484956.65792591765,4234136.404773653 484956.1890382946,4234134.364972834 484956.8668887252,4234134.186312329
484956.7858413097,4234134.17797352 484956.10799088015,4234134.356634032 484955.6391030033,4234132.316833249 484956.31695359375,4234132.138172699
484956.3121847901,4234132.074657288 484955.6343341945,4234132.253317838 484955.1654460799,4234130.213517089 484955.8432968365,4234130.034856501
484958.06472361344,4234142.561203709 484957.38687385933,4234142.739864118 484956.9179867763,4234140.700063237 484957.5958366913,4234140.52140279
484957.61067414086,4234140.50922423 484956.93282422447,4234140.687884677 484956.46393691155,4234138.648083829 484957.1417869866,4234138.469423345
484957.15670982696,4234138.361932211 484956.4788597425,4234138.540592692 484956.0099721922,4234136.5007918775 484956.6878224397,4234136.322131355
484956.6287717643,4234136.427372065 484955.95092152903,4234136.606032592 484955.48203373683,4234134.566231812 484956.1598841352,4234134.387571247
484956.1160095215,4234134.325903817 484955.43815912114,4234134.504564387 484954.9692710814,4234132.46476364 484955.6471216449,4234132.286103035
484955.6892666427,4234132.279199686 484955.0114160776,4234132.457860287 484954.5425278175,4234130.418059574 484955.22037854337,4234130.239398934
484957.3169311555,4234142.659126005 484956.63908142585,4234142.837786476 484956.1701941597,4234140.797985639 484956.84804405033,4234140.619325129
484956.94791481877,4234140.696198332 484956.2700649324,4234140.874858833 484955.80117746285,4234138.835058022 484956.47902751015,4234138.656397482
484956.41991928057,4234138.636478342 484955.7420692329,4234138.815138887 484955.2731815144,4234136.775338111 484955.95103172294,4234136.596677529
484955.97085418063,4234136.58338013 484955.2930039705,4234136.762040712 484954.8241160233,4234134.722239968 484955.50196639437,4234134.54357935
484955.39191184513,4234134.60408805 484954.7140614816,4234134.782748678 484954.2451732771,4234132.742947975 484954.9230238016,4234132.564287307
484954.9564450525,4234132.476956043 484954.27859451994,4234132.655616707 484953.80970608606,4234130.615816035 484954.4875567773,4234130.437155332
484956.66500181274,4234142.882806912 484955.9871521182,4234143.061467438 484955.5182646979,4234141.021666638 484956.1961145557,4234140.843006072
484956.1897739085,4234140.828203885 484955.5119240519,4234141.006864448 484955.0430363963,4234138.967063681 484955.72088641603,4234138.788403077
484955.7454005998,4234138.804500674 484955.0675505831,4234138.983161274 484954.59866270167,4234136.943360539 484955.2765128815,4234136.764699898
484955.21245145396,4234136.7159410445 484954.5346012736,4234136.894601689 484954.06571314036,4234134.85480099 484954.7435634839,4234134.676140307
484954.7326523316,4234134.697185857 484954.0548019901,4234134.8758465415 484953.58591362456,4234132.836045874 484954.263764127,4234132.657385152
484954.3217570011,4234132.656776916 484953.6439064996,4234132.835437633 484953.1750179157,4234130.795636998 484953.85286857816,4234130.616976242
484955.94834270043,4234143.067329225 484955.2704930346,4234143.245989812 484954.8016054462,4234141.206189051 484955.47945527296,4234141.027528427
484955.5556250503,4234141.015346851 484954.87777522096,4234141.19400747 484954.40888741816,4234139.154206739 484955.0867374085,4234138.975546082
484955.05161417986,4234139.00917481 484954.3737641931,4234139.187835471 484953.9048761504,4234137.148034773 484954.58272629813,4234136.9693740755
484954.55065752583,4234136.951734806 484953.87280737737,4234137.1303955065 484953.40391909267,4234135.090594844 484954.081769402,4234134.911934105
484954.07743406,4234134.893355641 484953.3995837491,4234135.072016378 484952.9306952294,4234133.03221575 484953.60854570114,4234132.853554972
484953.6419883215,4234132.824809176 484952.9641378466,4234133.00346995 484952.4952491007,4234130.963669351 484953.17309973657,4234130.7850085385
484955.30922847765,4234143.218975068 484954.6313788384,4234143.397635709 484954.16249109735,4234141.357834985 484954.8403408953,4234141.179174307
484954.8091883732,4234141.2779276585 484954.13133858424,4234141.456588338 484953.6624506057,4234139.416787649 484954.34030055784,4234139.238126929
484954.3004260698,4234139.163248143 484953.6225761123,4234139.341908867 484953.1536878888,4234137.302108211 484953.8315380073,4234137.123447452
484953.84298408247,4234137.122481885 484953.16513396363,4234137.301142644 484952.6962455101,4234135.261342023 484953.3740957898,4234135.082681224
484953.4079281651,4234135.075349481 484952.73007788626,4234135.254010277 484952.26118920563,4234133.214209685 484952.93903964764,4234133.035548852
484952.99126894906,4234133.040832061 484952.31341850635,4234133.21949289 484951.8445296085,4234131.179692329 484952.52238021215,4234131.00103146
484954.68795109016,4234143.27017136 484954.01010146865,4234143.448832051 484953.5412135738,4234141.409031362 484954.21906335396,4234141.230370632
484954.18266232917,4234141.329688527 484953.5048125581,4234141.508349261 484953.0359244245,4234139.468548606 484953.7137743587,4234139.289887834
484953.6823230736,4234139.369113241 484953.00447314896,4234139.547774016 484952.5355847789,4234137.507973396 484953.21343486675,4234137.3293125825
484953.1803732162,4234137.248207526 484952.5025231223,4234137.426868342 484952.03363450867,4234135.387067756 484952.71148476354,4234135.208406902
484952.7057044747,4234135.2597342925 484952.0278542243,4234135.438395145 484951.55896537914,4234133.398594594 484952.2368157905,4234133.219933702
484952.25870563707,4234133.236258079 484951.5808552289,4234133.414918969 484951.111966155,4234131.375118449 484951.78981672635,4234131.196457521
484954.03316486813,4234143.557214471 484953.3553152871,4234143.735875217 484952.88642724097,4234141.696074565 484953.5642769851,4234141.517413779
484953.5192339398,4234141.533196808 484952.84138419793,4234141.711857596 484952.3724959106,4234139.6720569795 484953.05034581345,4234139.493396152
484952.9878980251,4234139.465494309 484952.31004812126,4234139.644155142 484951.8411595837,4234137.60435456 484952.5190096484,4234137.425693691
484952.5602520555,4234137.403923709 484951.88240199035,4234137.582584577 484951.4135132268,4234135.542784027 484952.09136345517,4234135.364123121
484952.1798535185,4234135.437355824 484951.50200329436,4234135.616016721 484951.0331143266,4234133.5762161985 484951.7109647116,4234133.397555263
484951.62471130455,4234133.365592254 484950.94686091866,4234133.5442531975 484950.4779716944,4234131.504452713 484951.15582224115,4234131.32579173
484953.3193637812,4234143.773021695 484952.6415142315,4234143.951682502 484952.17262601975,4234141.911881891 484952.8504757281,4234141.733221045
484988.62522404804,4234134.238802368 484987.94737293397,4234134.417460212 484987.4784930911,4234132.37765761 484988.1563443661,4234132.198999727
484989.3030751895,4234134.060144583 484988.62522404804,4234134.238802369 484988.1563443661,4234132.198999727 484988.8341956685,4234132.020341903
484989.9809263629,4234133.881486852 484989.3030751895,4234134.060144583 484988.8341956685,4234132.020341904 484989.51204700285,4234131.841684136
484986.3583805589,4234124.569295073 484985.68052868295,4234124.747953101 484985.21164772473,4234122.708150657 484985.8894997616,4234122.529492591
484987.0362324645,4234124.390637102 484986.3583805589,4234124.569295073 484985.8894997616,4234122.5294925915 484986.5673518259,4234122.350834581
484987.71408439754,4234124.211979188 484987.0362324645,4234124.390637102 484986.5673518259,4234122.350834582 484987.2452039221,4234122.172176628
484980.2053544267,4234125.933389212 484979.5275028006,4234126.112047757 484979.058620365,4234124.07224566 484979.73647215415,4234123.893587077
484980.8832060846,4234125.754730725 484980.2053544267,4234125.933389213 484979.73647215415,4234123.893587077 484980.414323973,4234123.7149285525
484981.5610577722,4234125.576072293 484980.8832060846,4234125.754730725 484980.414323973,4234123.7149285525 484981.0921758193,4234123.536270083
484982.46964125725,4234135.635853931 484981.7917903937,4234135.814512293 484981.32290907676,4234133.774710037 484982.00076009904,4234133.596051637
484983.1474921482,4234135.457195629 484982.46964125725,4234135.635853932 484982.00076009904,4234133.596051639 484982.67861115315,4234133.417393298
484983.8253430711,4234135.278537382 484983.1474921482,4234135.45719563 484982.67861115315,4234133.417393299 484983.35646223696,4234133.238735015
484976.2738955172,4234136.746825558 484975.5960448811,4234136.9254844375 484975.1271620639,4234134.885682534 484975.8050128588,4234134.707023615
484976.9517461808,4234136.568166736 484976.2738955172,4234136.746825558 484975.8050128588,4234134.707023616 484976.4828636856,4234134.528364756
484977.62959687633,4234136.38950797 484976.9517461808,4234136.5681667365 484976.4828636856,4234134.528364756 484977.16071454197,4234134.349705951
484974.1029675658,4234127.427547098 484973.42511619505,4234127.606206154 484972.9562323065,4234125.566404402 484973.63408383814,4234125.387745308
484974.7808189663,4234127.248888099 484974.1029675658,4234127.427547099 484973.63408383814,4234125.387745309 484974.3119353995,4234125.20908627
484975.45867039415,4234127.070229156 484974.7808189663,4234127.2488881 484974.31193539954,4234125.209086271 484974.9897869883,4234125.03042729
